1.842157234511256625e-01
8.205684386302385114e-02
1.196037516847969773e-01
1.736838096193884795e-01
5.975141294099675648e-02
1.432246220048140339e-01
1.639355644309601068e-01
2.913368782954268710e-01
1.760890611562443142e-01
1.748983090116756345e-01
1.720121851771205246e-01
1.971028188651990642e-01
1.581632978246507448e-01
2.023941942366099811e-01
1.789752039279985663e-01
2.051794206741603399e-01
2.593603949429557631e-01
2.775889451515592965e-01
2.579677911927801270e-01
2.427263190273339089e-01
2.094581482588910581e-01
4.134467789140844340e-01
2.093572129874880228e-01
3.413400602508945836e-01
4.304845769781192599e-01
2.696132596768018863e-01
2.859445676526128910e-01
4.521844483490258249e-01
4.258021651193738544e-01
3.859509505007475139e-01
3.134404718147463798e-01
5.217078679290687582e-01
6.022948916124337693e-01
5.574584593208529171e-01
4.206117060821668030e-01
5.409252618650366440e-01
4.592484023713068741e-01
7.561557714162326915e-01
6.304498103045532709e-01
6.607309219670379763e-01
6.533607913091012964e-01
7.601046319291868691e-01
7.708655059670963539e-01
1.077013054084789756e+00
1.425191488441839294e+00
1.768781666694255073e+00
2.302921275615535723e+00
4.092038464231634975e+00
5.587750446087626699e+01
