6.092156373924740365e+01
1.505832082977058484e+01
1.929678195967900189e-02
9.638742812363036705e-03
1.872155671508765953e-02
9.029692985742221109e-03
1.729980449130152226e-02
8.475036374419040938e-03
1.675981024290661842e-02
8.003330099174553458e-03
1.591323027065569273e-02
7.767547655694214716e-03
1.462877371870215451e-02
7.400114681464136160e-03
1.445971460747433150e-02
6.916742282003272325e-03
1.347301444676203205e-02
6.732918738961090298e-03
1.290919089647224981e-02
6.510895511895609285e-03
1.255997888945880638e-02
6.224183282213825545e-03
1.210009312790353599e-02
5.746265823030451483e-03
1.151745687246732291e-02
5.546356938456702655e-03
1.068167074199549010e-02
5.437539491783026542e-03
1.068156037351405095e-02
5.268049896937552351e-03
1.026973288442115800e-02
4.887070169462891071e-03
9.553567317780601101e-03
4.883556337934126697e-03
9.311304742240325907e-03
4.570562719155154933e-03
8.844277535353120556e-03
4.510844118234274766e-03
8.852974721411104031e-03
4.175557241675903995e-03
8.430987509813173478e-03
4.214679581520097522e-03
8.101123396114595990e-03
3.956489144234315997e-03
7.984970843154703263e-03
3.886986917169916230e-03
7.630556068685156665e-03
3.777601415829293530e-03
7.275434645206965874e-03
