9.894175593742886576e-01
2.463975659572819887e-01
1.031679165246983496e-04
1.002932519138271839e-04
1.072280526475684716e-04
1.243558226711662801e-02
5.018120575201431149e-02
2.601644831357163151e-02
5.134654060450416502e-02
1.280107242327278155e-02
1.071145515695094989e-04
2.569135295489933732e-02
9.980161246536670139e-02
3.904048671436787660e-02
4.982316939487835966e-02
1.254888944600119662e-02
1.059111728775104396e-04
2.525233174676874692e-02
1.036194648963737058e-01
3.904973303543913393e-02
5.039057721292090897e-02
1.255570362464024717e-02
1.099161597605644334e-04
1.022374357050111096e-04
1.050551872977410268e-04
1.054568189239952407e-04
1.089649723141336080e-04
3.888943968931960621e-02
1.533007266294827142e-01
5.013231603097494798e-02
5.196039255031759119e-02
3.803132909781305887e-02
1.009322721843975978e-01
2.596808475445912603e-02
1.047050307122948708e-04
2.611178769577172931e-02
1.021992015246671881e-01
5.121207033194489361e-02
1.040470959535129553e-01
1.811354482803808064e-01
6.177144829636312950e-01
4.743391301982156083e-01
1.258934443514634571e+00
7.941300931717079070e-01
1.867168991989140547e+00
1.275302525550638277e+00
3.114960116471358287e+00
5.059658602431078123e+00
1.733196726891926431e+01
