4.794483469521373991e+03
1.194660911487745352e+03
2.804411113004948053e+00
1.849904328309078361e+00
4.570966391157398334e+00
1.843918792920746341e+00
2.742820694582091434e+00
7.107047356069027266e-01
2.015320015866797765e-02
1.163817619098737710e+00
4.721054406780575086e+00
1.665497809478632574e+00
1.886074494814619085e+00
6.892930850791494368e-01
9.388604692725522893e-01
2.288120519745880932e-01
1.865973686994595523e-02
4.599691614697391517e-01
1.868805544492686543e+00
7.043355637985629913e-01
9.485934027699700621e-01
2.374518178918397782e-01
1.892031072416472046e-02
2.343356284509936216e-01
9.109617067492649101e-01
1.166077021410319547e+00
3.743765108124579744e+00
1.649419259285447303e+00
2.769735347066444753e+00
1.607749608803871411e+00
3.641172630222355711e+00
1.660080066054754999e+00
2.738278890300888335e+00
9.438130291958817253e-01
9.381352503874174076e-01
2.306721676303978286e-01
1.875204217797108580e-02
2.030077232586643271e-02
1.916642265644362408e-02
6.891743897032082122e-01
2.806753687406589926e+00
1.176229112539936006e+00
1.872175103113365324e+00
1.146751976479143398e+00
2.833823964465256307e+00
2.109011661579858199e+00
5.617725513163495776e+00
3.210164668790451703e+00
7.541783096555523258e+00
