3.609924535107332485e+04
4.730501106826523937e+03
3.190668593574859187e+03
2.285554773373077751e+03
1.892769698302325423e+03
1.519908187417714998e+03
1.326361927740916826e+03
1.363363286019828365e+03
1.172663177260306611e+03
1.095813928961302963e+03
8.510347313007512184e+02
8.538810726299799398e+02
7.741854195310968407e+02
6.831047819392031215e+02
7.087212826664052727e+02
6.176406450745115535e+02
5.464838255513625427e+02
5.237136661533891129e+02
5.407912698342064459e+02
4.867121491978509198e+02
3.614763042443223071e+02
3.757076618018870704e+02
4.240942267210866135e+02
3.415523909696015608e+02
3.956315433412825087e+02
3.017046278908107411e+02
3.102434297312194076e+02
2.846269924746679862e+02
2.817807146160899379e+02
2.618568648120198645e+02
2.106239744312543110e+02
2.533180312362858331e+02
2.277015939797343833e+02
2.305478718383124033e+02
2.191627921393256599e+02
1.992389105999302501e+02
1.793150131928721578e+02
2.077777124403389450e+02
1.764687512019568203e+02
1.508523139454053705e+02
1.850075530423655152e+02
1.622373936443920854e+02
1.195433447731918761e+02
2.077777124403389450e+02
1.565448537948987280e+02
1.707761954848007804e+02
1.451597740959120131e+02
1.650836715029700770e+02
1.821612751837874953e+02
