2.015696838498115540e-03
8.577432017773389816e-04
1.157953403890132904e-03
7.290818030014634132e-04
6.861945730634033680e-04
6.861946312710642815e-04
5.146458861418068409e-04
6.861946312710642815e-04
5.575330578722059727e-04
6.433074013330042362e-04
9.006303735077381134e-04
6.004202878102660179e-04
7.290817447938024998e-04
6.861945730634033680e-04
5.575330578722059727e-04
7.290818030014634132e-04
7.719689747318625450e-04
7.719689747318625450e-04
6.861945148557424545e-04
6.433074595406651497e-04
9.006303735077381134e-04
6.433074013330042362e-04
8.577432017773389816e-04
8.577432017773389816e-04
9.006303735077381134e-04
7.290818030014634132e-04
3.430973156355321407e-04
6.861946312710642815e-04
1.243727747350931168e-03
6.004202296026051044e-04
7.719689747318625450e-04
1.243727747350931168e-03
1.115066232159733772e-03
8.577433181926608086e-04
8.148561464622616768e-04
1.243727747350931168e-03
2.015696605667471886e-03
1.929922378621995449e-03
1.972809433937072754e-03
2.315906807780265808e-03
2.444568322971463203e-03
2.616117009893059731e-03
3.473860211670398712e-03
4.202942363917827606e-03
5.146459676325321198e-03
6.733284331858158112e-03
9.692499414086341858e-03
1.483895815908908844e-02
3.362353518605232239e-02
8.795728683471679688e-01
