3.811269402503967285e-01
7.884570211172103882e-02
5.586856976151466370e-02
4.700846970081329346e-02
3.584847226738929749e-02
2.704014629125595093e-02
2.492289990186691284e-02
2.188213542103767395e-02
1.675018295645713806e-02
1.556467730551958084e-02
1.388643961399793625e-02
1.167880184948444366e-02
1.169052254408597946e-02
9.136745706200599670e-03
8.210326544940471649e-03
9.415555745363235474e-03
8.320083841681480408e-03
7.656948640942573547e-03
7.062923628836870193e-03
5.967014469206333160e-03
6.302872207015752792e-03
6.098391022533178329e-03
5.396615248173475266e-03
5.053377710282802582e-03
4.857067484408617020e-03
4.822160117328166962e-03
4.352907650172710419e-03
4.130727611482143402e-03
4.655273631215095520e-03
3.718725871294736862e-03
3.620902309194207191e-03
4.046046640723943710e-03
3.711706958711147308e-03
3.895448520779609680e-03
3.401241730898618698e-03
4.106987267732620239e-03
3.189038485288619995e-03
3.133281599730253220e-03
3.319475334137678146e-03
3.049838589504361153e-03
2.433384768664836884e-03
3.271609544754028320e-03
2.491160063073039055e-03
3.213901538401842117e-03
2.789995633065700531e-03
2.767358440905809402e-03
2.323474967852234840e-03
2.394989598542451859e-03
2.473432337865233421e-03
1.922644791193306446e-03
2.060673898085951805e-03
2.680085599422454834e-03
2.084159059450030327e-03
2.580750500783324242e-03
2.542629837989807129e-03
1.835945295169949532e-03
2.303588436916470528e-03
1.977371051907539368e-03
2.246410353109240532e-03
2.487239195033907890e-03
2.126956824213266373e-03
2.111705020070075989e-03
2.279000123962759972e-03
1.955740386620163918e-03
2.724030520766973495e-03
1.831243513152003288e-03
2.199483802542090416e-03
1.889592036604881287e-03
2.170559717342257500e-03
2.243519993498921394e-03
2.057692268863320351e-03
2.079963218420743942e-03
1.920534879900515079e-03
2.121315803378820419e-03
1.831816742196679115e-03
1.723211957141757011e-03
1.729291980154812336e-03
1.768260030075907707e-03
1.285706995986402035e-03
1.570803113281726837e-03
1.685323193669319153e-03
1.356923021376132965e-03
1.764131593517959118e-03
1.389103708788752556e-03
1.476949895732104778e-03
1.334078726358711720e-03
1.531535992398858070e-03
1.365387463010847569e-03
1.363069983199238777e-03
1.385847222991287708e-03
1.389677054248750210e-03
1.309423241764307022e-03
1.295317895710468292e-03
1.369790523312985897e-03
1.595159876160323620e-03
1.206599758006632328e-03
1.390823512338101864e-03
1.370363752357661724e-03
1.625023083761334419e-03
