0.000000000000000000e+00
0.000000000000000000e+00
0.000000000000000000e+00
0.000000000000000000e+00
1.557389914523810148e-04
0.000000000000000000e+00
0.000000000000000000e+00
1.557389914523810148e-04
0.000000000000000000e+00
0.000000000000000000e+00
1.557389914523810148e-04
1.557389914523810148e-04
0.000000000000000000e+00
0.000000000000000000e+00
0.000000000000000000e+00
3.114779829047620296e-04
1.557389914523810148e-04
1.557389914523810148e-04
0.000000000000000000e+00
0.000000000000000000e+00
0.000000000000000000e+00
0.000000000000000000e+00
0.000000000000000000e+00
0.000000000000000000e+00
0.000000000000000000e+00
1.557389914523810148e-04
3.114779829047620296e-04
0.000000000000000000e+00
0.000000000000000000e+00
0.000000000000000000e+00
0.000000000000000000e+00
1.557389914523810148e-04
1.557389914523810148e-04
0.000000000000000000e+00
0.000000000000000000e+00
1.557389914523810148e-04
1.557389914523810148e-04
0.000000000000000000e+00
0.000000000000000000e+00
0.000000000000000000e+00
0.000000000000000000e+00
0.000000000000000000e+00
0.000000000000000000e+00
0.000000000000000000e+00
0.000000000000000000e+00
1.557389914523810148e-04
1.557389914523810148e-04
0.000000000000000000e+00
1.557389914523810148e-04
1.557389914523810148e-04
1.557389914523810148e-04
0.000000000000000000e+00
1.557389914523810148e-04
1.557389914523810148e-04
0.000000000000000000e+00
3.114779829047620296e-04
1.557389914523810148e-04
0.000000000000000000e+00
3.114779829047620296e-04
0.000000000000000000e+00
1.557389914523810148e-04
1.557389914523810148e-04
3.114779829047620296e-04
0.000000000000000000e+00
0.000000000000000000e+00
1.557389914523810148e-04
1.557389914523810148e-04
1.557389914523810148e-04
1.557389914523810148e-04
0.000000000000000000e+00
1.557389914523810148e-04
6.229559658095240593e-04
4.672169743571430445e-04
1.557389914523810148e-04
1.557389914523810148e-04
3.114779829047620296e-04
0.000000000000000000e+00
1.557389914523810148e-04
3.114779829047620296e-04
1.557389914523810148e-04
1.557389914523810148e-04
7.786949281580746174e-04
1.557389914523810148e-04
1.557389914523810148e-04
7.786949281580746174e-04
1.557389914523810148e-04
4.672169743571430445e-04
1.557389914523810148e-04
3.114779829047620296e-04
4.672169743571430445e-04
1.090172911062836647e-03
9.344339487142860889e-04
6.229559658095240593e-04
2.024606801569461823e-03
2.803301671519875526e-03
1.557389856316149235e-03
2.803301671519875526e-03
7.631210610270500183e-03
1.853293925523757935e-02
