2.056005837284242688e+01
2.035893904100365717e+02
2.519797945893505130e+03
7.626746501142956447e+01
1.043762787461806511e+03
2.217039969568269225e+04
3.418053139415011977e-04
2.531456475778823267e-02
3.133148940099105273e-01
1.609701874423731874e-02
2.183559316755470381e-01
4.638063685851804507e+00
3.241533912276097005e-04
2.426834451359586101e-02
3.003659696236318788e-01
1.544244383432160327e-02
2.093552343467133814e-01
4.446881302539055447e+00
3.078606940916859516e-04
2.326848495911790216e-02
2.879908451317253482e-01
1.487671285836263298e-02
2.014528682975060825e-01
4.279028399602592181e+00
2.925686068390956785e-04
2.234626764147233657e-02
2.765766879500053399e-01
1.434363924810956592e-02
1.940008798487545538e-01
4.120741895790558829e+00
2.781591306836120347e-04
2.146184530725656417e-02
2.656303140914716421e-01
1.388511915998524165e-02
1.874700889160284267e-01
3.982022402197981759e+00
2.648276055605927495e-04
2.063794195300111198e-02
2.554329753426970440e-01
1.336397553642123225e-02
1.803325180329728716e-01
3.830414391992503109e+00
2.521616949554596481e-04
1.986478631209774234e-02
2.458637340778131175e-01
1.291455470375480613e-02
1.740659784486517925e-01
3.697307819347711355e+00
2.404088980261376166e-04
1.915538153150564415e-02
2.370835284622710148e-01
1.248892769029985930e-02
1.681349530209499399e-01
3.571327849648686659e+00
2.292488067838743381e-04
1.843294246401979905e-02
2.281419992665811025e-01
1.212433984778954650e-02
1.628767894003243788e-01
3.459640030792784149e+00
2.188409098805349420e-04
1.776994730732498959e-02
2.199361991970772423e-01
1.170115720299591371e-02
1.572379742000910019e-01
3.339866852153916543e+00
