1.184622084063133052e+01
1.744686879302538784e+01
8.757378043050239924e+00
1.439196884195252935e+01
3.370572195303351748e+01
1.147284394153434306e+01
9.504130998120559060e-01
7.128098310387304126e-01
8.146398208790727180e-01
3.394332271610258633e-01
2.274202762883617002e+00
1.086186319298327430e+00
1.052243098552710254e+00
7.467531097329391798e-01
9.504131372408838319e-01
6.788664543220517267e-01
3.020955930079605167e+00
1.391676317315761802e+00
2.036599732885031599e+00
1.255903023991330469e+00
8.146398208790727180e-01
9.504129993396421838e-01
3.530105558860209491e+00
1.289846353182053429e+00
1.493506325625522546e+00
1.629279701165343486e+00
1.493506402688128398e+00
7.128097495047316379e-01
4.989668986629441250e+00
1.391676317315761802e+00
2.681522836475124016e+00
1.866882896639891376e+00
1.765053035411750848e+00
1.120129750587268269e+00
5.940082076272252820e+00
2.376032778096689668e+00
2.511806192068038346e+00
2.443919490594243626e+00
2.613636243350121902e+00
1.425619590787538637e+00
7.569361810519747102e+00
3.564049378377652122e+00
4.853895497800934322e+00
4.548405705016226541e+00
4.242915730524678963e+00
2.172372543696874825e+00
1.154073012089634709e+01
4.718122164404603858e+00
6.720778828206936062e+00
6.551062083355582821e+00
6.856551973874800865e+00
4.616291815967491274e+00
1.873671428379937609e+01
8.146397975627154509e+00
1.493506277239911206e+01
1.276269040130873123e+01
1.530843997057306538e+01
7.535417587907928372e+00
4.171634935245291587e+01
1.846516795615310969e+01
4.704544908785431971e+02
4.753423304021316085e+02
1.223656875165281832e+02
7.544243555017728795e+02
6.286303880590728568e+02
1.729073014896945892e+02
