5.597893016924696319e+00
5.996647074622068629e+01
1.311670698677402243e+02
1.456985863845692952e+00
5.697581582272962208e+01
1.685119182021102517e+02
2.683921197283863913e-01
2.568896180754250302e+00
8.358497928156742418e+00
7.668346741654563647e-02
4.332615900964701616e+00
1.073568476842451602e+01
4.601007991429955646e-01
2.300504045992576074e+00
1.004553349622189273e+01
1.917086728085325986e-01
4.370957634601557729e+00
1.395639092333494879e+01
4.601007991429955646e-01
2.415529212855068053e+00
1.111910237457096073e+01
2.683921316907412202e-01
3.910856830959287933e+00
1.326623977689773071e+01
5.367842394567727826e-01
3.105680214030018593e+00
1.407141595489785324e+01
4.217590835925065229e-01
4.485982546201687349e+00
1.376468213740181845e+01
6.518094785576047379e-01
3.565781117727566230e+00
1.790558927966113956e+01
6.134677393323650918e-01
5.981310447349499348e+00
1.759885463658407900e+01
6.901512249245486119e-01
4.025881785177532812e+00
1.997604311555163648e+01
6.518095114451544214e-01
7.553320947839710975e+00
1.832734898897407305e+01
8.818598519190471441e-01
5.061108759435120064e+00
2.565061851378248647e+01
1.035226822924871559e+00
9.086990871934816028e+00
2.768273387913441042e+01
6.901512249245486119e-01
5.636235066242739400e+00
3.021328574568619985e+01
1.265277319052215743e+00
1.138749489014616323e+01
4.378625901959597400e+01
1.188593718014377520e+00
8.128447644923607385e+00
4.163912179916842149e+01
2.568896068843740110e+00
1.752217227204308614e+01
5.191470639199214077e+01
2.645579660597362714e+00
3.005991909330751355e+01
4.854063725789581696e+01
9.777141852380964337e+00
2.971484356856321796e+01
5.256651594221675339e+01
