5.167922319430750804e+02
3.002135433901394208e+03
3.998869513771463517e+03
3.265163550360788577e+03
2.061067993962629407e+04
2.723937324500436807e+04
1.320547561516005999e+02
7.417241819102063118e+02
1.018171534583254243e+03
8.100407849268208338e+02
5.220120171935043800e+03
6.743124925881863419e+03
2.602990869487910829e-03
2.324617750349402545e+00
2.092732494009181821e+01
2.397614183749873717e+01
1.030326104809993382e+02
9.778244964763413805e+01
2.212870279723861078e+00
5.634621429352533184e-01
7.499597073659456825e+00
1.063277839164230087e+01
5.967839434137677301e+01
4.390426809911986794e+01
9.131454406108860056e+00
1.275685143826876984e-02
9.114317636913609633e+00
1.740485303630960701e+01
1.371368292002437386e+02
8.363742428167499554e+01
3.907529589480216003e+00
1.165716446663895602e-02
5.776334011903837329e+00
7.181164019294820733e+00
5.521310998708123918e+01
4.985603027004126631e+01
6.667918718027839198e+00
1.171462992145817263e-02
1.350091389806670605e+01
1.097037068278899774e+01
7.538486048904934478e+01
1.192266339876291852e+02
3.375343040245383897e+00
1.166305117307924855e+00
6.908294903719217395e+00
7.301457840149972789e+00
4.445687667363719697e+01
5.735244927046437624e+01
6.812106075495915292e+00
4.517265737394432712e+00
1.370269644970587741e+01
1.775721994564861461e+01
9.521448046760332318e+01
1.079963689863651695e+02
1.654525272474521191e+00
1.145503934910522492e+00
8.785865093570244255e+00
7.099157283396975160e+00
4.845939748308339290e+01
5.073077102851815567e+01
2.561065585925367209e-03
1.184785462698129468e-02
2.033023408806096555e+01
1.098597016309552110e+01
9.841335649748431535e+01
9.390035768077315481e+01
2.553687168561721236e-03
1.156526129817585735e+00
6.717192990131453989e+00
6.509712107243155188e+00
4.932004882063115758e+01
4.735353306962058895e+01
2.461249901051923601e-03
4.531405115467927125e+00
6.848979749980665055e+00
1.568192179163616196e+01
1.018070855357245392e+02
9.955981246552174468e+01
5.541746219643578497e-01
1.709604018892991961e+00
3.957657349802348623e+00
8.714925707486488093e+00
4.634837405822663925e+01
5.139003532784954587e+01
2.216384755420315322e+00
2.247893878883819863e+00
9.044865065281237904e+00
1.968278120452315960e+01
8.723094838987495336e+01
1.079157176925321266e+02
2.797323949270301924e+00
1.129776213758907355e+00
3.501295516793050844e+00
9.025355620142576640e+00
4.106209484610717908e+01
4.637970914031682668e+01
8.999722165651736105e+00
2.244336434688697590e+00
4.632070675768653167e+00
1.565122257499349168e+01
7.675578324508104799e+01
7.518866597944173691e+01
3.295451762653894168e+00
1.707637319924364627e+00
2.269839733372533086e+00
9.486033348784330244e+00
3.831953849853537264e+01
4.266357708123772596e+01
4.421796514952434087e+00
4.487014000726794016e+00
4.491712041502361252e+00
2.231464609838318580e+01
7.454511207853946075e+01
9.070392441475799217e+01
2.246876498405625533e+00
1.133418118346821934e+00
2.901654573810818150e+00
8.405561477184170016e+00
3.164163480391284011e+01
4.414241183996585249e+01
4.455340860827338823e+00
1.196021646074111634e-02
6.911907848258119991e+00
1.100764710760549292e+01
5.436325601788113460e+01
8.189293443950926132e+01
2.827626041361648745e+00
1.267293374757205021e-02
2.868645193179203634e+00
5.628523657178366335e+00
2.602562391258686247e+01
4.338722370785818327e+01
6.824990767422498550e+00
1.233567879228025452e-02
4.609592309596539650e+00
1.123666853352478157e+01
4.752649257286231688e+01
8.712815389975401104e+01
1.668636678009780328e+00
1.127017949536290864e+00
4.059966908430148180e+00
6.652029064316379525e+00
3.184001781389743257e+01
3.825710825703051654e+01
2.583525415784523709e-03
4.613289122202423265e+00
1.122000406700126973e+01
1.578169618432887233e+01
8.172015124668747887e+01
6.877474278125744434e+01
2.212378097240373265e+00
1.128033819832327644e+00
3.962181409667935306e+00
7.137533406495109922e+00
4.072959963497825697e+01
3.802753818321287582e+01
8.820169963550812398e+00
1.235226010899050098e-02
4.602081619824129000e+00
1.320417861898734913e+01
7.933107205829858799e+01
8.030654106102781498e+01
3.284697882855626805e+00
5.582713108442878269e-01
1.749717994965440671e+00
7.284272627554783774e+00
3.446413643159234397e+01
3.846175702523961348e+01
4.483538626971998120e+00
2.247991070029528249e+00
2.288256828090280859e+00
1.527502424246879542e+01
5.862190796898222800e+01
7.117382185456484933e+01
3.270113247569587323e+00
1.745345975052498888e+00
2.802337573036825180e+00
1.118547699434446230e+01
3.354379506537036804e+01
2.744483719888468798e+01
9.141170721448437675e+00
4.506972785639565160e+00
9.370475414341584042e+00
2.948778573876817433e+01
7.632199983278327693e+01
4.011647553928165166e+01
2.764215121047014279e+00
2.308649294438715582e+00
2.835760835389229406e+00
1.339309168208916745e+01
3.811915523697109620e+01
1.892905269440652560e+01
2.195806294095646205e+00
4.551446033471327368e+00
2.282078208830302657e+00
2.422406198581515469e+01
7.481269326497925931e+01
3.444451655320847294e+01
2.211085381068012001e+00
1.674407600033330556e+00
1.680873813047989218e+00
1.131424568364748140e+01
3.159542853541658758e+01
2.235535780026689778e+01
6.573414227921353437e+00
2.324774337295867799e+00
4.501023317750957986e+00
1.961710336364951601e+01
5.487605098754151101e+01
5.419170938477986965e+01
2.253866362601813389e+00
2.814403842088044616e+00
3.914977170346727320e+00
1.193466414802364994e+01
2.798403493404351750e+01
2.873256403401134307e+01
2.200460421450439963e+00
9.177760909772757714e+00
1.132764841317151472e+01
2.642821506542502163e+01
5.993332825397290975e+01
6.163921757618795993e+01
5.466285355236262244e-01
2.246375575530649815e+00
4.049796156722611506e+00
1.226830862483444484e+01
2.930699442687615175e+01
2.807609795699900346e+01
2.642737909624213229e-03
1.184271604107249402e-02
4.597605670625373619e+00
2.175639549593587674e+01
5.896415825468091043e+01
5.061287420319186481e+01
1.120924687044610790e+00
1.230958726977858346e-02
2.855032547302920332e+00
1.139458497539876980e+01
2.490058119395241221e+01
2.416299760879524428e+01
4.549078100476807940e+00
1.259726340713018464e-02
6.766641077432401730e+00
2.455955061672583639e+01
4.030904268202134233e+01
4.454099425072812579e+01
1.673411601395608628e+00
1.143733878268200499e+00
1.733612559179797064e+00
1.109539395673030882e+01
2.267974249587213720e+01
2.063990943284258250e+01
2.233007979767995810e+00
4.507287005286830350e+00
1.686422343521241235e-02
2.006690655061719752e+01
4.883922798408850241e+01
3.609522612171867451e+01
1.697278240434738628e+00
1.135511998948172119e+00
2.265278006424276125e+00
1.347889546721529008e+01
2.696119070442130550e+01
2.012959821421535977e+01
4.375634615372796077e+00
1.243745423073274597e-02
9.101494862697734334e+00
3.371219152626110116e+01
5.859634224756198506e+01
4.272223037775707866e+01
2.229564980444186606e+00
2.235007439860845935e+00
3.401578922487209056e+00
2.066829325993059641e+01
3.022804651060192072e+01
2.689834857767591458e+01
4.546908702818156733e+00
9.173097438702376039e+00
4.642894956312868082e+00
5.023125180710229643e+01
6.154001248416832226e+01
6.844022586699423982e+01
6.701601736527072362e+00
4.552900473687452099e+00
3.987469721968313063e+00
3.790733910075738322e+01
3.006359063553752264e+01
4.067378492124918665e+01
2.255329477552438533e+01
9.195839282221713873e+00
1.132712039754522060e+01
1.052843942703725020e+02
5.574256002240652919e+01
1.011877188928817617e+02
