3.511297139016075763e-01
1.165812872432913982e+00
5.584158359723250253e-01
8.514708379181433751e-01
2.028504510117406845e+00
3.954013881368074190e-01
9.043335739983328347e-02
2.964638683238466355e-01
1.405321437054824762e-01
2.215218537776992569e-01
5.296392150285104128e-01
1.041692695799047302e-01
7.257569380216079280e-03
3.346689903878529576e-02
1.228297767710778872e-02
3.382420901837168009e-02
8.412967469098722728e-02
2.371544472367289463e-02
3.529264992881196803e-03
1.514072172851859202e-02
7.910661550248419133e-03
1.725089792364277799e-02
5.170208117796037950e-02
1.628074584800964786e-02
7.152731138117709823e-03
2.674814930642735455e-02
1.875926222186297121e-02
3.397934131791957579e-02
1.285096183612418064e-01
3.991279443120250570e-02
1.239286766426686212e-02
1.541044593386774707e-02
9.135480423522183979e-03
1.531726516390456531e-02
5.898699973750567982e-02
1.569431435912222242e-02
4.233410221104615817e-02
3.477317819861416859e-02
1.828648196710870935e-02
2.729167903933151992e-02
1.098527732133758872e-01
2.345075324830304953e-02
2.299834482912761074e-02
1.193247526393768389e-02
1.400950662599966152e-02
1.912656352132257459e-02
5.429200692142402418e-02
1.024430742715927087e-02
5.119438334375167599e-02
1.336979061465704520e-02
3.718240709743631661e-02
4.902293149789361398e-02
1.067258460597264452e-01
1.712831451647791811e-02
1.439891193236684033e-02
8.574338419796949731e-03
2.166670390126605727e-02
1.923825834690788897e-02
5.697120903926859020e-02
1.005659452056732218e-02
7.294910652841225460e-03
2.065078517258024313e-02
4.883118850707943159e-02
2.797522288970736085e-02
1.223211708787653035e-01
2.336021472207664221e-02
1.415824780843880602e-02
1.543572630747334917e-02
2.520108026258665798e-02
1.543269460306435220e-02
4.703790928509203606e-02
1.597641937400885379e-02
5.104412632132952071e-02
4.003451588799111088e-02
4.870007829744792821e-02
3.362598252595619397e-02
6.334955568517167124e-02
4.061796124709398520e-02
1.404495190916730737e-02
1.546329248805014892e-02
2.334450641061128554e-02
2.082629949506033945e-02
4.174690500634451601e-02
1.885478410938664848e-02
7.096237259183877516e-03
2.051199398021518946e-02
4.331066172523447000e-02
4.789888805098919955e-02
1.001085629768644347e-01
3.525600865786404636e-02
1.263905708723883810e-02
1.363467667304990583e-02
2.289787516808318782e-02
2.390386129662971232e-02
5.023626822500851935e-02
1.420710354214800922e-02
4.342974035999815768e-02
3.446537798354587512e-02
5.000480490520400889e-02
4.911479855279175799e-02
1.024359143625540175e-01
2.340900313719070439e-02
2.112389647781732702e-02
1.193575868822244028e-02
3.121005948188284446e-02
3.164557176299257618e-02
4.778661118493772453e-02
1.780517295855707505e-02
4.310106794716829504e-02
1.391751568331931442e-02
7.624793290691773973e-02
7.455479497853073623e-02
8.979589320103611993e-02
4.625773658538998023e-02
1.575620526759567014e-02
1.692879604407112118e-02
3.943865211218895717e-02
2.979016899893522155e-02
6.892345403172410456e-02
2.520474929042145970e-02
2.161568126179262000e-02
5.357362729552615777e-02
8.068107428549908811e-02
4.127317451350077243e-02
1.849365333543926126e-01
5.228184005712509241e-02
1.426881743837518819e-02
1.998321780205897236e-02
3.341599568349373772e-02
1.527181641580596660e-02
9.217328476830147221e-02
2.445571746211206571e-02
3.550816004219034538e-02
2.741229388296007041e-02
5.669422307654874149e-02
2.021718982787208685e-02
1.937301042807515472e-01
4.572258017600923374e-02
2.495978691804791316e-02
1.203123195342150481e-02
3.132768811385594487e-02
2.064020173526167831e-02
9.873404585207755380e-02
3.212876266613053783e-02
6.507133858565243567e-02
2.015535109973347339e-02
6.784371194514413062e-02
6.096655244864826462e-02
2.000389100390121133e-01
8.086913806032769436e-02
2.814323683144550128e-02
2.034296832484719375e-02
4.285634904952614899e-02
3.083417209218160260e-02
1.058038193342622363e-01
5.210443560484859238e-02
4.942979312323149410e-02
6.190818726006835221e-02
9.726902920970724453e-02
6.068353328953930703e-02
2.369919617441946236e-01
1.211567649688280596e-01
2.516871288552546826e-02
3.416904554130370530e-02
4.431234354503631179e-02
3.575149316478443140e-02
1.319995745317462943e-01
5.432474448163972236e-02
4.930210335711836950e-02
7.594080949234965905e-02
8.049719131992982835e-02
8.148580645087094565e-02
2.961219024065471217e-01
9.505260518305989892e-02
3.546100681463267706e-02
3.707662451206783505e-02
3.821610856245541421e-02
3.969646853446600482e-02
1.625596578322012209e-01
4.955681305401456183e-02
9.389072919946730988e-02
7.579270114437970662e-02
7.440885974906225053e-02
7.735590591696109297e-02
3.399881115778132235e-01
1.056686841290663675e-01
3.629765129273516966e-02
4.311379476919557918e-02
4.266144018344755762e-02
3.482591946367124408e-02
1.690359729996436799e-01
5.572777907376628287e-02
5.087925345658378395e-02
9.566137694918862289e-02
9.755459451103289104e-02
6.167436262820464449e-02
3.461005194963682752e-01
1.180057670011594173e-01
5.130446688090001262e-02
4.272803091067806786e-02
6.008794191841634880e-02
3.561728988853694183e-02
1.862572238755405007e-01
6.955814000607286884e-02
1.611693581953572985e-01
7.350519724600004801e-02
1.392155017310180987e-01
8.369323166978488715e-02
4.043150572538455334e-01
1.694644898202099514e-01
9.333807678598002311e-02
4.439650617454490161e-02
8.473118010812620560e-02
5.601899460675246328e-02
2.188915210157497682e-01
8.043213118022547736e-02
2.045169669973269100e-01
1.006406180500514363e-01
2.081818045301586373e-01
1.402536325991307342e-01
4.715929256279315918e-01
1.544417167206303954e-01
1.002644279088569235e-01
5.623344820558781598e-02
1.046024043138929216e-01
8.120138003709267971e-02
2.847839251580479569e-01
9.733587714632437049e-02
1.907886442081168088e-01
1.221166467296111724e-01
2.222090418069280482e-01
1.922702955688359305e-01
6.751199869617985350e-01
2.279454559821396109e-01
1.133814766714110744e-01
7.220165473651406207e-02
1.440409851457667423e-01
1.195047051728490711e-01
4.257161850247245249e-01
1.367872357470442390e-01
2.531136701292402424e-01
1.711846692940614811e-01
3.623606861746915264e-01
3.015516549640667732e-01
9.778341346061557582e-01
3.130995766176044581e-01
1.335853113928392732e-01
1.152216541160909630e-01
1.943184815195026505e-01
1.966585315432498315e-01
6.645953877919814623e-01
1.885846678947055710e-01
2.757156686446122773e-01
3.005250907353082535e-01
4.133684276328718488e-01
4.782320040567942798e-01
1.590893860145351280e+00
4.205829261372601158e-01
2.282041015942003759e-01
1.650284989719824347e-01
3.046028324460663961e-01
2.845888448232984924e-01
1.123359763471565964e+00
3.057945983652195499e-01
6.495662301774814962e-01
3.652779922732158346e-01
7.994319705644162832e-01
6.378198150463993965e-01
2.710564869347094508e+00
7.840760310283275691e-01
5.871908196347378484e-01
3.018969760553042447e-01
8.112313945753771849e-01
5.280767084237542042e-01
2.441254435379314192e+00
5.717978863698964798e-01
1.664272038926128516e+00
8.259439272337208982e-01
2.452028579829326649e+00
1.468164156872313164e+00
7.143897324836006035e+00
1.527759803126416349e+00
2.770490903940841676e+01
2.524945885334470219e+01
6.899766032319813114e+00
3.860546880853386398e+01
3.184247463982870485e+01
8.895135863851846736e+00
1.072691251213535963e+02
1.020853307867256206e+02
2.436802048572929635e+01
1.524934443895317315e+02
1.191309140072739723e+02
3.371015584767262396e+01
