2.818472103008629048e+00
6.932697130888372250e+00
7.506598572976455941e+00
3.013697003113689377e+00
1.583292660802261587e+01
8.933066057981342567e+00
1.622142149122300925e-01
3.031501772456880461e-01
5.594980291364253233e-01
1.391675352833628976e-01
1.064280249509020226e+00
5.332515647201718778e-01
2.990824775008452119e-01
3.180592150449630395e-01
6.201103510371956951e-01
1.727596936474267153e-01
1.139295697239854910e+00
7.403823459087633951e-01
2.635981261283738553e-01
3.528469699099379686e-01
7.040349907441108002e-01
2.255473975496451455e-01
1.528437725841189865e+00
8.858145819054331627e-01
3.548436043217664260e-01
4.323617644566702389e-01
8.532345637154221674e-01
1.967541101275510629e-01
1.903514357992993400e+00
8.770005040208728175e-01
3.852587561698095908e-01
4.969675580621613631e-01
1.188933270345479576e+00
3.359216454109139605e-01
2.395802425056769547e+00
1.379402845243658415e+00
7.907943104373321708e-01
6.212094291486848219e-01
1.403407702679988711e+00
4.558936660412600816e-01
3.113137037480505853e+00
1.670267513631295442e+00
9.682162258445309311e-01
9.442383234600728592e-01
1.953580546039761501e+00
5.422735283075422741e-01
4.913505357011057839e+00
2.221147234120588010e+00
1.475135544107986973e+00
1.421327164456534176e+00
3.995748527903060232e+00
1.060552640134960312e+00
8.228245399430898388e+00
3.626992214820778049e+00
3.183453949249988923e+00
2.743260891016703784e+00
1.127854787074964626e+01
2.298663937514730637e+00
1.903045450794438764e+01
8.254381631257677654e+00
3.793785345498517358e+01
1.437379339429768663e+02
4.928711429133913668e+01
5.788409705953557705e+01
1.579260489511373748e+02
7.631668103972275219e+01
