1.977921128602762124e+01
1.712630271041572030e+02
5.109227542785369565e+02
1.038623190120348561e+01
2.334213435399408638e+02
5.628061721640639234e+02
2.405579727933595979e+00
2.843612736863217361e+00
2.857001990671953706e+01
7.693504608452834681e-01
1.387839205756285210e+01
3.726127589994185030e+01
1.470076500403864284e+00
6.074990071918299428e+00
3.337619307768130739e+01
1.282250807483713562e+00
1.757929688211646990e+01
4.047808138364041497e+01
1.603719818622397320e+00
6.850520973338891650e+00
3.671380994299289569e+01
1.795151035897420311e+00
2.022280091937660984e+01
4.476714854569651436e+01
2.004649962962717247e+00
6.462755522628595983e+00
4.445708595542887309e+01
1.410475923699501921e+00
2.141237525331195002e+01
4.825201506713604260e+01
2.138293091496529907e+00
7.367541858458763748e+00
4.645966095952891095e+01
3.077401843381133872e+00
2.154455293800667803e+01
5.736628899412385607e+01
3.742012910118927227e+00
8.789347374371940802e+00
6.181270830978838404e+01
2.564501378517980434e+00
2.286630495663674623e+01
6.245955679679652661e+01
2.539223235836849835e+00
1.072817377540499173e+01
7.943534001337282291e+01
3.590302071794840622e+00
2.854983780913546809e+01
8.658556433036454791e+01
2.539223046152129459e+00
1.925901198599464337e+01
1.081388645947048275e+02
4.103202773107440748e+00
3.674469701419959478e+01
1.176813165917407531e+02
4.142943054459246710e+00
3.851802397198928674e+01
1.760927928215796214e+02
6.795929267841209764e+00
4.916916350649051992e+01
1.857702749516209906e+02
8.553172365986119630e+00
1.795353346248741957e+02
1.853046251396657738e+02
2.769661753622799338e+01
9.001129012322218159e+01
3.248969302748745349e+02
