5.265972018241882324e-01
1.125563904643058777e-01
5.342410132288932800e-02
3.557778894901275635e-02
2.570327371358871460e-02
1.945378445088863373e-02
1.592717133462429047e-02
1.351595297455787659e-02
1.202329341322183609e-02
1.169523596763610840e-02
1.161322090774774551e-02
1.115394197404384613e-02
1.120314933359622955e-02
9.923726320266723633e-03
9.021569043397903442e-03
8.283440954983234406e-03
7.889772765338420868e-03
6.938407197594642639e-03
6.593947298824787140e-03
6.085459142923355103e-03
5.560567602515220642e-03
5.642581731081008911e-03
5.002870224416255951e-03
4.477979615330696106e-03
4.313950426876544952e-03
4.363159183412790298e-03
3.739850828424096107e-03
3.920282237231731415e-03
3.854670561850070953e-03
3.461002372205257416e-03
3.362585091963410378e-03
2.772082574665546417e-03
3.132945392280817032e-03
2.886902540922164917e-03
3.083736635744571686e-03
2.690068213269114494e-03
2.329205162823200226e-03
2.263593953102827072e-03
2.296399790793657303e-03
1.968342578038573265e-03
1.738702645525336266e-03
1.771508250385522842e-03
1.410645432770252228e-03
1.787911169230937958e-03
1.509062596596777439e-03
1.492659794166684151e-03
1.295825582928955555e-03
1.410645432770252228e-03
8.529484039172530174e-04
4.264742019586265087e-04
