2.015044023173646437e+01
7.884563567440584352e-04
7.645600535656270434e-04
7.430129242595023007e-04
7.208728886487328390e-04
7.003620430509114149e-04
6.812259388749591525e-04
6.617473416127452176e-04
6.435751045478084161e-04
6.267494346662822553e-04
6.092844516941088497e-04
5.929931752131369603e-04
5.781530554388117230e-04
5.625425096464294105e-04
5.486736307095911721e-04
5.341577714739834939e-04
5.207292617538854338e-04
5.082134799671839251e-04
4.952634187079924498e-04
4.831932154373294141e-04
4.720447279756129189e-04
4.602622100929601380e-04
4.492855928228820439e-04
4.393338868471462059e-04
4.286660122735096471e-04
4.192790750491661497e-04
4.092782842673657845e-04
3.999706604590996090e-04
3.915530931267204159e-04
3.824536578643555939e-04
3.740660623455449520e-04
3.663474582492995033e-04
3.579734729420358855e-04
3.504020132083649408e-04
