2.577799582142114377e+04
6.291598312041196550e+03
4.297337598308043027e+01
2.048266717010202598e+01
4.077657407587473415e+01
1.465923611910340263e+01
1.967587701846182568e+01
1.286138254992743413e+01
3.242446806118880431e+01
1.700807800796311042e+01
3.703551800354787815e+01
1.426427259909321954e+01
1.976968013891668008e+01
1.082846495987302049e+01
2.367956183350496246e+01
1.378464035545186306e+01
3.184427089413327039e+01
1.353359519866866378e+01
2.199746734429095341e+01
1.230031557621015637e+01
2.842698603020353332e+01
1.427175690160460242e+01
2.965916431930423514e+01
1.232234379778982003e+01
1.944964279491627934e+01
1.029002872718639949e+01
2.215887164526981934e+01
8.795390914444054076e+00
1.251995492340868665e+01
6.369595694855293644e+00
1.260817950115742114e+01
8.206504861511945137e+00
2.055611166749000063e+01
9.213523752043062842e+00
1.690239382069632512e+01
8.063777526437613474e+00
1.529380898235400110e+01
8.457798647809445569e+00
1.784980781507967862e+01
6.830854133447781251e+00
9.940233919233204318e+00
5.615199028915177415e+00
1.268765474600074228e+01
7.121037858055961678e+00
1.541676695815905518e+01
8.109157454426458855e+00
1.686806024889094147e+01
1.258911681413271566e+01
3.398030661396325769e+01
