2.354486405194753437e-03
6.122122975441454630e-04
9.065802463102365946e-05
4.574747349629118781e-05
9.089382121378821345e-05
2.290053803087933418e-05
2.679197565748293116e-06
2.767745978735082627e-06
2.811663647941640241e-06
3.402489219245036971e-05
1.408810305506368445e-04
4.588047885280785736e-05
4.542248053320499686e-05
1.122228322552428685e-05
2.951091453926304028e-06
4.661479605135939082e-05
1.820870281897861106e-04
5.885964206780584421e-05
4.598998185294373271e-05
6.942796827067204051e-05
2.315182248821214710e-04
1.244566888116068219e-04
2.709816040176692684e-04
9.186637845348941719e-05
9.111632647731851380e-05
4.695883381491770527e-05
9.035174619263711528e-05
5.704736762021506271e-05
1.374332294646459711e-04
7.981366672109458250e-05
1.847841658281069543e-04
1.048190230538141208e-04
2.346720845726005017e-04
1.624095097268525741e-04
4.132719395747375601e-04
1.462202601405902954e-04
1.803376594026671312e-04
1.178065555417342006e-04
2.720677418898447735e-04
2.287558778201694736e-04
6.528722649516830769e-04
4.272364497257863966e-04
1.072309726491640957e-03
6.341245423340841243e-04
1.435671152100987313e-03
8.624909331415145158e-04
2.045825718763159481e-03
1.702153138835538204e-01
6.830430668483861156e-01
