1.632469632622438951e+02
4.013113156537686166e+01
2.022689058261818024e-02
9.981953733997539838e-03
1.918179978151084847e-02
9.150957599414514046e-03
1.779241893178417841e-02
8.799384666626048138e-03
1.726254212117871861e-02
8.229614140457666011e-03
1.617599434213239790e-02
7.902937148114833402e-03
1.554856835420862990e-02
7.518315539616838433e-03
1.450918383518184224e-02
6.963706330696193582e-03
1.370353794646670884e-02
6.668580132604530128e-03
1.311728017762063027e-02
6.291147534336834733e-03
1.262261334730805512e-02
6.088569702939941770e-03
1.179354234365779727e-02
5.691646340848880228e-03
1.145798763807663427e-02
5.583154038124567634e-03
1.078781967678018802e-02
5.176210427774742377e-03
1.040324132138806604e-02
5.055514116469312161e-03
9.977700334457212730e-03
4.738646024786899967e-03
9.700915134786719171e-03
4.672347040309453997e-03
8.943158603421602279e-03
4.381298193098012023e-03
8.598176618025194298e-03
4.392426524779224906e-03
8.452568361321896595e-03
4.143446283136545741e-03
7.992240550380176611e-03
3.942683303307678230e-03
7.742931949607840050e-03
3.740384698852932798e-03
7.373131410172107866e-03
3.747947596183926616e-03
7.252632528261469466e-03
3.505633645250060167e-03
6.832708511045231144e-03
