1.969204552206361480e+00
5.171189282790751296e-01
7.578058965983119899e-02
3.294884294536259278e-02
5.525580292954446193e-02
2.637916442429399586e-02
5.082487838339330710e-02
3.099636051257724512e-02
7.034976206490027584e-02
3.471467780442967499e-02
6.876876480222807175e-02
2.787694843567511613e-02
4.330139330518228968e-02
2.833466652574964315e-02
6.662174925572637851e-02
3.534157200815522815e-02
7.569985417416866258e-02
3.190097895051745985e-02
5.144136712873410844e-02
3.329655071669447575e-02
8.431957559556922666e-02
3.772925789351037201e-02
7.055008732373901914e-02
4.051787746233340148e-02
8.933749469376318919e-02
5.377286728386087428e-02
1.255971754435364629e-01
5.414194425136848593e-02
9.579693547484127714e-02
4.766269834934622890e-02
9.517622709737186271e-02
4.891816085481359710e-02
1.003768308598884246e-01
4.942994131152673304e-02
1.000739332231117135e-01
6.806429620993477425e-02
1.601233455585654442e-01
8.517074250738400354e-02
1.788706991624068599e-01
9.634142913619561654e-02
2.082196027260654614e-01
1.056749644475235145e-01
2.190852808838254229e-01
1.395479683160964213e-01
3.436110752132115476e-01
1.962540003000683986e-01
4.601983194399354438e-01
1.249705643369296792e+00
4.558755020508972855e+00
