1.926111903179698714e+00
4.937264495672302189e-01
7.446263183728742130e-02
3.224973383089439066e-02
5.494123943854020697e-02
2.537494641759966557e-02
4.899620170620116316e-02
2.982555611244202057e-02
6.913114634161678096e-02
3.441059927101542543e-02
6.682248031547910472e-02
2.758117718336242086e-02
4.305860303454565191e-02
2.654846169808276063e-02
6.575280302143614308e-02
3.491569941446485276e-02
7.280408005996266696e-02
3.016074481556100736e-02
5.095017851046390600e-02
3.324581014964631681e-02
7.933169326861420900e-02
3.719433999384192530e-02
6.741152512640849470e-02
3.751944680177889818e-02
8.810485776829053706e-02
5.258830271702973069e-02
1.229646378337790197e-01
5.293964522278805929e-02
8.944478304213245023e-02
4.607918439019235285e-02
9.057760022101833675e-02
4.717383049150192936e-02
9.494612609534403003e-02
4.748946958679097635e-02
9.771165614839698310e-02
6.423945788964874337e-02
1.580053461625650635e-01
8.310486609129512370e-02
1.672709841178736667e-01
8.913225738368223128e-02
1.945202396559365388e-01
1.022883871129454669e-01
2.128165540640421793e-01
1.342568702628975097e-01
3.256880781916812184e-01
1.854414982083985586e-01
4.352289033104966287e-01
7.770669002015661020e-01
2.726681819400198936e+00
