3.099196474067866802e-04
6.198392948135733604e-04
5.091537022963166237e-04
4.427423409651964903e-04
5.312908324413001537e-04
3.320567484479397535e-04
3.541938785929232836e-04
4.427423409651964903e-04
4.206052399240434170e-04
3.541938785929232836e-04
3.984681097790598869e-04
4.206052399240434170e-04
3.320567484479397535e-04
4.427423409651964903e-04
2.656454162206500769e-04
3.541938785929232836e-04
3.984681097790598869e-04
3.099196474067866802e-04
2.877825172618031502e-04
1.770969392964616418e-04
2.656454162206500769e-04
2.213711704825982451e-04
2.877825172618031502e-04
1.549598237033933401e-04
3.320567484479397535e-04
3.099196474067866802e-04
1.770969392964616418e-04
3.099196474067866802e-04
1.549598237033933401e-04
2.435082860756665468e-04
1.770969392964616418e-04
6.641135405516251922e-05
1.992340548895299435e-04
2.656454162206500769e-04
2.877825172618031502e-04
2.435082860756665468e-04
3.541938785929232836e-04
2.656454162206500769e-04
3.541938785929232836e-04
2.656454162206500769e-04
3.763309796340763569e-04
3.984681097790598869e-04
2.213711704825982451e-04
2.877825172618031502e-04
1.770969392964616418e-04
1.992340548895299435e-04
2.435082860756665468e-04
3.320567484479397535e-04
4.206052399240434170e-04
4.427423409651964903e-04
4.427423409651964903e-04
2.656454162206500769e-04
4.427423409651964903e-04
5.534279043786227703e-04
6.198392948135733604e-04
4.648794711101800203e-04
2.877825172618031502e-04
4.206052399240434170e-04
5.755650345236063004e-04
4.870165721513330936e-04
5.534279043786227703e-04
5.312908324413001537e-04
3.541938785929232836e-04
3.541938785929232836e-04
3.984681097790598869e-04
4.206052399240434170e-04
4.427423409651964903e-04
5.977021646685898304e-04
5.534279043786227703e-04
5.091537022963166237e-04
4.870165721513330936e-04
5.534279043786227703e-04
6.862506270408630371e-04
5.977021646685898304e-04
6.419764249585568905e-04
6.419764249585568905e-04
8.190733497031033039e-04
6.198392948135733604e-04
7.969362195581197739e-04
1.062581664882600307e-03
9.740331443026661873e-04
8.633475517854094505e-04
1.261815661564469337e-03
1.416775514371693134e-03
1.682420959696173668e-03
1.903792144730687141e-03
1.837380696088075638e-03
1.793106552213430405e-03
1.815243624150753021e-03
2.745002508163452148e-03
2.944236621260643005e-03
3.541938727721571922e-03
3.918269649147987366e-03
5.733513273298740387e-03
6.220529787242412567e-03
8.212870918214321136e-03
1.071436516940593719e-02
1.748832315206527710e-02
3.628273680806159973e-02
