4.424053728580474854e-01
2.286855876445770264e-01
8.681519329547882080e-02
4.320444166660308838e-02
2.938985638320446014e-02
1.835172995924949646e-02
1.462720893323421478e-02
1.069953292608261108e-02
8.261664770543575287e-03
7.787634618580341339e-03
6.433263421058654785e-03
6.162389181554317474e-03
4.943455103784799576e-03
4.875736311078071594e-03
3.385927993804216385e-03
4.604862071573734283e-03
2.844179514795541763e-03
3.792239353060722351e-03
2.573305275291204453e-03
3.115053754299879074e-03
2.979616634547710419e-03
2.166993916034698486e-03
2.844179514795541763e-03
2.370149595662951469e-03
3.047335194423794746e-03
1.760682556778192520e-03
2.099275356158614159e-03
1.896119676530361176e-03
1.963838236406445503e-03
1.692963996902108192e-03
1.557526877149939537e-03
1.625245437026023865e-03
1.625245437026023865e-03
1.557526877149939537e-03
1.354371197521686554e-03
1.015778398141264915e-03
1.557526877149939537e-03
1.218934077769517899e-03
1.354371197521686554e-03
6.771855987608432770e-04
1.354371197521686554e-03
8.126227185130119324e-04
1.354371197521686554e-03
1.422089757397770882e-03
6.771855987608432770e-04
9.480598382651805878e-04
6.771855987608432770e-04
9.480598382651805878e-04
1.286652637645602226e-03
6.771855987608432770e-04
7.449041586369276047e-04
3.385927993804216385e-04
6.094670388847589493e-04
6.094670388847589493e-04
6.094670388847589493e-04
6.094670388847589493e-04
6.094670388847589493e-04
8.126227185130119324e-04
8.126227185130119324e-04
8.126227185130119324e-04
4.740299191325902939e-04
7.449041586369276047e-04
3.385927993804216385e-04
4.063113592565059662e-04
5.417484790086746216e-04
4.063113592565059662e-04
6.771855987608432770e-04
4.063113592565059662e-04
4.740299191325902939e-04
5.417484790086746216e-04
4.740299191325902939e-04
6.771855987608432770e-04
6.771855987608432770e-04
4.740299191325902939e-04
4.063113592565059662e-04
4.740299191325902939e-04
4.063113592565059662e-04
4.740299191325902939e-04
6.771855987608432770e-05
2.708742395043373108e-04
1.354371197521686554e-04
3.385927993804216385e-04
2.031556796282529831e-04
2.708742395043373108e-04
2.708742395043373108e-04
4.740299191325902939e-04
2.031556796282529831e-04
1.354371197521686554e-04
2.031556796282529831e-04
3.385927993804216385e-04
2.031556796282529831e-04
1.354371197521686554e-04
4.063113592565059662e-04
4.063113592565059662e-04
6.771855987608432770e-05
1.354371197521686554e-04
2.031556796282529831e-04
4.063113592565059662e-04
0.000000000000000000e+00
0.000000000000000000e+00
