3.575615584850311279e-01
1.172332912683486938e-01
5.978897958993911743e-02
3.868698701262474060e-02
3.165299072861671448e-02
2.579132467508316040e-02
1.758499443531036377e-02
1.875732652842998505e-02
1.172332931309938431e-02
8.206330239772796631e-03
7.033997680991888046e-03
4.689331632107496262e-03
8.206330239772796631e-03
7.033997680991888046e-03
8.206330239772796631e-03
1.172332931309938431e-02
8.206330239772796631e-03
3.516998840495944023e-03
1.172332908026874065e-03
3.516998840495944023e-03
1.172332908026874065e-03
7.033997680991888046e-03
4.689331632107496262e-03
3.516998840495944023e-03
3.516998840495944023e-03
2.344665816053748131e-03
4.689331632107496262e-03
2.344665816053748131e-03
4.689331632107496262e-03
4.689331632107496262e-03
9.378663264214992523e-03
5.861664656549692154e-03
5.861664656549692154e-03
2.344665816053748131e-03
3.516998840495944023e-03
2.344665816053748131e-03
2.344665816053748131e-03
2.344665816053748131e-03
4.689331632107496262e-03
4.689331632107496262e-03
4.689331632107496262e-03
3.516998840495944023e-03
2.344665816053748131e-03
5.861664656549692154e-03
1.172332908026874065e-03
4.689331632107496262e-03
2.344665816053748131e-03
5.861664656549692154e-03
4.689331632107496262e-03
2.344665816053748131e-03
2.344665816053748131e-03
4.689331632107496262e-03
3.516998840495944023e-03
1.172332908026874065e-03
3.516998840495944023e-03
3.516998840495944023e-03
2.344665816053748131e-03
5.861664656549692154e-03
0.000000000000000000e+00
3.516998840495944023e-03
3.516998840495944023e-03
1.172332908026874065e-03
7.033997680991888046e-03
3.516998840495944023e-03
0.000000000000000000e+00
3.516998840495944023e-03
4.689331632107496262e-03
3.516998840495944023e-03
2.344665816053748131e-03
2.344665816053748131e-03
3.516998840495944023e-03
2.344665816053748131e-03
0.000000000000000000e+00
3.516998840495944023e-03
1.172332908026874065e-03
3.516998840495944023e-03
3.516998840495944023e-03
1.172332908026874065e-03
0.000000000000000000e+00
5.861664656549692154e-03
4.689331632107496262e-03
2.344665816053748131e-03
0.000000000000000000e+00
3.516998840495944023e-03
0.000000000000000000e+00
0.000000000000000000e+00
3.516998840495944023e-03
0.000000000000000000e+00
1.172332908026874065e-03
2.344665816053748131e-03
4.689331632107496262e-03
1.172332908026874065e-03
2.344665816053748131e-03
4.689331632107496262e-03
1.172332908026874065e-03
1.172332908026874065e-03
3.516998840495944023e-03
1.172332908026874065e-03
1.172332908026874065e-03
4.689331632107496262e-03
