2.138580020982772112e-04
1.900960050988942385e-04
3.326679870951920748e-04
2.613819960970431566e-04
1.663339935475960374e-04
3.326679870951920748e-04
3.564299840945750475e-04
2.376199990976601839e-04
2.613819960970431566e-04
2.138580020982772112e-04
3.326679870951920748e-04
2.851439930964261293e-04
2.376199990976601839e-04
2.138580020982772112e-04
1.663339935475960374e-04
7.128599827410653234e-05
1.900960050988942385e-04
2.376199990976601839e-04
9.504800254944711924e-05
7.128599827410653234e-05
1.900960050988942385e-04
2.613819960970431566e-04
9.504800254944711924e-05
1.900960050988942385e-04
1.900960050988942385e-04
9.504800254944711924e-05
2.613819960970431566e-04
2.138580020982772112e-04
1.425719965482130647e-04
2.138580020982772112e-04
1.188099995488300920e-04
1.663339935475960374e-04
1.425719965482130647e-04
9.504800254944711924e-05
2.138580020982772112e-04
3.089059900958091021e-04
2.138580020982772112e-04
2.613819960970431566e-04
4.752400127472355962e-05
3.326679870951920748e-04
2.851439930964261293e-04
1.663339935475960374e-04
1.900960050988942385e-04
1.663339935475960374e-04
2.851439930964261293e-04
2.138580020982772112e-04
1.900960050988942385e-04
2.138580020982772112e-04
2.851439930964261293e-04
2.613819960970431566e-04
1.900960050988942385e-04
1.425719965482130647e-04
2.138580020982772112e-04
2.851439930964261293e-04
2.138580020982772112e-04
3.089059900958091021e-04
3.089059900958091021e-04
2.613819960970431566e-04
3.801920101977884769e-04
1.900960050988942385e-04
3.326679870951920748e-04
3.564299840945750475e-04
4.039540071971714497e-04
3.564299840945750475e-04
4.277160041965544224e-04
5.227639921940863132e-04
3.801920101977884769e-04
4.514780011959373951e-04
4.277160041965544224e-04
3.564299840945750475e-04
6.653359741903841496e-04
4.752399981953203678e-04
4.990019951947033405e-04
6.415739771910011768e-04
3.801920101977884769e-04
5.465259891934692860e-04
6.890979711897671223e-04
6.890979711897671223e-04
8.316700113937258720e-04
6.178119801916182041e-04
8.554320083931088448e-04
8.554320083931088448e-04
8.791940053924918175e-04
1.140575972385704517e-03
1.378195942379534245e-03
1.425719936378300190e-03
1.306909951381385326e-03
1.497006043791770935e-03
1.663340022787451744e-03
2.233627950772643089e-03
2.732629887759685516e-03
2.898963866755366325e-03
3.516776021569967270e-03
3.920729737728834152e-03
5.750403739511966705e-03
7.199885789304971695e-03
1.062161382287740707e-02
1.639577932655811310e-02
3.188860416412353516e-02
