4.437708258628845215e-01
1.202384531497955322e-01
6.244316324591636658e-02
3.536425158381462097e-02
2.536122128367424011e-02
2.162271365523338318e-02
1.586339250206947327e-02
1.303425244987010956e-02
1.212488673627376556e-02
1.060927566140890121e-02
1.263009011745452881e-02
8.689502254128456116e-03
9.800950065255165100e-03
8.285338990390300751e-03
9.699909016489982605e-03
8.891583420336246490e-03
6.769728381186723709e-03
7.477013394236564636e-03
5.759321153163909912e-03
7.881175726652145386e-03
6.466606166213750839e-03
6.466606166213750839e-03
6.668687332421541214e-03
7.072850130498409271e-03
6.163483951240777969e-03
5.355158355087041855e-03
5.254117306321859360e-03
5.961402319371700287e-03
4.445791710168123245e-03
4.748913925141096115e-03
3.435384482145309448e-03
3.637465881183743477e-03
4.243710078299045563e-03
3.435384482145309448e-03
3.233303083106875420e-03
3.435384482145309448e-03
2.728099469095468521e-03
2.627058653160929680e-03
2.627058653160929680e-03
1.414570026099681854e-03
2.020814456045627594e-03
2.424977254122495651e-03
2.323936438187956810e-03
2.424977254122495651e-03
1.616651541553437710e-03
2.323936438187956810e-03
1.616651541553437710e-03
2.121855039149522781e-03
1.212488627061247826e-03
1.616651541553437710e-03
1.515610842034220695e-03
2.020814456045627594e-03
1.818732940591871738e-03
1.414570026099681854e-03
2.323936438187956810e-03
1.717692241072654724e-03
1.313529326580464840e-03
1.010407228022813797e-03
1.111447927542030811e-03
8.083257707767188549e-04
8.083257707767188549e-04
1.111447927542030811e-03
7.072850130498409271e-04
1.313529326580464840e-03
1.212488627061247826e-03
1.010407228022813797e-03
1.313529326580464840e-03
1.111447927542030811e-03
1.616651541553437710e-03
8.083257707767188549e-04
1.515610842034220695e-03
9.093664702959358692e-04
1.010407228022813797e-03
1.212488627061247826e-03
6.062443135306239128e-04
7.072850130498409271e-04
9.093664702959358692e-04
5.052036140114068985e-04
8.083257707767188549e-04
8.083257707767188549e-04
7.072850130498409271e-04
8.083257707767188549e-04
1.111447927542030811e-03
8.083257707767188549e-04
9.093664702959358692e-04
4.041628853883594275e-04
1.111447927542030811e-03
3.031221567653119564e-04
4.041628853883594275e-04
4.041628853883594275e-04
2.020814426941797137e-04
1.010407213470898569e-04
3.031221567653119564e-04
0.000000000000000000e+00
2.020814426941797137e-04
5.052036140114068985e-04
1.010407213470898569e-04
1.010407213470898569e-04
5.052036140114068985e-04
