1.338807633146643639e-04
4.462691867956891656e-05
8.925383735913783312e-05
4.462691867956891656e-05
8.925383735913783312e-05
8.925383735913783312e-05
0.000000000000000000e+00
8.925383735913783312e-05
0.000000000000000000e+00
0.000000000000000000e+00
4.462691867956891656e-05
4.462691867956891656e-05
0.000000000000000000e+00
8.925383735913783312e-05
0.000000000000000000e+00
1.338807633146643639e-04
0.000000000000000000e+00
0.000000000000000000e+00
0.000000000000000000e+00
4.462691867956891656e-05
4.462691867956891656e-05
4.462691867956891656e-05
4.462691867956891656e-05
0.000000000000000000e+00
4.462691867956891656e-05
0.000000000000000000e+00
0.000000000000000000e+00
8.925383735913783312e-05
0.000000000000000000e+00
0.000000000000000000e+00
0.000000000000000000e+00
1.338807633146643639e-04
4.462691867956891656e-05
0.000000000000000000e+00
0.000000000000000000e+00
0.000000000000000000e+00
4.462691867956891656e-05
0.000000000000000000e+00
8.925383735913783312e-05
0.000000000000000000e+00
0.000000000000000000e+00
0.000000000000000000e+00
4.462691867956891656e-05
0.000000000000000000e+00
0.000000000000000000e+00
0.000000000000000000e+00
0.000000000000000000e+00
4.462691867956891656e-05
4.462691867956891656e-05
0.000000000000000000e+00
0.000000000000000000e+00
4.462691867956891656e-05
0.000000000000000000e+00
8.925383735913783312e-05
8.925383735913783312e-05
4.462691867956891656e-05
0.000000000000000000e+00
4.462691867956891656e-05
4.462691867956891656e-05
8.925383735913783312e-05
0.000000000000000000e+00
4.462691867956891656e-05
8.925383735913783312e-05
4.462691867956891656e-05
8.925383735913783312e-05
0.000000000000000000e+00
8.925383735913783312e-05
8.925383735913783312e-05
4.462691867956891656e-05
1.338807633146643639e-04
4.462691867956891656e-05
8.925383735913783312e-05
8.925383735913783312e-05
8.925383735913783312e-05
8.925383735913783312e-05
8.925383735913783312e-05
8.925383735913783312e-05
2.231346006738021970e-04
8.925383735913783312e-05
2.677615266293287277e-04
1.785076747182756662e-04
1.785076747182756662e-04
1.785076747182756662e-04
2.677615266293287277e-04
1.338807633146643639e-04
1.785076747182756662e-04
4.462692013476043940e-04
4.462692013476043940e-04
5.801499355584383011e-04
2.677615266293287277e-04
2.231346006738021970e-04
5.355230532586574554e-04
6.247768760658800602e-04
1.115672988817095757e-03
1.071046106517314911e-03
1.740449806675314903e-03
2.900749677792191505e-03
4.864334128797054291e-03
9.639414958655834198e-03
