4.893617033958435059e-01
1.914893686771392822e-01
5.851063877344131470e-02
3.723404183983802795e-02
2.659574523568153381e-02
2.021276578307151794e-02
9.574468247592449188e-03
3.191489260643720627e-03
1.382978726178407669e-02
3.191489260643720627e-03
6.382978521287441254e-03
7.446808740496635437e-03
7.446808740496635437e-03
2.127659507095813751e-03
7.446808740496635437e-03
4.255319014191627502e-03
3.191489260643720627e-03
4.255319014191627502e-03
2.127659507095813751e-03
6.382978521287441254e-03
3.191489260643720627e-03
2.127659507095813751e-03
1.063829753547906876e-03
4.255319014191627502e-03
3.191489260643720627e-03
3.191489260643720627e-03
1.063829753547906876e-03
3.191489260643720627e-03
1.063829753547906876e-03
6.382978521287441254e-03
4.255319014191627502e-03
1.063829753547906876e-03
1.063829753547906876e-03
2.127659507095813751e-03
1.063829753547906876e-03
5.319148767739534378e-03
1.063829753547906876e-03
1.063829753547906876e-03
3.191489260643720627e-03
2.127659507095813751e-03
2.127659507095813751e-03
0.000000000000000000e+00
0.000000000000000000e+00
1.063829753547906876e-03
0.000000000000000000e+00
2.127659507095813751e-03
0.000000000000000000e+00
2.127659507095813751e-03
1.063829753547906876e-03
2.127659507095813751e-03
2.127659507095813751e-03
0.000000000000000000e+00
1.063829753547906876e-03
1.063829753547906876e-03
1.063829753547906876e-03
1.063829753547906876e-03
0.000000000000000000e+00
0.000000000000000000e+00
1.063829753547906876e-03
0.000000000000000000e+00
0.000000000000000000e+00
1.063829753547906876e-03
1.063829753547906876e-03
0.000000000000000000e+00
2.127659507095813751e-03
0.000000000000000000e+00
0.000000000000000000e+00
5.319148767739534378e-03
1.063829753547906876e-03
0.000000000000000000e+00
1.063829753547906876e-03
2.127659507095813751e-03
1.063829753547906876e-03
0.000000000000000000e+00
0.000000000000000000e+00
1.063829753547906876e-03
2.127659507095813751e-03
0.000000000000000000e+00
0.000000000000000000e+00
1.063829753547906876e-03
0.000000000000000000e+00
0.000000000000000000e+00
1.063829753547906876e-03
0.000000000000000000e+00
0.000000000000000000e+00
1.063829753547906876e-03
1.063829753547906876e-03
0.000000000000000000e+00
1.063829753547906876e-03
0.000000000000000000e+00
0.000000000000000000e+00
0.000000000000000000e+00
0.000000000000000000e+00
0.000000000000000000e+00
0.000000000000000000e+00
1.063829753547906876e-03
0.000000000000000000e+00
0.000000000000000000e+00
0.000000000000000000e+00
