4.306404590606689453e-01
1.280897110700607300e-01
6.390270590782165527e-02
3.954828903079032898e-02
2.673931978642940521e-02
2.084814012050628662e-02
1.642580702900886536e-02
1.340914517641067505e-02
1.170338783413171768e-02
1.061359886080026627e-02
8.465608581900596619e-03
8.070757612586021423e-03
7.375819142907857895e-03
7.202084641903638840e-03
7.170496508479118347e-03
6.949380040168762207e-03
6.791439838707447052e-03
6.191265769302845001e-03
5.954355001449584961e-03
5.938561167567968369e-03
6.001737434417009354e-03
5.543710198253393173e-03
5.906973034143447876e-03
5.733238533139228821e-03
4.864566028118133545e-03
5.133064929395914078e-03
5.006712395697832108e-03
5.164653062820434570e-03
4.280186258256435394e-03
4.217009991407394409e-03
4.469715058803558350e-03
4.264392424374818802e-03
4.248598124831914902e-03
3.822159022092819214e-03
3.474690020084381104e-03
3.174603218212723732e-03
3.095632884651422501e-03
2.906104316934943199e-03
2.906104316934943199e-03
2.637605648487806320e-03
2.590223448351025581e-03
2.542841248214244843e-03
2.700781915336847305e-03
2.463871147483587265e-03
2.479665214195847511e-03
2.337518846616148949e-03
1.832109293900430202e-03
2.116402145475149155e-03
1.958461711183190346e-03
1.847903360612690449e-03
1.847903360612690449e-03
2.132196212187409401e-03
1.942667644470930099e-03
1.626786659471690655e-03
1.832109293900430202e-03
1.389876008033752441e-03
1.879491377621889114e-03
1.547816442325711250e-03
1.547816442325711250e-03
1.626786659471690655e-03
1.405670074746012688e-03
1.547816442325711250e-03
1.532022375613451004e-03
1.532022375613451004e-03
1.500434358604252338e-03
1.421464141458272934e-03
1.547816442325711250e-03
1.247729640454053879e-03
1.216141507029533386e-03
1.484640291891992092e-03
1.216141507029533386e-03
1.137171289883553982e-03
1.279317657463252544e-03
1.137171289883553982e-03
9.160546469502151012e-04
8.844665717333555222e-04
9.792308555915951729e-04
1.042407006025314331e-03
9.160546469502151012e-04
1.089789206162095070e-03
9.476427221670746803e-04
1.042407006025314331e-03
9.002605802379548550e-04
9.002605802379548550e-04
1.010818872600793839e-03
7.897022878751158714e-04
8.054963545873761177e-04
9.002605802379548550e-04
8.370844298042356968e-04
8.686725050210952759e-04
9.634367888793349266e-04
7.581142126582562923e-04
9.792308555915951729e-04
8.528784383088350296e-04
7.265260792337357998e-04
7.423201459459960461e-04
6.949380040168762207e-04
4.896154277957975864e-04
3.632630396168678999e-04
