5.023866295814514160e-01
1.241050139069557190e-01
5.966586992144584656e-02
4.892601445317268372e-02
2.028639614582061768e-02
2.147971279919147491e-02
1.431980915367603302e-02
5.966586992144584656e-03
9.546539746224880219e-03
9.546539746224880219e-03
2.386634936556220055e-03
5.966586992144584656e-03
5.966586992144584656e-03
3.579952288419008255e-03
9.546539746224880219e-03
5.966586992144584656e-03
1.193317468278110027e-03
0.000000000000000000e+00
2.386634936556220055e-03
2.386634936556220055e-03
4.773269873112440109e-03
2.386634936556220055e-03
3.579952288419008255e-03
3.579952288419008255e-03
5.966586992144584656e-03
3.579952288419008255e-03
1.193317468278110027e-03
1.193317468278110027e-03
0.000000000000000000e+00
4.773269873112440109e-03
4.773269873112440109e-03
2.386634936556220055e-03
1.193317468278110027e-03
3.579952288419008255e-03
2.386634936556220055e-03
2.386634936556220055e-03
4.773269873112440109e-03
3.579952288419008255e-03
1.193317468278110027e-03
2.386634936556220055e-03
0.000000000000000000e+00
2.386634936556220055e-03
2.386634936556220055e-03
2.386634936556220055e-03
0.000000000000000000e+00
0.000000000000000000e+00
1.193317468278110027e-03
2.386634936556220055e-03
1.193317468278110027e-03
1.193317468278110027e-03
0.000000000000000000e+00
1.193317468278110027e-03
1.193317468278110027e-03
1.193317468278110027e-03
2.386634936556220055e-03
0.000000000000000000e+00
0.000000000000000000e+00
1.193317468278110027e-03
2.386634936556220055e-03
0.000000000000000000e+00
3.579952288419008255e-03
1.193317468278110027e-03
2.386634936556220055e-03
1.193317468278110027e-03
1.193317468278110027e-03
1.193317468278110027e-03
1.193317468278110027e-03
1.193317468278110027e-03
1.193317468278110027e-03
1.193317468278110027e-03
1.193317468278110027e-03
2.386634936556220055e-03
0.000000000000000000e+00
2.386634936556220055e-03
2.386634936556220055e-03
1.193317468278110027e-03
0.000000000000000000e+00
1.193317468278110027e-03
0.000000000000000000e+00
2.386634936556220055e-03
2.386634936556220055e-03
2.386634936556220055e-03
1.193317468278110027e-03
1.193317468278110027e-03
1.193317468278110027e-03
2.386634936556220055e-03
0.000000000000000000e+00
0.000000000000000000e+00
0.000000000000000000e+00
3.579952288419008255e-03
3.579952288419008255e-03
1.193317468278110027e-03
1.193317468278110027e-03
0.000000000000000000e+00
2.386634936556220055e-03
0.000000000000000000e+00
1.193317468278110027e-03
1.193317468278110027e-03
4.773269873112440109e-03
