3.999162373891085309e-01
1.031918932011543222e-01
2.116275392748284689e-02
1.018137002785153220e-02
1.930024309623429302e-02
8.124154663158911216e-03
1.321473449090996080e-02
9.532731035903747874e-03
2.391509465956984104e-02
1.224783259347803771e-02
2.548942622324713858e-02
1.310530708609165471e-02
2.718009780963782582e-02
1.274790507076889456e-02
2.423772041995627541e-02
1.295171830435084409e-02
2.736211538397883072e-02
1.325308589788751906e-02
2.661692592263503396e-02
1.830334988266849386e-02
4.437357959793611362e-02
2.094349722945497427e-02
4.049742492310480502e-02
2.203104421219011927e-02
4.570441493959973012e-02
2.260124134756954367e-02
4.344861546696993093e-02
2.449782487536648901e-02
5.296825938844500897e-02
2.511107100626409905e-02
4.757705785149777405e-02
3.324772221464453170e-02
8.885113908350136813e-02
4.050784276560104313e-02
7.823172395775751520e-02
4.668441428843313201e-02
1.038841777854417059e-01
5.564658267028277372e-02
1.114370955597846630e-01
8.501695934026698431e-02
2.362162559958481400e-01
1.271617997521693189e-01
2.860410633063613095e-01
1.843198273920823860e-01
4.346500257459443017e-01
3.412256122567567940e-01
9.323200428292662822e-01
3.091766330562462084e+00
1.131645424656892196e+01
