6.299161675361350717e+03
1.586076184083658063e+03
3.895823465849672829e+01
1.673131696901134191e+01
2.814417173807302319e+01
1.197763873090514153e+01
2.011849914515291005e+01
1.013604991182134896e+01
1.991123768974193808e+01
1.390773455179696860e+01
3.572524425798324899e+01
1.609123767047593745e+01
2.821912167702374674e+01
1.442054115211224108e+01
2.914620505206221779e+01
1.117973035133669413e+01
1.553454204204345324e+01
9.816976874841177647e+00
2.443825835446355654e+01
8.208262542213278223e+00
8.776272345804850161e+00
7.767712956701922522e+00
2.214466429224228605e+01
1.024545945694014826e+01
1.954571164905742009e+01
8.224961372261004655e+00
1.310492583026011637e+01
7.102933576904770341e+00
1.569745322504645380e+01
9.850377684421680158e+00
2.445031012025241779e+01
8.671608179304506336e+00
1.122814187785212958e+01
9.165109582069591809e+00
2.692303216932801391e+01
1.005139614898786071e+01
1.302773920140641373e+01
8.446762883596699467e+00
1.968096802737965234e+01
8.428740955545865887e+00
1.340847604537060889e+01
9.590984163596470324e+00
2.375253792264275177e+01
1.269046751051864241e+01
2.704590273997607497e+01
1.093675149570584892e+01
1.753015854665256512e+01
1.386382257870663715e+01
3.810816419549264822e+01
