2.275791406789992311e-01
5.765933202849107819e-02
4.533762436698935902e-03
2.278196131986217655e-03
4.669056039553586522e-03
7.882984840251943542e-03
2.786003561418064906e-02
1.516845845291760891e-02
3.228173971412377080e-02
9.394301333610372701e-03
4.669298323714882702e-03
9.184608537966770445e-03
3.260993453468746806e-02
9.136967769660674782e-03
4.589408696857264283e-03
7.853957870963417659e-03
2.703174742745548600e-02
1.385157893798297929e-02
2.755715130784128220e-02
1.022950337779709486e-02
1.366949528649343860e-02
9.060826531706525286e-03
2.255639496788746506e-02
1.643144526852099302e-02
4.118787428153854874e-02
1.801202315631096618e-02
3.253644536070753046e-02
1.582475621320489356e-02
3.166548067362225105e-02
2.243463227763806481e-02
5.887926562177326489e-02
2.339455204185104248e-02
3.167374679784033809e-02
3.262976221404534360e-02
1.013933080554372951e-01
5.803946829806432006e-02
1.343562077843813984e-01
6.391760874778594503e-02
1.218820159195691949e-01
7.181526100898519283e-02
1.586457803506967079e-01
8.285769269225949640e-02
1.774899922568577426e-01
1.493536992424621401e-01
4.269157928675382241e-01
3.729509915220892147e-01
1.047947459488987043e+00
1.774980961478762609e+01
6.804917270259088014e+01
