8.067153991819636660e-01
3.882945452296299171e-01
3.682103299898380477e-01
3.949892553689258734e-01
3.514735263676300736e-01
3.514734980936621289e-01
3.749050684031020042e-01
3.715577133334539983e-01
3.313892828538702040e-01
4.083787321954537863e-01
4.987576583635652816e-01
5.054523685028612379e-01
4.619365829536295487e-01
5.824418178444448202e-01
5.355786772255650696e-01
6.293049019153886814e-01
6.226101917760926696e-01
4.887155366066853746e-01
5.121470786421572496e-01
6.058733598799167508e-01
5.489681540520929826e-01
5.456207424345090873e-01
6.159154816367966578e-01
5.958312381230368437e-01
6.125681265671486520e-01
6.694733323949724202e-01
6.493891454291484955e-01
6.627786222556764084e-01
7.196838846314360660e-01
7.598522585630839155e-01
7.765890904592598343e-01
9.774310732133707491e-01
8.736627267666672303e-01
8.736626702187313409e-01
9.473048210386029178e-01
9.740836615957867428e-01
1.054420522554954331e+00
9.975153167271305632e-01
1.051073110937370325e+00
1.322209832893768811e+00
1.419283525749112318e+00
1.509662395369287813e+00
1.864483276806566003e+00
2.048588314568628999e+00
2.560735280114914136e+00
3.179998286465167023e+00
4.358271568624392245e+00
6.423596715089197495e+00
1.153502526665801753e+01
