2.757878778903391937e-03
1.016060559388934532e-03
9.192929263011305734e-04
7.741413589645695491e-04
4.838383714225162765e-04
7.257575424206675696e-04
7.741413589645695491e-04
5.322222173926320545e-04
5.806060339365340340e-04
8.225251755084716371e-04
7.257575424206675696e-04
6.773737258767655901e-04
8.225251755084716371e-04
8.709089920523736166e-04
7.741414178169970378e-04
3.386868629383827951e-04
5.806060339365340340e-04
6.773736670243381015e-04
7.257576012730950583e-04
6.773736670243381015e-04
7.741414178169970378e-04
7.257575424206675696e-04
1.161212067873068068e-03
6.773737258767655901e-04
1.064444317080409132e-03
8.225251755084716371e-04
9.192928085962755961e-04
1.161212067873068068e-03
8.709089920523736166e-04
1.257979818665727221e-03
1.548282717929139098e-03
1.354747334048676203e-03
2.032121118777869065e-03
1.693434344118127611e-03
2.032121354187579020e-03
2.370807893437610735e-03
2.564343395022928608e-03
2.709494903507062361e-03
2.709494668097352406e-03
3.338484695135070669e-03
3.386868688236255222e-03
4.161009752938687328e-03
5.370606049322650122e-03
7.354343410409044587e-03
8.805858024430960468e-03
1.253141442896579631e-02
2.056313044705548529e-02
4.446474723711400789e-02
1.867470802927760021e+00
