1.356982670108319726e+05
3.330833942936760286e+04
6.173145980234589842e+02
2.764465503366437247e+02
5.086793913641446352e+02
2.324525506441440541e+02
4.115698216370581690e+02
2.211435999088271274e+02
4.765817365302213489e+02
2.332219633526199800e+02
4.575169126051678177e+02
2.239777937191297212e+02
4.348848077267431336e+02
2.011699498103757549e+02
3.845423008996879162e+02
1.883361695933572548e+02
3.932143566273557553e+02
1.844973348798782524e+02
3.557207895299271172e+02
1.666810978695476990e+02
3.234737760013016441e+02
1.739667511489566891e+02
3.809268895169324765e+02
1.670301355999708903e+02
2.883822249635313142e+02
1.545719989238508845e+02
3.187628543791656170e+02
1.484489586047382375e+02
2.759978153557098040e+02
1.299492917832724856e+02
2.511427950855338622e+02
1.300620644388036737e+02
2.579976147618596656e+02
1.207520775324000368e+02
2.236185897498438067e+02
1.207376515914464505e+02
2.543088954843108525e+02
1.177756278892574926e+02
2.172575734324567520e+02
9.563911661601233050e+01
1.666553219291687924e+02
8.553310774707118469e+01
1.687778080907508240e+02
8.013233463437623527e+01
1.561275998407617465e+02
7.137577335984529725e+01
1.339593089166178856e+02
5.053200819931927867e+01
6.465633538369586120e+01
