4.633442784381520323e+04
1.160026388742585186e+04
3.725501061601018904e+01
2.324238999897155367e+01
5.608725227648828593e+01
2.648675480127894133e+01
4.960565105127867014e+01
2.132975360036697055e+01
3.395746689961001863e+01
1.706027211498461682e+01
3.392620667128481671e+01
2.300630490687503027e+01
5.733095171783588029e+01
2.409539284622737654e+01
4.131060420502274155e+01
2.661624515570887439e+01
6.260261481081474244e+01
2.473889876218180461e+01
3.908663893369003262e+01
2.421573464342444382e+01
5.967801307795932075e+01
2.588501248496637430e+01
4.221514937133682821e+01
1.587860400432791508e+01
2.256262176431659228e+01
1.606464706378291041e+01
4.222749577595311621e+01
1.849906478535742949e+01
3.348574334860499846e+01
1.369996862182134123e+01
2.291747902301263196e+01
1.351944820698954075e+01
3.135557176316692463e+01
1.418318556393523089e+01
2.490395302500775898e+01
1.134620180825783820e+01
1.960043294646030176e+01
7.010831902901130341e+00
8.426727807427383254e+00
4.913980466973496775e+00
1.130607102214894155e+01
6.187780723301719021e+00
1.406842712190057654e+01
5.036812872775765726e+00
5.731972781255779026e+00
4.940515628590332220e+00
1.417361294655574611e+01
4.263738751492549106e+00
2.791788125422072220e+00
