1.559019926935434341e-02
2.227171557024121284e-03
0.000000000000000000e+00
4.454343114048242569e-03
0.000000000000000000e+00
2.227171557024121284e-03
2.227171557024121284e-03
2.227171557024121284e-03
0.000000000000000000e+00
2.227171557024121284e-03
0.000000000000000000e+00
0.000000000000000000e+00
0.000000000000000000e+00
2.227171557024121284e-03
2.227171557024121284e-03
0.000000000000000000e+00
0.000000000000000000e+00
0.000000000000000000e+00
0.000000000000000000e+00
2.227171557024121284e-03
0.000000000000000000e+00
0.000000000000000000e+00
0.000000000000000000e+00
0.000000000000000000e+00
0.000000000000000000e+00
0.000000000000000000e+00
0.000000000000000000e+00
0.000000000000000000e+00
6.681513972580432892e-03
0.000000000000000000e+00
2.227171557024121284e-03
0.000000000000000000e+00
0.000000000000000000e+00
4.454343114048242569e-03
0.000000000000000000e+00
6.681514903903007507e-03
2.227171557024121284e-03
0.000000000000000000e+00
0.000000000000000000e+00
2.227171557024121284e-03
0.000000000000000000e+00
4.454343114048242569e-03
0.000000000000000000e+00
2.227171557024121284e-03
8.908686228096485138e-03
1.113585755228996277e-02
6.681514903903007507e-03
2.672605775296688080e-02
1.425389796495437622e-01
7.349665760993957520e-01
