7.696094512939453125e-01
6.005907803773880005e-02
2.198884263634681702e-02
1.411224156618118286e-02
8.861174806952476501e-03
7.220217026770114899e-03
7.220217026770114899e-03
5.907449871301651001e-03
4.266492091119289398e-03
2.625533379614353180e-03
3.610108513385057449e-03
3.281916724517941475e-03
2.625533379614353180e-03
2.297341823577880859e-03
2.297341823577880859e-03
1.969150034710764885e-03
3.610108513385057449e-03
2.953725168481469154e-03
2.625533379614353180e-03
1.640958362258970737e-03
2.625533379614353180e-03
1.969150034710764885e-03
2.625533379614353180e-03
1.312766689807176590e-03
1.640958362258970737e-03
1.969150034710764885e-03
1.312766689807176590e-03
2.297341823577880859e-03
2.625533379614353180e-03
1.312766689807176590e-03
6.563833449035882950e-04
1.312766689807176590e-03
1.969150034710764885e-03
1.969150034710764885e-03
1.640958362258970737e-03
9.845750173553824425e-04
9.845750173553824425e-04
2.625533379614353180e-03
9.845750173553824425e-04
1.969150034710764885e-03
9.845750173553824425e-04
1.969150034710764885e-03
3.281916724517941475e-03
2.297341823577880859e-03
1.969150034710764885e-03
1.640958362258970737e-03
3.281916724517941475e-03
3.281916957348585129e-03
2.953724935650825500e-03
1.476862467825412750e-02
