1.327844947809353471e-04
0.000000000000000000e+00
0.000000000000000000e+00
0.000000000000000000e+00
0.000000000000000000e+00
0.000000000000000000e+00
0.000000000000000000e+00
6.639224739046767354e-05
6.639224739046767354e-05
0.000000000000000000e+00
0.000000000000000000e+00
0.000000000000000000e+00
0.000000000000000000e+00
6.639224739046767354e-05
0.000000000000000000e+00
0.000000000000000000e+00
0.000000000000000000e+00
0.000000000000000000e+00
0.000000000000000000e+00
0.000000000000000000e+00
0.000000000000000000e+00
0.000000000000000000e+00
6.639224739046767354e-05
0.000000000000000000e+00
0.000000000000000000e+00
0.000000000000000000e+00
0.000000000000000000e+00
0.000000000000000000e+00
6.639224739046767354e-05
0.000000000000000000e+00
1.327844947809353471e-04
6.639224739046767354e-05
6.639224739046767354e-05
0.000000000000000000e+00
0.000000000000000000e+00
0.000000000000000000e+00
6.639224739046767354e-05
0.000000000000000000e+00
6.639224739046767354e-05
6.639224739046767354e-05
1.327844947809353471e-04
6.639224739046767354e-05
6.639224739046767354e-05
0.000000000000000000e+00
6.639224739046767354e-05
1.327844947809353471e-04
1.991767494473606348e-04
3.983534406870603561e-04
1.327844918705523014e-03
9.966804385185241699e-01
