6.295105218887329102e-01
7.509188354015350342e-02
3.930003196001052856e-02
2.898429706692695618e-02
2.196792513132095337e-02
1.946207880973815918e-02
1.507684681564569473e-02
1.244570687413215637e-02
1.014867983758449554e-02
9.522218257188796997e-03
7.350484840571880341e-03
7.642833516001701355e-03
6.598730571568012238e-03
5.930504761636257172e-03
4.886401817202568054e-03
4.552288912236690521e-03
4.301704000681638718e-03
4.092883318662643433e-03
3.633478190749883652e-03
4.301704466342926025e-03
4.009355325251817703e-03
3.508185734972357750e-03
3.007016377523541451e-03
3.591713961213827133e-03
2.881723921746015549e-03
3.174072830006480217e-03
3.675242187455296516e-03
2.881723921746015549e-03
2.965252380818128586e-03
2.756431698799133301e-03
2.714667469263076782e-03
2.297026570886373520e-03
2.171734347939491272e-03
2.088205888867378235e-03
2.505847020074725151e-03
2.672903472557663918e-03
2.338790567591786385e-03
2.255262341350317001e-03
3.007016377523541451e-03
2.129969885572791100e-03
2.839960157871246338e-03
2.088205888867378235e-03
2.297026338055729866e-03
2.422318793833255768e-03
2.714667469263076782e-03
2.547611016780138016e-03
2.923488384112715721e-03
3.048780607059597969e-03
3.341129282489418983e-03
4.343468695878982544e-03
