6.002579331398010254e-01
6.834300607442855835e-02
3.739522770047187805e-02
2.514506690204143524e-02
1.805286854505538940e-02
1.547388732433319092e-02
1.225016079843044281e-02
1.289490610361099243e-02
9.671179577708244324e-03
7.736943662166595459e-03
5.157962441444396973e-03
7.736943662166595459e-03
4.513217136263847351e-03
5.157962441444396973e-03
4.513217136263847351e-03
7.092198356986045837e-03
2.578981220722198486e-03
3.868471831083297729e-03
2.578981220722198486e-03
3.868472063913941383e-03
5.157962441444396973e-03
5.157962441444396973e-03
1.934236031956970692e-03
1.289490610361099243e-03
7.092198356986045837e-03
4.513217136263847351e-03
3.868471831083297729e-03
1.934236031956970692e-03
7.092198356986045837e-03
1.934236031956970692e-03
2.578981220722198486e-03
5.157962441444396973e-03
3.223726525902748108e-03
2.578981220722198486e-03
2.578981220722198486e-03
5.157962441444396973e-03
3.868471831083297729e-03
3.223726525902748108e-03
5.157962441444396973e-03
1.934235915541648865e-03
3.868471831083297729e-03
4.513217136263847351e-03
5.157962441444396973e-03
3.868472063913941383e-03
9.026434272527694702e-03
3.223726525902748108e-03
4.513217136263847351e-03
6.447453051805496216e-03
1.225016079843044281e-02
1.740812323987483978e-02
