9.294543997384607792e-05
0.000000000000000000e+00
0.000000000000000000e+00
0.000000000000000000e+00
0.000000000000000000e+00
0.000000000000000000e+00
4.647271998692303896e-05
4.647271998692303896e-05
0.000000000000000000e+00
4.647271998692303896e-05
0.000000000000000000e+00
0.000000000000000000e+00
0.000000000000000000e+00
0.000000000000000000e+00
0.000000000000000000e+00
0.000000000000000000e+00
0.000000000000000000e+00
0.000000000000000000e+00
0.000000000000000000e+00
0.000000000000000000e+00
0.000000000000000000e+00
0.000000000000000000e+00
0.000000000000000000e+00
1.647271998692303896e-06
2.647271998692303896e-06
3.647271998692303896e-06
4.647271998692303896e-06
5.647271998692303896e-06
6.647271998692303896e-06
7.647271998692303896e-06
8.647271998692303896e-06
9.647271998692303896e-06
9.294543997384607792e-05
1.294543997384607792e-05
2.294543997384607792e-05
3.294543997384607792e-05
4.294543997384607792e-05
5.294543997384607792e-05
6.294543997384607792e-05
7.294543997384607792e-05
8.294543997384607792e-05
9.294543997384607792e-05
4.647271998692303896e-05
4.647271998692303896e-05
9.294543997384607792e-05
9.294543997384607792e-05
2.323635999346151948e-04
2.323635999346151948e-04
1.161818159744143486e-03
9.974904656410217285e-01
