8.443765640258789062e-01
7.122398167848587036e-02
2.234103344380855560e-02
1.355738006532192230e-02
8.592706173658370972e-03
4.964674357324838638e-03
5.155623424798250198e-03
2.864235080778598785e-03
2.291388344019651413e-03
2.673286013305187225e-03
1.718541141599416733e-03
1.145694055594503880e-03
1.145693939179182053e-03
1.145694055594503880e-03
1.145694055594503880e-03
7.637960370630025864e-04
1.336643006652593613e-03
0.000000000000000000e+00
9.547450463287532330e-04
1.909490092657506466e-04
3.818980185315012932e-04
5.728469695895910263e-04
7.637960370630025864e-04
5.728470277972519398e-04
5.728470277972519398e-04
5.728469695895910263e-04
3.818980185315012932e-04
3.818980185315012932e-04
1.909490092657506466e-04
7.637959788553416729e-04
5.728470277972519398e-04
3.818980185315012932e-04
7.637959788553416729e-04
7.637960370630025864e-04
1.909490092657506466e-04
7.637960370630025864e-04
5.728470277972519398e-04
5.728470277972519398e-04
0.000000000000000000e+00
0.000000000000000000e+00
3.818980185315012932e-04
3.818980185315012932e-04
1.909490092657506466e-04
0.000000000000000000e+00
1.909490092657506466e-04
1.909490092657506466e-04
0.000000000000000000e+00
1.909490092657506466e-04
3.818980185315012932e-04
7.637959788553416729e-04
