4.400977864861488342e-03
2.444987650960683823e-03
2.444987650960683823e-03
2.444987650960683823e-03
2.444987650960683823e-03
1.466992660425603390e-03
9.779951069504022598e-04
1.466992660425603390e-03
1.955990213900804520e-03
1.466992660425603390e-03
2.444987650960683823e-03
9.779951069504022598e-04
9.779951069504022598e-04
9.779951069504022598e-04
1.955990213900804520e-03
2.444987650960683823e-03
4.889975534752011299e-04
4.889975534752011299e-04
9.779951069504022598e-04
2.444987650960683823e-03
1.955990213900804520e-03
9.779951069504022598e-04
1.466992660425603390e-03
1.466992660425603390e-03
1.466992660425603390e-03
9.779951069504022598e-04
2.933985553681850433e-03
3.911980427801609039e-03
2.933985320851206779e-03
3.911980427801609039e-03
3.911980427801609039e-03
3.422982990741729736e-03
5.378973204642534256e-03
3.911980427801609039e-03
7.334963418543338776e-03
4.889975301921367645e-03
6.356968078762292862e-03
1.075794640928506851e-02
1.173594221472740173e-02
2.151589095592498779e-02
1.711491495370864868e-02
1.907090470194816589e-02
2.249388769268989563e-02
3.178483992815017700e-02
3.569681942462921143e-02
3.814180940389633179e-02
5.574572086334228516e-02
6.308068335056304932e-02
1.007334962487220764e-01
4.792175889015197754e-01
