3.943317010998725891e-02
2.036233246326446533e-02
1.296413596719503403e-02
1.341382320970296860e-02
1.116903964430093765e-02
9.164221584796905518e-03
7.380688097327947617e-03
6.497165653854608536e-03
5.155661143362522125e-03
5.814046598970890045e-03
5.824485793709754944e-03
7.167064119130373001e-03
6.263784132897853851e-03
6.705814041197299957e-03
4.709777422249317169e-03
5.140295252203941345e-03
5.365968216210603714e-03
3.153575584292411804e-03
4.035489168018102646e-03
4.709240980446338654e-03
5.138636566698551178e-03
4.484103992581367493e-03
3.815279109403491020e-03
4.037684295326471329e-03
4.027781076729297638e-03
4.032707773149013519e-03
4.917889833450317383e-03
2.913072472438216209e-03
5.150734446942806244e-03
6.919438950717449188e-03
4.040415864437818527e-03
5.144685506820678711e-03
5.602081306278705597e-03
4.926133900880813599e-03
5.381920374929904938e-03
6.511408835649490356e-03
4.714167676866054535e-03
6.939195562154054642e-03
7.831498980522155762e-03
7.417470216751098633e-03
8.299333974719047546e-03
8.528323844075202942e-03
1.011638157069683075e-02
9.209783747792243958e-03
1.574978046119213104e-02
2.223650738596916199e-02
2.873420715332031250e-02
3.625548630952835083e-02
5.383586138486862183e-02
5.186582207679748535e-01
