2.699309494346380234e-03
1.067168894223868847e-03
4.080351791344583035e-04
5.335844471119344234e-04
3.138731990475207567e-04
3.138731990475207567e-04
3.138731990475207567e-04
4.080351791344583035e-04
3.766478621400892735e-04
2.510985650587826967e-04
3.766478330362588167e-04
4.708098131231963634e-04
2.824858820531517267e-04
2.510985650587826967e-04
3.766478621400892735e-04
1.569365995237603784e-04
2.197112480644136667e-04
4.394224961288273335e-04
2.510985650587826967e-04
3.452605160418897867e-04
1.569365995237603784e-04
3.138731990475207567e-04
3.138731990475207567e-04
2.824858820531517267e-04
1.883239165181294084e-04
2.824858820531517267e-04
1.883239310700446367e-04
1.883239165181294084e-04
2.824858820531517267e-04
9.416196553502231836e-05
3.452605160418897867e-04
2.197112480644136667e-04
4.080351791344583035e-04
2.824858820531517267e-04
3.766478621400892735e-04
6.591337150894105434e-04
4.394224961288273335e-04
3.766478621400892735e-04
4.080351791344583035e-04
8.160702418535947800e-04
7.219083490781486034e-04
7.846829830668866634e-04
1.129943528212606907e-03
9.416196262463927269e-04
1.914626453071832657e-03
2.197112422436475754e-03
2.636534860357642174e-03
4.770872648805379868e-03
1.054613851010799408e-02
9.578781723976135254e-01
