6.473112106323242188e-01
6.676542758941650391e-02
5.044478178024291992e-02
2.949708886444568634e-02
1.972399279475212097e-02
1.347732543945312500e-02
8.421980775892734528e-03
1.298712566494941711e-02
1.285612117499113083e-03
1.285612117499113083e-03
8.421980775892734528e-03
6.094059906899929047e-03
4.808448255062103271e-03
7.136369124054908752e-03
8.331283926963806152e-03
2.327921101823449135e-03
3.370230086147785187e-03
7.136369124054908752e-03
0.000000000000000000e+00
8.578181266784667969e-03
0.000000000000000000e+00
6.428060587495565414e-04
6.428060587495565414e-04
0.000000000000000000e+00
1.285612117499113083e-03
4.165641963481903076e-03
3.522835904732346535e-03
3.522835904732346535e-03
6.428060587495565414e-04
1.285612117499113083e-03
2.327921101823449135e-03
2.327921101823449135e-03
0.000000000000000000e+00
2.327921101823449135e-03
1.685115043073892593e-03
5.451254080981016159e-03
3.522835904732346535e-03
3.522835904732346535e-03
6.493562832474708557e-03
6.428060587495565414e-04
7.535872049629688263e-03
6.428060587495565414e-04
3.522835904732346535e-03
2.970727160573005676e-03
5.850756540894508362e-03
1.928418176248669624e-03
3.370230086147785187e-03
3.522835904732346535e-03
3.370230086147785187e-03
1.586715690791606903e-02
