1.619968103613409198e+02
4.093204474541710169e+01
4.190947486123501597e-02
2.044740024142581089e-02
3.884748416959245970e-02
1.895657871986851026e-02
3.796729172002020342e-02
1.771646896336151120e-02
3.579536554457734415e-02
1.690225637860512040e-02
3.263050666098331332e-02
1.646796420729015539e-02
3.168445799832752402e-02
1.533807847900827380e-02
3.041650701979593113e-02
1.432055373982506208e-02
2.834587164078007648e-02
1.357474516582150327e-02
2.641827485903640305e-02
1.311084820138501417e-02
2.552405733580551117e-02
1.222666327021029210e-02
2.406268577292067223e-02
1.168716642333241656e-02
2.308165219124129822e-02
1.157836011143552335e-02
2.199723059265903599e-02
1.097259839998430270e-02
2.126534664275246331e-02
1.055692099940494857e-02
2.015004874424468698e-02
9.941189050636723562e-03
2.001429059178948255e-02
9.778174615364889841e-03
1.875160394710611439e-02
9.139642512154726520e-03
1.794619895674869764e-02
8.770856246672217860e-03
1.721946552992758769e-02
8.690681037916427390e-03
1.700495808266597186e-02
8.240904027313276925e-03
1.629055095213268606e-02
7.901965649301219072e-03
1.523531365895338698e-02
7.770957559485453837e-03
1.482874074309336113e-02
7.373827097527126465e-03
1.420363071199021686e-02
