2.224239901382266180e+04
3.868243125682856771e+03
0.000000000000000000e+00
0.000000000000000000e+00
9.670607814207141928e+02
0.000000000000000000e+00
9.670607814207141928e+02
0.000000000000000000e+00
0.000000000000000000e+00
9.670607814207141928e+02
0.000000000000000000e+00
0.000000000000000000e+00
0.000000000000000000e+00
0.000000000000000000e+00
0.000000000000000000e+00
0.000000000000000000e+00
0.000000000000000000e+00
0.000000000000000000e+00
0.000000000000000000e+00
0.000000000000000000e+00
0.000000000000000000e+00
0.000000000000000000e+00
0.000000000000000000e+00
9.670607814207141928e+02
0.000000000000000000e+00
0.000000000000000000e+00
0.000000000000000000e+00
9.670607814207141928e+02
0.000000000000000000e+00
9.670607814207141928e+02
0.000000000000000000e+00
0.000000000000000000e+00
0.000000000000000000e+00
0.000000000000000000e+00
0.000000000000000000e+00
0.000000000000000000e+00
0.000000000000000000e+00
9.670607814207141928e+02
0.000000000000000000e+00
0.000000000000000000e+00
0.000000000000000000e+00
0.000000000000000000e+00
0.000000000000000000e+00
0.000000000000000000e+00
0.000000000000000000e+00
0.000000000000000000e+00
0.000000000000000000e+00
0.000000000000000000e+00
0.000000000000000000e+00
