2.422837590909055962e+03
2.215659052236554203e+02
1.381190066010057933e+02
8.344690581539785512e+01
9.495682063456558808e+01
1.007117816405235828e+02
8.056942531241885774e+01
9.207934013158660491e+01
6.618202999027212741e+01
7.193698380348189403e+01
5.179462747537717604e+01
5.467210797835616631e+01
5.467210797835616631e+01
2.301983503289665123e+01
3.165227114727245805e+01
2.589731373768858802e+01
2.014235632810471444e+01
2.014235632810471444e+01
2.877479424066757829e+01
5.754958758224162807e+00
8.632437912562862081e+00
1.726487582512572416e+01
8.632437912562862081e+00
1.150991751644832561e+01
1.438739712033378915e+01
1.150991751644832561e+01
8.632437912562862081e+00
5.754958758224162807e+00
2.877479379112081403e+00
2.877479379112081403e+00
5.754958758224162807e+00
5.754958758224162807e+00
2.877479379112081403e+00
5.754958758224162807e+00
8.632437912562862081e+00
8.632437912562862081e+00
5.754958758224163473e-01
5.754958758224163473e-01
8.632437912562862081e+00
2.877479379112081403e+00
2.877479379112081403e+00
5.754958758224162807e+00
5.754958758224163473e-01
5.754958758224163473e-01
3.664757712422165303e-01
5.754958758224163473e-01
5.754958758224163473e-01
3.664757712422165525e+00
9.616536053973849363e+00
