1.658619423642020141e-01
5.277425088089816169e-02
4.523507659332154374e-02
5.277425859786361723e-02
6.785260717301686006e-02
3.769589458877947025e-02
3.015671644272011759e-02
3.769589458877947025e-02
5.277425088089816169e-02
4.523507659332154374e-02
7.539179689452438216e-02
8.293097118210100704e-02
6.031343288544023518e-02
2.261753829666077187e-02
4.523507659332154374e-02
4.523507273483881597e-02
4.523507659332154374e-02
5.277425088089816169e-02
5.277425859786361723e-02
7.539179110680029397e-03
3.769589458877947025e-02
6.785260717301686006e-02
5.277425088089816169e-02
3.769589458877947025e-02
3.769589458877947025e-02
7.539179689452438216e-02
2.261753829666077187e-02
7.539179689452438216e-02
5.277425088089816169e-02
6.785261488998231560e-02
4.523507273483881597e-02
6.785260717301686006e-02
9.047014546967763193e-02
9.047015318664308747e-02
9.800931975725425682e-02
7.539178917755894049e-02
1.130876837663384038e-01
6.785261488998231560e-02
1.507835937890487643e-01
1.281660477754225647e-01
1.130876837663384038e-01
2.261753829666077187e-01
3.015671567102357620e-01
2.563320955508451293e-01
4.297331736177964490e-01
5.654384188316919913e-01
8.745447421125388532e-01
2.420076420252497140e+00
1.248563346363213640e+02
