1.580727329126772202e+04
4.005206121862788677e+03
3.392998172008970670e+01
2.482120148762838241e+01
6.496532111507801233e+01
2.593306609458873169e+01
3.844911199941464730e+01
2.076335679687294089e+01
4.485922575002163626e+01
2.843557424039547499e+01
6.619351706540965097e+01
3.284496219203900580e+01
6.189394716499973725e+01
2.446960846279381840e+01
3.441053374533087350e+01
2.036608411574162858e+01
4.829078656633382849e+01
2.288478000336342078e+01
4.249550624575990554e+01
1.783136239729302019e+01
2.893051796815523247e+01
1.480753231020054628e+01
2.931931535181171355e+01
1.477122410908064154e+01
3.197720717646760846e+01
2.112250242538065947e+01
5.497352254739599431e+01
2.282721099809356602e+01
3.638442784489043902e+01
2.295173080010353317e+01
5.688253704022883284e+01
3.130695758105679971e+01
6.850948204412715370e+01
2.442176449352298917e+01
2.917423688167696127e+01
1.643942309377450073e+01
3.775058049088769963e+01
2.041231344797217062e+01
4.242331736045729684e+01
2.571374722271589874e+01
5.922261615659382272e+01
2.830732336147797312e+01
5.435186226130581844e+01
2.872384460913122339e+01
5.787721667590131602e+01
4.046701997800492734e+01
1.053628998503767349e+02
9.204728140603917552e+01
2.738851945655986810e+02
