4.860180318355560303e-01
1.009991765022277832e-01
4.482639953494071960e-02
3.243814408779144287e-02
1.922504417598247528e-02
1.920736767351627350e-02
1.852072775363922119e-02
1.201253198087215424e-02
9.564679116010665894e-03
1.182214170694351196e-02
1.436483860015869141e-02
1.183420792222023010e-02
1.218033302575349808e-02
6.233484018594026566e-03
8.215533569455146790e-03
6.699287332594394684e-03
5.874591879546642303e-03
6.448007188737392426e-03
2.859778702259063721e-03
6.072137504816055298e-03
9.117396548390388489e-03
3.075002692639827728e-03
4.902017302811145782e-03
6.060071289539337158e-03
6.275295279920101166e-03
4.107766784727573395e-03
4.012221470475196838e-03
4.203312098979949951e-03
3.749575233086943626e-03
1.952304737642407417e-03
5.277886986732482910e-03
5.122852511703968048e-03
3.719830419868230820e-03
4.824149888008832932e-03
4.465958103537559509e-03
5.433622281998395920e-03
7.212514057755470276e-03
2.937646117061376572e-03
5.463366396725177765e-03
3.857186995446681976e-03
7.570705842226743698e-03
5.260209087282419205e-03
4.310923628509044647e-03
4.436213988810777664e-03
6.370840594172477722e-03
6.902445107698440552e-03
5.917103495448827744e-03
8.227599784731864929e-03
7.839663885533809662e-03
1.197787560522556305e-02
