1.737202284857630730e-03
2.081899438053369522e-03
1.593366963788866997e-03
1.356626744382083416e-03
1.346299657598137856e-03
1.217830926179885864e-03
1.158879604190587997e-03
1.424888381734490395e-03
1.384061179123818874e-03
1.309712883085012436e-03
1.148903742432594299e-03
1.600867719389498234e-03
1.577598741278052330e-03
1.157968770712614059e-03
1.808848581276834011e-03
1.756531768478453159e-03
2.014429308474063873e-03
1.753202406689524651e-03
1.740838633850216866e-03
1.908651553094387054e-03
1.825477229431271553e-03
1.842457102611660957e-03
1.982409507036209106e-03
2.328269183635711670e-03
2.523277420550584793e-03
2.540490357205271721e-03
2.273885067552328110e-03
3.006997518241405487e-03
2.923269290477037430e-03
2.888159360736608505e-03
2.756957896053791046e-03
3.315353300422430038e-03
3.533975686877965927e-03
3.573904046788811684e-03
4.140761680901050568e-03
4.280117340385913849e-03
4.707643762230873108e-03
4.920461215078830719e-03
5.171757191419601440e-03
6.406473927199840546e-03
6.976955570280551910e-03
7.970403879880905151e-03
8.493179455399513245e-03
1.063875574618577957e-02
1.336824148893356323e-02
1.736153103411197662e-02
2.366415038704872131e-02
3.602176904678344727e-02
7.051402330398559570e-02
7.069702744483947754e-01
