1.727968454360961914e-03
2.962231636047363281e-03
2.221673727035522461e-03
2.715378999710083008e-03
2.221673727035522461e-03
2.221673727035522461e-03
2.715378999710083008e-03
3.455936908721923828e-03
3.949642181396484375e-03
2.468526363372802734e-03
2.962231636047363281e-03
5.430757999420166016e-03
6.665021181106567383e-03
3.209084272384643555e-03
7.158726453781127930e-03
6.171315908432006836e-03
9.627252817153930664e-03
5.924463272094726562e-03
7.899284362792968750e-03
8.146136999130249023e-03
6.911873351782560349e-03
7.405579090118408203e-03
8.392989635467529297e-03
1.061466336250305176e-02
1.160207390785217285e-02
1.209577918052673340e-02
9.627252817153930664e-03
1.283633708953857422e-02
1.333004236221313477e-02
1.234263181686401367e-02
1.382374763488769531e-02
1.530486345291137695e-02
1.530486345291137695e-02
1.629227213561534882e-02
1.579856872558593750e-02
1.505801081657409668e-02
1.727968454360961914e-02
2.048876881599426270e-02
1.925450563430786133e-02
2.320414781570434570e-02
2.789434790611267090e-02
2.814120054244995117e-02
2.517896890640258789e-02
2.888175658881664276e-02
3.850901126861572266e-02
4.862996563315391541e-02
5.850407481193542480e-02
7.331523299217224121e-02
1.128116548061370850e-01
1.913107931613922119e-01
