1.426088507287204266e-03
1.426088507287204266e-03
8.913052733987569809e-04
6.684790132567286491e-04
9.358705719932913780e-04
7.130442536436021328e-04
5.793484742753207684e-04
9.358705719932913780e-04
8.913052733987569809e-04
8.913053316064178944e-04
5.347831756807863712e-04
7.576094940304756165e-04
5.347831756807863712e-04
5.347831756807863712e-04
8.467400912195444107e-04
9.804358705878257751e-04
7.576094940304756165e-04
1.025001169182360172e-03
6.239137146621942520e-04
6.684790132567286491e-04
8.913053316064178944e-04
6.239137146621942520e-04
7.576094940304756165e-04
8.467400330118834972e-04
8.913052733987569809e-04
9.358705719932913780e-04
7.576094940304756165e-04
1.247827429324388504e-03
1.025001169182360172e-03
1.292392727918922901e-03
9.358705719932913780e-04
1.336958026513457298e-03
1.381523208692669868e-03
1.203262247145175934e-03
1.871741143986582756e-03
2.183698117733001709e-03
2.183698117733001709e-03
2.094567520543932915e-03
2.228263299912214279e-03
2.941307611763477325e-03
2.985872793942689896e-03
3.966308664530515671e-03
4.634787328541278839e-03
6.551094353199005127e-03
7.798921782523393631e-03
9.938054718077182770e-03
1.515218988060951233e-02
2.460002526640892029e-02
5.477071553468704224e-02
8.253487348556518555e-01
