8.302741527330310782e+04
2.136652939937861083e+04
2.458993587088061190e+02
1.340926942383836433e+02
2.809289183685368130e+02
1.480038577446457566e+02
3.143317441962172438e+02
1.364857474331461162e+02
2.388923772280603828e+02
1.184769283445519648e+02
2.462803731361899509e+02
1.219811131786510856e+02
2.283990981639931874e+02
1.305496192955685046e+02
2.863329884394432838e+02
1.412287624692860106e+02
2.655454694934886106e+02
1.410389467212424108e+02
2.955077604084338532e+02
1.386207516572330007e+02
2.543855772777806123e+02
1.340026560796039803e+02
2.765171588628008976e+02
1.310670393133216010e+02
2.402207288669815739e+02
1.157183988661043230e+02
2.311134659119553589e+02
1.092525150060885011e+02
2.184581621199643280e+02
1.102680150603769533e+02
2.278446072471079162e+02
1.110421472904786810e+02
2.283890456025224012e+02
1.066692797874764977e+02
2.140387464334854428e+02
1.093803540487100037e+02
2.106140677380900854e+02
1.055578958550311768e+02
2.016914559795163200e+02
1.031764408182797723e+02
2.094934900731072389e+02
1.049885544115359153e+02
2.202179994348246339e+02
9.821031051784058263e+01
1.743973597233450903e+02
9.834793118582888383e+01
2.009961181392935146e+02
1.008536498587615995e+02
1.929563755622786800e+02
