1.751897377763847544e+04
4.567940415022455454e+03
5.731734288711678893e+00
2.711920760510766470e+00
5.402057838073379692e+00
2.660282441744711068e+00
5.071762829717834542e+00
2.526849589212368130e+00
4.795514735735472378e+00
2.296962739404236231e+00
4.596664867554578926e+00
2.206116142107013900e+00
4.296751387466050787e+00
2.122234383626743437e+00
4.221321233922498806e+00
2.033369047753069925e+00
3.966894226763049591e+00
1.947604263407889169e+00
3.755075248357172324e+00
1.803639253609337523e+00
3.659041199363446850e+00
1.755454811573788243e+00
3.386375292469058884e+00
1.718311032236281566e+00
3.297403632155855746e+00
1.616632693292721079e+00
3.116873934367585086e+00
1.560828330085051840e+00
3.086087893257465797e+00
1.483550742843707804e+00
2.915112686832482147e+00
1.404309533794829701e+00
2.780652609790458918e+00
1.389695346064945269e+00
2.658304870854544699e+00
1.317124838120817598e+00
2.655732424421186177e+00
1.298140403235465312e+00
2.512585905446635515e+00
1.224127462543195044e+00
2.459323505880722571e+00
1.177411748263668345e+00
2.317259665091690124e+00
1.136136930139483248e+00
2.278722092298420598e+00
1.116067630320599191e+00
2.208028829880432919e+00
1.066862579920103027e+00
2.107883749468991486e+00
