3.012845257298610996e-02
8.012287497721839319e-03
1.769819616960126600e-03
8.867218331194905330e-04
1.736026000914474548e-03
8.822799102478312387e-04
1.740492502347353769e-03
1.554992653816999505e-03
4.390625593274421340e-03
1.556009490233053278e-03
1.762494229093554757e-03
8.856110934086607045e-04
1.772163004988525428e-03
1.741139957353839487e-03
5.279840968170788386e-03
2.143385432370234489e-03
3.437027932645274862e-03
2.461357239955646887e-03
6.172612056847469504e-03
3.355473313248159926e-03
7.054945934862847691e-03
2.140461799902913190e-03
1.764730106762260869e-03
2.694240017690444251e-03
8.967008580738042994e-03
4.236708207286149670e-03
7.789175827345746345e-03
4.907425713819188635e-03
1.142411037747881157e-02
5.635025428006794172e-03
1.161784364667370513e-02
5.792889411768331089e-03
1.154029680043675184e-02
6.091529834059647777e-03
1.321740691447672797e-02
6.862614305818107337e-03
1.460929145573413440e-02
8.683085352425460451e-03
2.033263906213840858e-02
1.425372926246723342e-02
3.532610624861690085e-02
2.112787663537748703e-02
4.850626021417348693e-02
2.810849605789307593e-02
6.684014333389200202e-02
5.571901051800999538e-02
1.604835020008834323e-01
1.379389247109048755e+00
5.299402265737508166e+00
