2.765144447956052318e+04
6.810887686545635006e+03
8.308713629970036152e+01
4.475653855132567571e+01
9.765328550465372359e+01
4.353841103756340658e+01
8.357878778718297497e+01
3.726056243634180021e+01
6.656683766716214734e+01
3.467044924635358427e+01
7.599070272973253282e+01
3.474177081869363803e+01
6.737145918975937775e+01
3.520965307750083895e+01
7.894225130839889459e+01
3.901598997094035326e+01
7.833473208705515844e+01
3.768338523620621316e+01
7.329138587874521704e+01
3.428212431034194196e+01
6.497148063244796390e+01
3.216158516512284393e+01
6.449923522353532235e+01
3.252607098133525199e+01
6.283972573059397604e+01
2.811213217677460108e+01
4.782164158014110455e+01
2.444247559835228500e+01
5.202516456279860790e+01
2.277379608095200680e+01
4.058054375292984872e+01
2.094793053335400401e+01
4.152566220152624510e+01
2.245598114726593053e+01
5.022923674107074277e+01
2.557400224439492575e+01
4.980018012638731761e+01
2.057086993815206100e+01
3.402637505207822244e+01
2.445584527712148670e+01
6.446444524438174994e+01
2.427947930164091161e+01
3.230494341079964471e+01
2.088357148062939217e+01
5.098725124274803022e+01
2.498179891592263147e+01
4.768551197486791438e+01
2.834426380267923307e+01
6.704704020140275134e+01
