3.324616515626643287e-01
8.814309516866883354e-02
1.656293229993176588e-02
8.678371670360996576e-03
1.855549167122593282e-02
8.419960489226113384e-03
1.493337824141231264e-02
8.396122284538155844e-03
1.819875632764720794e-02
8.569658806577545168e-03
1.653928645228614977e-02
8.880443246536152621e-03
1.851681294297875466e-02
1.078605907361206671e-02
2.422233679462883205e-02
1.131774953854865207e-02
2.130744734177545882e-02
1.264281693692251990e-02
2.794070654120254030e-02
1.297404504501104353e-02
2.298003455917132717e-02
1.271477201721809940e-02
2.797407273359336921e-02
1.560001497078830797e-02
3.480748376386361143e-02
1.693498791911663554e-02
3.565278467500872239e-02
1.645597041257598064e-02
2.991357471072832175e-02
1.665822156565635245e-02
3.538820771254392455e-02
2.032319077329768769e-02
4.582186346788112707e-02
2.499160986580567859e-02
5.376851555498534524e-02
3.018772343005283673e-02
7.067858245514427318e-02
3.941889053936512705e-02
8.458047747193309096e-02
4.913912809256933828e-02
1.120637713728700607e-01
6.334850199662694914e-02
1.362119699444256093e-01
9.325334856467595857e-02
2.424727868397916486e-01
1.946741447229991540e-01
5.338430229583635001e-01
1.959233994994209471e+00
7.531049391678982907e+00
