1.637076246319022488e+01
4.181505528059929588e+00
4.942194053089959526e-04
2.492394366990204274e-04
4.655168876512486942e-04
2.284510150974947184e-04
4.488612712203300464e-04
2.140949999533475149e-04
4.148631836125108992e-04
2.021728380704306276e-04
4.036198371738842247e-04
1.900595488040824916e-04
3.770199767850911554e-04
1.813337915294557150e-04
3.571520074565271612e-04
1.751466318322738853e-04
3.367746088384270193e-04
1.677333203800085893e-04
3.185195197552121945e-04
1.566747758077685973e-04
3.067064630145539578e-04
1.497580378549893780e-04
2.975735951757217277e-04
1.475033245767956168e-04
2.805295901579476950e-04
1.360535563721016221e-04
2.696968049342100934e-04
1.344467983216564278e-04
2.550470272345699589e-04
1.274086576472949087e-04
2.512429633158271632e-04
1.190731744026525876e-04
2.343009642829727013e-04
1.155949033812892808e-04
2.341597975620326446e-04
1.155587973607272704e-04
2.185393372189033167e-04
1.088876212728303981e-04
2.141678490810577126e-04
1.055499622696778823e-04
2.047351455504272581e-04
1.009055978029186956e-04
1.946251454301838740e-04
9.621009089537453543e-05
1.944388659454194667e-04
9.211130842037052759e-05
1.819675927055120314e-04
9.088829681920509356e-05
1.812823192779252550e-04
