1.638822065006418499e-04
4.477205344733996907e-05
1.107275931402668376e-05
5.512418943614863487e-06
1.122548885253884947e-05
2.715781231021317809e-06
6.864556693027322552e-07
6.326656494080195884e-07
6.623267471334694507e-07
6.543807294906200231e-07
6.454398083665128301e-07
5.425425013114411035e-06
2.185017548921952294e-05
5.477928370974130976e-06
6.732285260112941261e-07
6.447217497596698206e-07
6.486782871080291418e-07
6.892325676038984719e-07
6.595112446884284833e-07
6.573706536023364604e-07
6.559267190269144529e-07
2.773976957541298722e-06
1.127076317455124330e-05
2.801752357168059256e-06
6.465464950690647044e-07
2.701927156591096604e-06
1.092119382153887735e-05
2.777795319165434818e-06
6.437981659083793036e-07
5.483461187254785836e-06
2.201813537882651141e-05
5.631008638469323332e-06
6.647889133635060819e-07
6.519524250808203568e-07
6.705246349969855983e-07
6.422378253231210040e-07
6.815119776049578040e-07
6.769909816830654087e-07
6.868414793516108339e-07
8.365987069598588470e-06
3.284649007419967689e-05
1.689930373820452535e-05
3.368712971838276843e-05
1.908000503211549538e-05
4.355306826090272988e-05
2.702936027153556402e-05
6.625231108262079241e-05
4.116047517988891125e-02
1.627152150746350445e-01
