3.537001896768922349e-02
9.465680438937423488e-03
1.425233146797914028e-03
3.583733328040204454e-04
2.766689583471207105e-06
2.792347212508474392e-06
2.723703300527609170e-06
3.593194008434720012e-04
1.455052349669784745e-03
7.271228207405014627e-04
1.433212209371766133e-03
3.645095685237115636e-04
2.892153675689382550e-06
3.541110424379364640e-04
1.453839421183385217e-03
3.556297849612158118e-04
2.822368151235501473e-06
2.757588119501883821e-06
2.851255286187353446e-06
2.839408107920267999e-06
2.870904636596344435e-06
2.743725480338875628e-06
2.916889821076548275e-06
2.701324384722906006e-06
2.833126072187531563e-06
2.766181999184180019e-06
2.776610335229779422e-06
2.795970680058186869e-06
2.683353033586116089e-06
3.677861803396079848e-04
1.422020144696351006e-03
7.381757116686923871e-04
1.413384152300112793e-03
1.082458651980856574e-03
2.822486796667648869e-03
7.380660782699491199e-04
2.919752998602528786e-06
7.289432236690452163e-04
2.894844928330525015e-03
1.838628133918850322e-03
4.295753603184106206e-03
2.217365626713908421e-03
4.317931516263117005e-03
2.901909653303039096e-03
7.102074184529834876e-03
2.456838095390600010e-02
9.043529709723979737e-02
1.591368549342278560e-01
5.350126025919517136e-01
