1.144650194566762536e-03
2.889430527751398370e-04
2.896277513549294017e-05
1.770210860748411139e-05
4.392408450128583946e-05
1.458128212455182545e-05
1.430836175253311009e-05
1.468976460861455109e-05
4.311037879424852343e-05
1.812649882177363994e-05
2.852162981767152674e-05
2.211768302345368858e-05
5.800459251755725801e-05
3.259352157046141256e-05
7.360792442409600281e-05
2.878401835506174428e-05
4.297315371748827235e-05
2.916036835313341131e-05
7.199807606812382965e-05
2.479171506552873159e-05
2.889290819752330367e-05
1.073299381731306793e-05
1.419490212745022429e-05
2.534766389001400451e-05
8.850833285836297022e-05
2.892633649943715104e-05
2.925409072292519630e-05
3.572411965805776662e-05
1.146947088761048528e-04
4.992106633712175488e-05
8.602213667440129958e-05
4.681068601119230436e-05
1.028124410606408545e-04
3.309616974825345425e-05
2.857706938221442856e-05
3.880877915305254086e-05
1.279114476420804153e-04
6.616660966257991762e-05
1.282824045178840495e-04
6.734759768835382396e-05
1.455772996765964506e-04
1.014245955582050165e-04
2.624447136584380329e-04
1.327464561385745766e-04
2.681927312318891634e-04
2.167335863470990344e-04
5.752421931687590976e-04
3.524410876126795461e-02
1.390780372638270312e-01
