6.491031472640905122e+03
1.642101052215220079e+03
8.772420403581316251e+00
6.062857829522798170e+00
1.587891075450771794e+01
7.169367962376526293e+00
1.324316280500214837e+01
7.063983546077551523e+00
1.579960176823012930e+01
6.649731802093674204e+00
1.104733868270903940e+01
3.264076847347261445e+00
2.270786474868529581e+00
3.360748940544658669e+00
1.104701240101909221e+01
6.221968694177085091e+00
1.363503624802987346e+01
6.027644246856742605e+00
1.112532791896291151e+01
5.033833540278668472e+00
8.846258559832570256e+00
3.883989974631433029e+00
6.744361302802493796e+00
2.747025443065489902e+00
4.419149212670575366e+00
3.413155626107347018e+00
9.014669403341274645e+00
4.534146545616763113e+00
8.807186890212378216e+00
5.601092214230455113e+00
1.353008558028391839e+01
8.145919843617358325e+00
2.008014917378015696e+01
6.729653455292440967e+00
6.562051680789537933e+00
3.857866818056121083e+00
8.941585267229639200e+00
6.580050671774081650e+00
1.752299441081352072e+01
7.828364938054039435e+00
1.328867415902744931e+01
5.642515014137419627e+00
9.011991846116361060e+00
9.317185892790963209e+00
2.880022370098843609e+01
1.410802193198216514e+01
2.627607209832583735e+01
2.903586863411162255e+01
8.728776353659689846e+01
