3.681764872754202805e-02
9.482149214440620255e-03
1.445137430982304516e-03
3.826181065836905377e-04
5.244536666417829829e-05
1.625117746957152346e-05
1.389439908692489029e-05
3.738130545410779464e-04
1.442954610064201178e-03
7.120291716145836372e-04
1.463905696817024375e-03
3.718511911284814509e-04
7.677779086594009280e-05
4.006680799242176550e-04
1.520544139323162791e-03
3.864633883352382366e-04
4.154365164746585845e-05
2.847486632622615180e-05
7.068218970268545711e-05
2.451282414307875477e-05
2.788401628997074156e-05
1.299477872474915319e-05
2.500714696746197309e-05
2.674408882946712460e-05
8.312852154238808760e-05
3.114309409874037923e-05
3.818134685773650857e-05
3.712817043410590264e-05
1.129471759766622528e-04
4.023974912328947781e-04
1.534984426497406924e-03
7.565269685042528029e-04
1.531834266497222440e-03
1.079549636892039718e-03
2.818143694753074465e-03
7.575348086926583313e-04
1.255810846132060250e-04
7.630275702864838328e-04
2.986723841928257302e-03
1.882805733514413037e-03
4.386149637221442923e-03
2.203577018469276855e-03
4.491666613194013856e-03
3.057565379003864253e-03
7.398365294848341552e-03
2.450752330757207179e-02
9.047417692495648978e-02
2.298641005529157844e-01
8.443594468736578262e-01
