8.364727088897026306e+02
2.018714982567123286e+02
3.432434073834528809e-01
1.669101079638100338e-01
3.257476083449151183e-01
1.525215035732187807e-01
3.019686693486970941e-01
1.494664223061310526e-01
2.910732812030676353e-01
1.412035658011231154e-01
2.716568792018482226e-01
1.306578958661684942e-01
2.547674073060372524e-01
1.237456132468551240e-01
2.511447623915328276e-01
1.193440808061835418e-01
2.347592912660918241e-01
1.130856586209694203e-01
2.227016818836548007e-01
1.103734058710111182e-01
2.112958816321060529e-01
1.033466471135053993e-01
2.033359069833417798e-01
9.953998344760586758e-02
1.949597398022722139e-01
9.780665759667313275e-02
1.828811741857321871e-01
8.974261598508623261e-02
1.756704330583181983e-01
8.691212332214516556e-02
1.693082321748708707e-01
8.316939591381967978e-02
1.622945020377538072e-01
8.243252521480011474e-02
1.594065744005984664e-01
7.744201420894751553e-02
1.504557973371249135e-01
7.602015880340151632e-02
1.515359816265877957e-01
7.260529138236619662e-02
1.434600859707595433e-01
6.964139399373243944e-02
1.359310371717600274e-01
6.766280759354834085e-02
1.350800557669739888e-01
6.573254986651380638e-02
1.302162847542288060e-01
6.485769481036689210e-02
1.247487430391435864e-01
