1.373535481925852686e+01
3.697989272528006577e+00
7.260584801515720388e-01
4.020509452125127781e-01
8.876586964553482284e-01
4.108913445461482850e-01
7.814183356345622000e-01
4.046313427553739350e-01
8.170167850958558464e-01
3.953589557081175210e-01
8.017176690320729771e-01
3.920439041756114684e-01
7.720239508773689696e-01
3.957480287282886811e-01
7.798471264786331902e-01
4.491828260651378746e-01
1.005083848458358853e+00
4.871695417158759533e-01
1.015963752278129073e+00
5.684323440037756248e-01
1.261674836102642638e+00
5.692863548034793331e-01
1.038360184468850145e+00
5.893279120857445319e-01
1.352555495815594755e+00
7.157224691093097002e-01
1.572442851625257099e+00
8.334526533747175225e-01
1.800734880628926726e+00
9.170939803909318178e-01
1.840976384533107524e+00
9.815356913563916263e-01
2.166015128175912352e+00
1.180994651014713570e+00
2.522164342525353486e+00
1.345918038085231805e+00
2.836579964158030709e+00
1.483342702017916848e+00
3.185817575191125073e+00
1.715336850940346380e+00
3.749274027834500700e+00
2.265735630524985389e+00
5.075855131834437373e+00
3.223579764888774069e+00
7.791349927094473493e+00
5.632608698371011080e+00
1.504240719359049905e+01
3.911238560792298813e+01
1.423341920391504516e+02
