1.446814244501425817e+00
3.728076841549887721e-01
5.806917416220370998e-02
3.669201562263030292e-02
8.967473673036467641e-02
4.088443462468829837e-02
7.659332239543778509e-02
3.775177993407753674e-02
7.412383530682963018e-02
4.060939292246142085e-02
8.377620532314009050e-02
3.224575196052713311e-02
4.486866704997594102e-02
2.934016039012850990e-02
7.196158859257903440e-02
3.547072517874825387e-02
7.038322535954051606e-02
3.288854503257890305e-02
6.356758774386536692e-02
4.734720161463007448e-02
1.261620323059065851e-01
6.553180583202491971e-02
1.340848265796951155e-01
6.854982110234364434e-02
1.397575046294792234e-01
7.520675487391635661e-02
1.657148623814302946e-01
9.212089941687207073e-02
2.019611100422549210e-01
1.124916957916806126e-01
2.440527192955544711e-01
1.220800031268838293e-01
2.429189106168943013e-01
1.327586201931841847e-01
2.809609511726622322e-01
1.570714307666216114e-01
3.317530795015838918e-01
2.074264228228597517e-01
4.837045660155840920e-01
2.997250340190947271e-01
7.073612261064887718e-01
4.698543078421278385e-01
1.161411396314920630e+00
7.559841983401256460e-01
1.912144853989706572e+00
1.763697558665704657e+00
5.100415997320678407e+00
2.199952468621534152e+01
8.646597558289258245e+01
