1.323876610613919620e+05
3.257593031634147701e+04
6.867428854507529650e+02
3.662497136390065293e+02
8.090426772292428268e+02
3.894280120960937097e+02
7.507909890325886408e+02
3.507635752174014669e+02
6.487234191762088358e+02
3.078674625087110712e+02
5.961015691942840249e+02
2.949689743708682954e+02
5.744431891864269346e+02
2.683144277072706245e+02
5.090536436183458022e+02
2.457920040307192551e+02
4.988989972955574785e+02
2.385321371926560516e+02
4.525503550843384346e+02
2.260431800269028599e+02
4.647873071590335030e+02
2.226554409714410383e+02
4.222743979408041923e+02
2.149032531489637279e+02
4.179650026364219570e+02
2.053677931742345208e+02
3.961412211515771560e+02
1.908017212569701542e+02
3.631739512186259731e+02
1.723011681097838164e+02
3.531483691873777957e+02
1.798889551277218573e+02
3.772532315935496285e+02
1.820526777804410017e+02
3.438680630432591556e+02
1.677791318262209757e+02
3.192910044409255761e+02
1.304162766336847028e+02
2.062758282072976215e+02
1.024129195318228369e+02
2.184020996337328029e+02
1.154256962666078579e+02
2.533111015950046010e+02
1.254155696490353193e+02
2.443137297161766526e+02
1.111479807194129137e+02
2.105859897776190053e+02
8.419335188225520028e+01
1.296586430482310561e+02
