2.700888199923161981e+00
6.886658062748962639e-01
1.025257366438314804e-01
5.789712695612619225e-02
1.257878324114862778e-01
5.838757216643078451e-02
1.127256606661302951e-01
6.585974780709347165e-02
1.569923372878211376e-01
7.699067682908045107e-02
1.422761240936833427e-01
6.689038795004392801e-02
1.249775236149896912e-01
7.381598437339149943e-02
1.743635111268778126e-01
8.245099540503120217e-02
1.488287440337073275e-01
7.870559465123945497e-02
1.633910982807151024e-01
9.117603755608823246e-02
2.039812392438198618e-01
9.948858677545721618e-02
2.023698445788008060e-01
1.006362322491511224e-01
1.915990909126485675e-01
1.100736244486277965e-01
2.425812623149524450e-01
1.390573519693280025e-01
3.343424886961651743e-01
1.709338416519136927e-01
3.380934227346713561e-01
1.771952423289110679e-01
3.754219871122498331e-01
2.123079113788554351e-01
4.898828977927782158e-01
2.717040773099168582e-01
6.125039729480503681e-01
3.440611190664655816e-01
7.749307536299793187e-01
4.357478637634706886e-01
1.001088857929463449e+00
6.406694349140708011e-01
1.600018484827292031e+00
1.062778069717245533e+00
2.661794211314491232e+00
2.223478275268296223e+00
6.171073277404597768e+00
1.428551546166944597e+01
4.997746301799704582e+01
