3.337506651878356934e-01
2.819412052631378174e-01
1.096404939889907837e-01
5.198831483721733093e-02
2.736540883779525757e-02
2.050915174186229706e-02
1.639539748430252075e-02
1.365289464592933655e-02
1.031419541686773300e-02
8.823704905807971954e-03
6.975496187806129456e-03
7.333213929086923599e-03
5.127287935465574265e-03
5.067668389528989792e-03
4.352232906967401505e-03
4.232993349432945251e-03
4.471471998840570450e-03
4.232993349432945251e-03
3.875275840982794762e-03
3.040601033717393875e-03
3.338698996230959892e-03
2.563643967732787132e-03
3.517557866871356964e-03
2.027067355811595917e-03
2.682883292436599731e-03
2.027067355811595917e-03
2.444404643028974533e-03
1.490490627475082874e-03
3.040601033717393875e-03
2.265545772388577461e-03
1.311631756834685802e-03
2.325165551155805588e-03
1.609729952178895473e-03
1.550110289826989174e-03
1.907828031107783318e-03
1.788588822819292545e-03
2.146306680515408516e-03
1.013533677905797958e-03
1.371251419186592102e-03
1.073153340257704258e-03
1.490490627475082874e-03
1.013533677905797958e-03
1.132772886194288731e-03
1.132772886194288731e-03
1.013533677905797958e-03
1.371251419186592102e-03
8.942944114096462727e-04
8.346747490577399731e-04
7.750551449134945869e-04
8.346747490577399731e-04
6.558158784173429012e-04
1.013533677905797958e-03
1.013533677905797958e-03
1.013533677905797958e-03
5.365766701288521290e-04
8.346747490577399731e-04
3.577177703846246004e-04
1.073153340257704258e-03
6.558158784173429012e-04
4.769570077769458294e-04
1.013533677905797958e-03
4.769570077769458294e-04
5.961962742730975151e-04
2.980981371365487576e-04
6.558158784173429012e-04
3.577177703846246004e-04
3.577177703846246004e-04
5.365766701288521290e-04
5.365766701288521290e-04
5.365766701288521290e-04
5.365766701288521290e-04
5.365766701288521290e-04
1.788588851923123002e-04
4.173373745288699865e-04
4.173373745288699865e-04
4.173373745288699865e-04
6.558158784173429012e-04
4.173373745288699865e-04
4.173373745288699865e-04
6.558158784173429012e-04
6.558158784173429012e-04
7.750551449134945869e-04
4.769570077769458294e-04
5.961962742730975151e-04
5.961962742730975151e-04
5.365766701288521290e-04
4.769570077769458294e-04
2.384785038884729147e-04
4.769570077769458294e-04
1.788588851923123002e-04
3.577177703846246004e-04
1.192392519442364573e-04
1.788588851923123002e-04
3.577177703846246004e-04
4.769570077769458294e-04
2.384785038884729147e-04
2.384785038884729147e-04
5.961962597211822867e-05
1.788588851923123002e-04
