3.672419989015907049e-04
9.073038236238062382e-04
8.640988380648195744e-04
6.264716503210365772e-04
6.048692157492041588e-04
6.912790704518556595e-04
6.696766358800232410e-04
5.616642301902174950e-04
6.480741431005299091e-04
9.073038236238062382e-04
4.968568682670593262e-04
4.536519118119031191e-04
5.832667229697108269e-04
3.888444916810840368e-04
3.672419989015907049e-04
5.616642301902174950e-04
4.104469553567469120e-04
3.888444916810840368e-04
5.616642301902174950e-04
5.832667229697108269e-04
5.184593028388917446e-04
5.832667229697108269e-04
4.104469553567469120e-04
5.184593028388917446e-04
5.616642301902174950e-04
5.832667229697108269e-04
4.104469553567469120e-04
5.184593028388917446e-04
5.184593028388917446e-04
4.320494190324097872e-04
3.888444916810840368e-04
4.752543754875659943e-04
4.320494190324097872e-04
4.968568682670593262e-04
4.968568682670593262e-04
5.616642301902174950e-04
5.400617956183850765e-04
4.320494190324097872e-04
5.400617956183850765e-04
5.400617956183850765e-04
4.536519118119031191e-04
4.104469553567469120e-04
5.400617956183850765e-04
3.888444916810840368e-04
3.888444916810840368e-04
5.616642301902174950e-04
4.968568682670593262e-04
3.672419989015907049e-04
7.344839978031814098e-04
4.752543754875659943e-04
7.128815632313489914e-04
5.400617956183850765e-04
8.640988380648195744e-04
6.480741431005299091e-04
6.912790704518556595e-04
6.696766358800232410e-04
6.264716503210365772e-04
7.560864905826747417e-04
4.320494190324097872e-04
4.968568682670593262e-04
9.505087509751319885e-04
6.264716503210365772e-04
6.048692157492041588e-04
9.073038236238062382e-04
6.696766358800232410e-04
7.344839978031814098e-04
7.128815632313489914e-04
9.073038236238062382e-04
8.424964034929871559e-04
1.058521098457276821e-03
1.080123591236770153e-03
9.073038236238062382e-04
9.721111855469644070e-04
1.317750778980553150e-03
1.058521098457276821e-03
1.447365619242191315e-03
1.274545793421566486e-03
1.728197676129639149e-03
1.706595183350145817e-03
1.836210023611783981e-03
1.857812516391277313e-03
1.922619994729757309e-03
1.879415009170770645e-03
1.944222371093928814e-03
2.786718774586915970e-03
2.419476862996816635e-03
2.873128745704889297e-03
3.218768164515495300e-03
3.996456973254680634e-03
4.536518827080726624e-03
5.400617606937885284e-03
5.940679460763931274e-03
7.733684964478015900e-03
9.613099507987499237e-03
1.188135892152786255e-02
1.600743085145950317e-02
2.045753970742225647e-02
3.173403069376945496e-02
6.387850642204284668e-02
