2.837013453245162964e-04
4.728355997940525413e-05
2.364177926210686564e-04
1.891342399176210165e-04
4.728355997940525413e-05
2.837013453245162964e-04
9.456711995881050825e-05
1.891342399176210165e-04
1.418506726622581482e-04
9.456711995881050825e-05
9.456711995881050825e-05
1.418506726622581482e-04
4.728355997940525413e-05
4.728355997940525413e-05
2.364177926210686564e-04
9.456711995881050825e-05
0.000000000000000000e+00
4.728355997940525413e-05
4.728355997940525413e-05
1.418506726622581482e-04
2.837013453245162964e-04
9.456711995881050825e-05
2.364177926210686564e-04
4.728355997940525413e-05
1.891342399176210165e-04
9.456711995881050825e-05
1.418506726622581482e-04
2.364177926210686564e-04
2.837013453245162964e-04
9.456711995881050825e-05
4.728355997940525413e-05
1.891342399176210165e-04
4.728355997940525413e-05
2.364177926210686564e-04
1.418506726622581482e-04
0.000000000000000000e+00
1.418506726622581482e-04
9.456711995881050825e-05
0.000000000000000000e+00
0.000000000000000000e+00
1.418506726622581482e-04
2.364177926210686564e-04
1.418506726622581482e-04
4.728355997940525413e-05
4.728355997940525413e-05
2.837013453245162964e-04
4.728355852421373129e-04
1.891342399176210165e-04
3.309849125798791647e-04
1.891342399176210165e-04
9.456711995881050825e-05
1.418506726622581482e-04
2.364177926210686564e-04
9.456711995881050825e-05
3.309849125798791647e-04
1.418506726622581482e-04
4.728355997940525413e-05
1.418506726622581482e-04
1.891342399176210165e-04
2.364177926210686564e-04
1.418506726622581482e-04
4.728355997940525413e-05
1.891342399176210165e-04
1.418506726622581482e-04
4.728355852421373129e-04
3.309849125798791647e-04
4.728355852421373129e-04
4.255520470906049013e-04
2.364177926210686564e-04
1.891342399176210165e-04
3.309849125798791647e-04
4.255520470906049013e-04
2.837013453245162964e-04
2.364177926210686564e-04
5.201191524975001812e-04
6.146862870082259178e-04
4.728355852421373129e-04
3.782684798352420330e-04
5.674026906490325928e-04
8.038204978220164776e-04
7.092534215189516544e-04
7.092534215189516544e-04
6.619698251597583294e-04
9.929547086358070374e-04
1.182088977657258511e-03
1.276656053960323334e-03
9.456711704842746258e-04
1.513073919340968132e-03
1.229372574016451836e-03
1.323939650319516659e-03
2.127760089933872223e-03
2.931580645963549614e-03
2.647879300639033318e-03
4.019102547317743301e-03
5.957728717476129532e-03
6.666982080787420273e-03
7.281668018549680710e-03
1.602912694215774536e-02
3.428057953715324402e-02
