8.914642385207116604e-04
2.674392657354474068e-03
2.005794551223516464e-03
2.897258847951889038e-03
1.560062402859330177e-03
1.782928477041423321e-03
3.342990763485431671e-03
2.897258847951889038e-03
1.782928477041423321e-03
2.005794551223516464e-03
1.337196328677237034e-03
1.560062402859330177e-03
3.342990763485431671e-03
2.451526699587702751e-03
1.560062402859330177e-03
1.560062402859330177e-03
1.782928477041423321e-03
2.451526699587702751e-03
2.451526699587702751e-03
1.337196328677237034e-03
2.451526699587702751e-03
3.788722911849617958e-03
3.120124805718660355e-03
2.451526699587702751e-03
2.228660508990287781e-03
4.234455060213804245e-03
4.011589102447032928e-03
3.788722911849617958e-03
4.457321017980575562e-03
3.788722911849617958e-03
4.457321017980575562e-03
4.011589102447032928e-03
3.788722911849617958e-03
3.565856954082846642e-03
3.788722911849617958e-03
4.457321017980575562e-03
4.457321017980575562e-03
2.897258847951889038e-03
5.794517695903778076e-03
4.903053399175405502e-03
5.125919356942176819e-03
6.017383653670549393e-03
6.017383653670549393e-03
5.794517695903778076e-03
4.680186975747346878e-03
4.680186975747346878e-03
6.017383653670549393e-03
4.680186975747346878e-03
3.120124805718660355e-03
6.017383653670549393e-03
5.125919356942176819e-03
6.017383653670549393e-03
6.240249611437320709e-03
4.011589102447032928e-03
9.360373951494693756e-03
5.571651272475719452e-03
4.457321017980575562e-03
4.680186975747346878e-03
5.571651272475719452e-03
6.463115569204092026e-03
4.680186975747346878e-03
5.794517695903778076e-03
8.468910120427608490e-03
2.897258847951889038e-03
7.800311781466007233e-03
8.246043696999549866e-03
5.125919356942176819e-03
6.017383653670549393e-03
7.800311781466007233e-03
6.463115569204092026e-03
8.468910120427608490e-03
5.794517695903778076e-03
7.577445823699235916e-03
8.914642035961151123e-03
8.468910120427608490e-03
9.360373951494693756e-03
1.092043705284595490e-02
8.468910120427608490e-03
1.092043705284595490e-02
1.136616896837949753e-02
1.025183871388435364e-02
1.002897229045629501e-02
1.181190088391304016e-02
1.181190088391304016e-02
1.114330254495143890e-02
1.649208739399909973e-02
1.626922190189361572e-02
2.228660508990287781e-02
1.626922190189361572e-02
2.184087410569190979e-02
2.340093627572059631e-02
2.496099844574928284e-02
2.429240010678768158e-02
2.562959678471088409e-02
3.498997166752815247e-02
3.588143363595008850e-02
4.123022034764289856e-02
6.240249425172805786e-02
6.641408801078796387e-02
