2.214065054431557655e-03
3.321097698062658310e-03
3.554157214239239693e-03
3.495892276987433434e-03
2.738449024036526680e-03
3.554157214239239693e-03
3.379362635314464569e-03
2.854978665709495544e-03
3.146303119137883186e-03
2.971508540213108063e-03
3.437627339735627174e-03
2.155800350010395050e-03
4.020276013761758804e-03
3.029773244634270668e-03
3.146303119137883186e-03
3.612422151491045952e-03
2.913243602961301804e-03
2.738449024036526680e-03
3.321097698062658310e-03
3.612422151491045952e-03
4.602924920618534088e-03
4.136805888265371323e-03
4.661189857870340347e-03
3.845481667667627335e-03
4.661189857870340347e-03
3.962011076509952545e-03
5.069043952971696854e-03
4.777719732373952866e-03
5.418633110821247101e-03
5.709957331418991089e-03
4.486395046114921570e-03
5.185573827475309372e-03
4.777719732373952866e-03
4.369865637272596359e-03
3.903746372088789940e-03
5.768222268670797348e-03
4.253335762768983841e-03
5.476898048073053360e-03
5.709957331418991089e-03
5.476898048073053360e-03
4.777719732373952866e-03
6.001282017678022385e-03
4.719454795122146606e-03
5.651692394167184830e-03
5.535162985324859619e-03
4.894249141216278076e-03
5.593427922576665878e-03
5.243838299065828323e-03
6.059546489268541336e-03
4.544659983366727829e-03
5.826487205922603607e-03
4.835984203964471817e-03
6.234341301023960114e-03
6.176076363772153854e-03
6.059546489268541336e-03
6.234341301023960114e-03
6.001282017678022385e-03
5.593427922576665878e-03
6.642195396125316620e-03
6.350871175527572632e-03
6.700460333377122879e-03
6.409136112779378891e-03
5.651692394167184830e-03
5.593427922576665878e-03
5.593427922576665878e-03
5.243838299065828323e-03
5.884752143174409866e-03
6.700460333377122879e-03
5.768222268670797348e-03
7.224844302982091904e-03
7.224844302982091904e-03
7.749227806925773621e-03
6.991784553974866867e-03
7.516168523579835892e-03
7.457903586328029633e-03
8.914525620639324188e-03
7.982287555932998657e-03
9.671968407928943634e-03
8.448406122624874115e-03
1.089553069323301315e-02
1.007982250303030014e-02
1.270174235105514526e-02
1.293480116873979568e-02
1.206082850694656372e-02
1.479927729815244675e-02
1.619763486087322235e-02
1.573151536285877228e-02
1.672201789915561676e-02
1.887781918048858643e-02
2.010138146579265594e-02
2.260676957666873932e-02
2.388859726488590240e-02
2.691837027668952942e-02
2.988987974822521210e-02
3.618248552083969116e-02
4.066888242959976196e-02
4.422303661704063416e-02
5.010778829455375671e-02
6.123638153076171875e-02
