3.609174489974975586e-01
1.283217072486877441e-01
7.224411517381668091e-02
4.769121855497360229e-02
3.253511339426040649e-02
2.515913918614387512e-02
2.071334794163703918e-02
1.758108474314212799e-02
1.394361909478902817e-02
1.111447904258966446e-02
9.295745752751827240e-03
8.487420156598091125e-03
9.194705635309219360e-03
8.487420156598091125e-03
8.487420156598091125e-03
6.466606166213750839e-03
6.264524534344673157e-03
6.264524534344673157e-03
7.173891179263591766e-03
7.274931762367486954e-03
6.769728381186723709e-03
5.860361736267805099e-03
5.961402319371700287e-03
5.759321153163909912e-03
5.254117306321859360e-03
6.567646749317646027e-03
4.546832293272018433e-03
5.052036140114068985e-03
5.557239521294832230e-03
4.849954508244991302e-03
4.041628912091255188e-03
5.759321153163909912e-03
5.456198938190937042e-03
4.142669495195150375e-03
4.445791710168123245e-03
4.445791710168123245e-03
3.738506697118282318e-03
4.546832293272018433e-03
3.435384482145309448e-03
3.334343666210770607e-03
3.233303083106875420e-03
2.829140052199363708e-03
2.728099469095468521e-03
2.424977254122495651e-03
2.930180868133902550e-03
3.031221684068441391e-03
3.031221684068441391e-03
2.222895855084061623e-03
2.424977254122495651e-03
1.717692241072654724e-03
2.424977254122495651e-03
2.222895855084061623e-03
2.121855039149522781e-03
1.515610842034220695e-03
2.121855039149522781e-03
2.930180868133902550e-03
2.121855039149522781e-03
1.616651541553437710e-03
1.313529326580464840e-03
1.919773640111088753e-03
1.717692241072654724e-03
1.919773640111088753e-03
1.212488627061247826e-03
1.414570026099681854e-03
1.414570026099681854e-03
1.313529326580464840e-03
9.093664702959358692e-04
1.414570026099681854e-03
9.093664702959358692e-04
1.515610842034220695e-03
1.515610842034220695e-03
9.093664702959358692e-04
2.020814456045627594e-03
1.212488627061247826e-03
1.414570026099681854e-03
1.010407228022813797e-03
1.414570026099681854e-03
1.919773640111088753e-03
1.212488627061247826e-03
1.414570026099681854e-03
1.010407228022813797e-03
1.313529326580464840e-03
1.010407228022813797e-03
1.010407228022813797e-03
1.515610842034220695e-03
1.010407228022813797e-03
1.010407228022813797e-03
8.083257707767188549e-04
6.062443135306239128e-04
5.052036140114068985e-04
7.072850130498409271e-04
1.111447927542030811e-03
1.010407228022813797e-03
1.212488627061247826e-03
6.062443135306239128e-04
6.062443135306239128e-04
9.093664702959358692e-04
3.031221567653119564e-04
1.010407228022813797e-03
