1.308101491304114461e-04
8.720676851226016879e-05
1.744135370245203376e-04
8.720676851226016879e-05
4.360338425613008440e-05
0.000000000000000000e+00
0.000000000000000000e+00
4.360338425613008440e-05
8.720676851226016879e-05
1.308101491304114461e-04
0.000000000000000000e+00
0.000000000000000000e+00
8.720676851226016879e-05
1.744135370245203376e-04
2.180169249186292291e-04
4.360338425613008440e-05
8.720676851226016879e-05
8.720676851226016879e-05
8.720676851226016879e-05
1.744135370245203376e-04
8.720676851226016879e-05
8.720676851226016879e-05
0.000000000000000000e+00
0.000000000000000000e+00
8.720676851226016879e-05
8.720676851226016879e-05
4.360338425613008440e-05
8.720676851226016879e-05
1.744135370245203376e-04
8.720676851226016879e-05
1.308101491304114461e-04
1.744135370245203376e-04
0.000000000000000000e+00
1.308101491304114461e-04
8.720676851226016879e-05
8.720676851226016879e-05
1.744135370245203376e-04
0.000000000000000000e+00
8.720676851226016879e-05
1.744135370245203376e-04
1.744135370245203376e-04
8.720676851226016879e-05
8.720676851226016879e-05
4.360338425613008440e-05
1.308101491304114461e-04
1.308101491304114461e-04
0.000000000000000000e+00
1.744135370245203376e-04
1.308101491304114461e-04
8.720676851226016879e-05
3.052236861549317837e-04
1.744135370245203376e-04
8.720676851226016879e-05
8.720676851226016879e-05
4.360338425613008440e-05
8.720676851226016879e-05
8.720676851226016879e-05
1.308101491304114461e-04
1.744135370245203376e-04
1.744135370245203376e-04
8.720676851226016879e-05
1.744135370245203376e-04
1.308101491304114461e-04
4.360338425613008440e-05
2.616202982608228922e-04
2.616202982608228922e-04
1.308101491304114461e-04
2.616202982608228922e-04
3.924304619431495667e-04
1.744135370245203376e-04
1.308101491304114461e-04
1.744135370245203376e-04
4.360338498372584581e-04
1.308101491304114461e-04
1.308101491304114461e-04
2.616202982608228922e-04
2.616202982608228922e-04
1.744135370245203376e-04
2.616202982608228922e-04
5.668440135195851326e-04
5.232405965216457844e-04
5.232405965216457844e-04
6.104473723098635674e-04
4.796372086275368929e-04
7.412575068883597851e-04
6.976541480980813503e-04
1.090084551833570004e-03
1.438911654986441135e-03
1.177291385829448700e-03
1.090084551833570004e-03
1.744135399349033833e-03
2.180169103667140007e-03
2.528996206820011139e-03
1.831342116929590702e-03
3.706287592649459839e-03
4.316735081374645233e-03
6.496903952211141586e-03
1.094444934278726578e-02
2.856021560728549957e-02
