3.799031255766749382e-04
5.935986409895122051e-04
6.410865462385118008e-04
5.461107357405126095e-04
2.374394534854218364e-04
1.899515627883374691e-04
4.036470782011747360e-04
3.799031255766749382e-04
2.611833915580064058e-04
3.324152203276753426e-04
2.849273441825062037e-04
3.086712968070060015e-04
3.561591729521751404e-04
4.273910017218440771e-04
3.799031255766749382e-04
2.849273441825062037e-04
2.374394534854218364e-04
3.324152203276753426e-04
1.662076101638376713e-04
2.849273441825062037e-04
2.611833915580064058e-04
2.849273441825062037e-04
3.561591729521751404e-04
2.849273441825062037e-04
3.799031255766749382e-04
1.662076101638376713e-04
2.849273441825062037e-04
4.036470782011747360e-04
3.561591729521751404e-04
1.662076101638376713e-04
4.036470782011747360e-04
3.561591729521751404e-04
3.324152203276753426e-04
2.611833915580064058e-04
2.374394534854218364e-04
4.748789069708436728e-04
4.273910017218440771e-04
3.561591729521751404e-04
2.611833915580064058e-04
4.273910017218440771e-04
4.273910017218440771e-04
3.799031255766749382e-04
3.561591729521751404e-04
4.273910017218440771e-04
4.036470782011747360e-04
3.799031255766749382e-04
4.273910017218440771e-04
3.324152203276753426e-04
2.849273441825062037e-04
4.748789069708436728e-04
3.561591729521751404e-04
3.799031255766749382e-04
4.986228304915130138e-04
5.461107357405126095e-04
5.223667831160128117e-04
4.748789069708436728e-04
5.461107357405126095e-04
4.511349543463438749e-04
5.461107357405126095e-04
5.935986409895122051e-04
4.511349543463438749e-04
5.935986409895122051e-04
6.885743932798504829e-04
7.598062511533498764e-04
3.799031255766749382e-04
6.648304406553506851e-04
6.648304406553506851e-04
9.022699086926877499e-04
6.410865462385118008e-04
5.698546883650124073e-04
1.020989613607525826e-03
6.885743932798504829e-04
9.972456609830260277e-04
7.123183459043502808e-04
1.020989613607525826e-03
1.115965424105525017e-03
1.282173092477023602e-03
1.305917045101523399e-03
1.258429139852523804e-03
1.519612502306699753e-03
1.400892739184200764e-03
1.804539817385375500e-03
1.614588312804698944e-03
2.255674917250871658e-03
2.326906658709049225e-03
2.873017452657222748e-03
2.469370374456048012e-03
2.825529547408223152e-03
3.442872082814574242e-03
4.345141816884279251e-03
4.202678333967924118e-03
6.125937681645154953e-03
6.505840923637151718e-03
8.120429702103137970e-03
1.094595901668071747e-02
1.384272053837776184e-02
1.821160688996315002e-02
2.854022197425365448e-02
6.209041550755500793e-02
