4.224343597888946533e-01
1.455847322940826416e-01
8.233889937400817871e-02
3.699284046888351440e-02
2.744629979133605957e-02
2.386634796857833862e-02
1.670644432306289673e-02
1.670644432306289673e-02
7.159904576838016510e-03
7.159904576838016510e-03
8.353222161531448364e-03
4.773269873112440109e-03
5.966586992144584656e-03
1.073985639959573746e-02
9.546539746224880219e-03
2.386634936556220055e-03
1.193317468278110027e-03
1.193317468278110027e-03
3.579952288419008255e-03
4.773269873112440109e-03
7.159904576838016510e-03
4.773269873112440109e-03
4.773269873112440109e-03
4.773269873112440109e-03
5.966586992144584656e-03
2.386634936556220055e-03
3.579952288419008255e-03
1.193317468278110027e-03
2.386634936556220055e-03
2.386634936556220055e-03
3.579952288419008255e-03
3.579952288419008255e-03
1.193317468278110027e-03
1.193317468278110027e-03
2.386634936556220055e-03
1.193317468278110027e-03
0.000000000000000000e+00
0.000000000000000000e+00
2.386634936556220055e-03
3.579952288419008255e-03
1.193317468278110027e-03
0.000000000000000000e+00
1.193317468278110027e-03
2.386634936556220055e-03
1.193317468278110027e-03
3.579952288419008255e-03
2.386634936556220055e-03
1.193317468278110027e-03
1.193317468278110027e-03
1.193317468278110027e-03
3.579952288419008255e-03
1.193317468278110027e-03
1.193317468278110027e-03
2.386634936556220055e-03
2.386634936556220055e-03
1.193317468278110027e-03
1.193317468278110027e-03
1.193317468278110027e-03
0.000000000000000000e+00
1.193317468278110027e-03
1.193317468278110027e-03
2.386634936556220055e-03
2.386634936556220055e-03
1.193317468278110027e-03
1.193317468278110027e-03
0.000000000000000000e+00
2.386634936556220055e-03
1.193317468278110027e-03
1.193317468278110027e-03
1.193317468278110027e-03
2.386634936556220055e-03
2.386634936556220055e-03
3.579952288419008255e-03
2.386634936556220055e-03
3.579952288419008255e-03
2.386634936556220055e-03
1.193317468278110027e-03
1.193317468278110027e-03
2.386634936556220055e-03
0.000000000000000000e+00
0.000000000000000000e+00
0.000000000000000000e+00
2.386634936556220055e-03
1.193317468278110027e-03
2.386634936556220055e-03
1.193317468278110027e-03
2.386634936556220055e-03
2.386634936556220055e-03
2.386634936556220055e-03
0.000000000000000000e+00
2.386634936556220055e-03
0.000000000000000000e+00
0.000000000000000000e+00
4.773269873112440109e-03
2.386634936556220055e-03
1.193317468278110027e-03
0.000000000000000000e+00
1.193317468278110027e-03
4.773269873112440109e-03
