1.126250622121743800e+04
2.815954397602625704e+03
5.317608824339528439e+01
2.266158369829469166e+01
3.861910029497967400e+01
2.220081159397345516e+01
5.302654338614061658e+01
2.165467262684380856e+01
3.688034826244413011e+01
1.967112366902330933e+01
4.097741391270643874e+01
2.175911765506839757e+01
4.534024363417186976e+01
2.151556973605378076e+01
4.203684881248065608e+01
2.230459256421246650e+01
4.593956291624264310e+01
2.147571269660311089e+01
4.069785806610065038e+01
1.557616962703528429e+01
2.263997949966369205e+01
1.491033221648494766e+01
3.627698904592112683e+01
1.496106187749786898e+01
2.508380327791162756e+01
1.308632285682378438e+01
2.726568481424891743e+01
1.441063321025852240e+01
2.903145739643916201e+01
1.341655082663013587e+01
2.529179614625088846e+01
1.036441184872932375e+01
1.595441590353476791e+01
1.178284808638237102e+01
3.154736338128726914e+01
1.761839092069561730e+01
3.980700176170479665e+01
1.763724828640468445e+01
3.193525001137147612e+01
1.454254469384061643e+01
2.695767595970799135e+01
1.835837079342961076e+01
4.798231652915765721e+01
2.080027802060939734e+01
3.574946302261937348e+01
2.463439086839321135e+01
6.027000666419645114e+01
2.700822518029608332e+01
4.997599424705142468e+01
