3.545223141121505760e+05
9.266028433402454539e+04
1.241692506395902683e+03
5.442234402495317909e+02
9.723024550250455604e+02
4.209369070124099039e+02
7.103067438071431070e+02
4.132297016390820090e+02
9.379374514420890137e+02
4.573639635283315670e+02
8.989330519671907496e+02
3.824271129752318075e+02
6.073811253418756451e+02
3.291974872815954996e+02
7.145050015255377502e+02
3.459953203491118643e+02
6.471763627451632601e+02
3.103702649354259506e+02
6.051780383517806285e+02
3.572051801133208642e+02
8.207751352358834538e+02
3.340779267346995312e+02
5.382042776911987403e+02
2.664430000175632358e+02
5.001372292342933861e+02
2.638830228733734202e+02
5.472380176591822192e+02
2.670800060412446442e+02
5.499298072100236823e+02
3.038922413370842719e+02
6.671865528166404147e+02
2.943331122279015517e+02
4.900744228983401740e+02
2.692685925478576223e+02
5.753623926342038430e+02
2.121430313952251083e+02
2.669066206861737101e+02
1.274286675755188583e+02
2.289231515756224553e+02
1.301486780355343456e+02
2.985369958202248313e+02
1.503448714390577834e+02
3.172639545422111382e+02
1.387635454600500680e+02
2.455961250988402469e+02
1.512451690155776589e+02
3.628020970313322096e+02
1.388427481459008845e+02
2.081638034589559823e+02
