8.253154050976105674e-03
4.162813053029285060e-02
3.873824209203221430e-02
1.444301880721681267e-02
7.438155624130599053e-02
5.436765368730234887e-02
3.094932709196297066e-04
1.702265568322047957e-03
2.321199603164086304e-03
6.705687043262027964e-04
4.281323692435626271e-03
2.733857576774089554e-03
4.126576945595062393e-04
2.114936091770201233e-03
3.610754800349342663e-03
7.221509439558598375e-04
6.241448158627249491e-03
3.559172743709578500e-03
4.642399209054427485e-04
2.218103625231786832e-03
3.817084095262815967e-03
8.768975806729632349e-04
8.356318950555606181e-03
3.662337349828181932e-03
7.221509364271395687e-04
3.765617601160098447e-03
4.178159120208272022e-03
9.284798203026202760e-04
8.459483167713430229e-03
5.364550547429574809e-03
6.189865999432521675e-04
3.971953057685080092e-03
4.900309997534599456e-03
1.134808532305645046e-03
1.062593606822069894e-02
6.602523578168365513e-03
1.289555368128448036e-03
5.777386549070524097e-03
7.118345780677362913e-03
1.856959476261504883e-03
1.511358928002021727e-02
7.788914866518966904e-03
1.444301989062264646e-03
7.737570658845178972e-03
9.284798412656345215e-03
1.753795161345926470e-03
2.248984708252825884e-02
1.258606064096733611e-02
2.321199662631206768e-03
1.351495642871208130e-02
1.392719761898451696e-02
2.991767926395281878e-03
3.363160423653807629e-02
1.965282326465607812e-02
3.920248040211316357e-03
2.470864345193894002e-02
3.363160225657964991e-02
6.602522728346448683e-03
6.571574738580529540e-02
4.740405633552915998e-02
4.793535006162357170e-01
1.566187409936971697e+00
7.669243343225508047e-01
6.738700261688707061e-01
2.080826430998749643e+00
1.040310053584116101e+00
