3.386530592862613265e-02
1.926111903179698714e+00
3.312976048899267667e+00
4.887800866641506953e-02
1.280165988957582490e+00
3.147285833225995422e+00
8.272593423398939133e-03
4.937264495672302189e-01
8.881743435135754927e-01
1.243724568259552826e-02
3.273734621187485705e-01
8.481895126119206596e-01
3.489000823925373849e-06
7.446263183728742130e-02
1.282229623617664738e-01
4.648826076273660680e-06
7.238236929892745419e-02
2.348193369977047140e-01
3.694924409798130672e-06
3.224973383089439066e-02
6.416193674991839402e-02
4.676270941061963331e-04
3.256746200170945044e-02
1.068465365952318558e-01
3.417135773705386093e-06
5.494123943854020697e-02
1.309394159245493017e-01
1.936610590113222894e-03
5.840438196430110251e-02
1.928605376806803440e-01
1.461003994713554145e-03
2.537494641759966557e-02
5.663255786337626635e-02
4.698997334609729144e-04
3.274573451124004886e-02
1.064822066035895354e-01
6.012568339170320554e-03
4.899620170620116316e-02
1.010026256837582709e-01
4.839226645616937468e-06
7.210750563699971916e-02
2.274220149841820471e-01
1.477132756431096721e-03
2.982555611244202057e-02
5.904792953813414735e-02
4.558015164056747582e-06
3.580816959064144628e-02
1.246863903437113730e-01
3.384027903212228570e-06
6.913114634161678096e-02
1.357179307854594341e-01
4.642879142501384198e-06
7.615394567613063825e-02
2.564764614206839211e-01
5.021805851046441714e-04
3.441059927101542543e-02
6.606950721989787723e-02
4.484382990423531004e-06
3.839131230569042125e-02
1.222521864101584060e-01
1.952372642527017664e-03
6.682248031547910472e-02
1.217852112103495338e-01
4.668401905906896666e-06
7.774397605718824655e-02
2.336698365941773381e-01
4.866817605870697640e-04
2.758117718336242086e-02
6.904902861380363133e-02
4.666537693847754154e-06
3.992494118158624455e-02
1.210164046075579147e-01
3.673673726819184472e-06
4.305860303454565191e-02
1.513336284146129529e-01
4.508003982907372311e-06
8.019241355560215168e-02
2.594687530750979243e-01
3.446566303507797536e-06
2.654846169808276063e-02
7.258755086372757626e-02
4.560374808795191655e-06
4.250930200051854235e-02
1.352616692823312428e-01
3.557493131164216815e-06
6.575280302143614308e-02
1.390406190822094934e-01
4.747773784584674945e-06
9.115894222334797181e-02
2.926971378341454155e-01
9.895440021739580327e-04
3.491569941446485276e-02
7.285837712498764718e-02
9.731204112141391901e-04
5.095705687722205252e-02
1.445534946523001629e-01
3.980933353849273534e-03
7.280408005996266696e-02
1.504819831514686013e-01
3.818976672371675665e-03
1.077243817738220144e-01
2.944759892089720554e-01
9.891487437538508485e-04
3.016074481556100736e-02
7.814700163111226727e-02
9.611047177276288000e-04
5.565640218719474647e-02
1.425637082077316764e-01
3.474669778919143205e-06
5.095017851046390600e-02
1.658361119175903176e-01
4.458221235718899726e-06
1.161760832597669296e-01
2.896767263821220517e-01
1.472370134535932931e-03
3.324581014964631681e-02
8.459682415870706240e-02
4.629397034833180706e-06
6.008861428491013568e-02
1.433872823076298986e-01
5.993690778151860958e-03
7.933169326861420900e-02
1.759095921048877409e-01
4.459534892603242652e-06
1.198442510327236560e-01
2.896392490647179407e-01
1.964439838191345874e-03
3.719433999384192530e-02
9.363422571437540753e-02
1.942232983494335133e-03
6.428968045305233359e-02
1.539904042254371663e-01
1.957471131640995538e-03
6.741152512640849470e-02
2.045007264651245715e-01
7.743287296381407003e-03
1.421273796153716129e-01
3.445221703967383253e-01
4.937890726211541107e-04
3.751944680177889818e-02
1.075391118860242190e-01
2.836420933353863902e-03
7.287130860951900047e-02
1.812567949154434144e-01
3.690895943629356382e-06
8.810485776829053706e-02
2.198721448180304683e-01
3.897378633410588256e-03
1.438658027401007733e-01
3.933654391661922101e-01
3.424203773639958166e-06
5.258830271702973069e-02
1.195684766717958480e-01
9.472728747678435361e-04
7.510267187612298945e-02
1.968072509326526942e-01
3.640072126493079047e-06
1.229646378337790197e-01
2.487973985190126136e-01
4.731680807825809999e-06
1.486329608928477486e-01
3.901520534278631880e-01
4.972605784656281740e-04
5.293964522278805929e-02
1.316824375446874196e-01
9.506268440422781154e-04
8.323228023170445300e-02
2.008360982223338642e-01
2.014406642051213246e-03
8.944478304213245023e-02
2.681090756173631351e-01
3.899607019130629185e-03
1.835859055796298378e-01
4.075664771965619715e-01
4.834121599403504730e-04
4.607918439019235285e-02
1.394081202603996983e-01
9.693342606776484934e-04
9.191236160802776500e-02
2.251891874994282616e-01
3.486020233632872289e-06
9.057760022101833675e-02
2.887157749378527760e-01
4.897707857105257974e-06
1.901474615524294809e-01
4.891808565066640413e-01
9.806996186292123337e-04
4.717383049150192936e-02
1.596743572371024655e-01
4.215285721751811134e-03
9.123747540953626445e-02
2.437470635253206341e-01
3.986881410351019069e-03
9.494612609534403003e-02
3.469281847834060906e-01
1.696420993499800356e-02
1.758459253394467903e-01
5.228671853038159290e-01
1.004908073027394348e-03
4.748946958679097635e-02
1.910682454832411115e-01
8.632971533532114022e-03
9.741532061841359780e-02
2.733874236611755770e-01
3.392738700477813748e-06
9.771165614839698310e-02
4.095070204348025822e-01
1.752223683559803874e-02
2.032462783815351393e-01
5.453231342189706066e-01
4.955111636049414634e-04
6.423945788964874337e-02
2.261028128967667306e-01
9.789462092186925271e-03
1.115280325809043654e-01
2.940964996474226822e-01
1.963258696757297535e-03
1.580053461625650635e-01
4.815597286997972404e-01
2.131284392964772137e-02
2.424870451597575249e-01
6.202421321155903167e-01
2.461362894756382192e-03
8.310486609129512370e-02
2.450508242481465038e-01
1.070589331437422562e-02
1.308511704469794146e-01
3.122299392704847576e-01
7.763756859005681819e-03
1.672709841178736667e-01
5.264845109122230360e-01
2.090611588959655209e-02
2.866193659605240085e-01
6.694332889020631061e-01
4.506874793882764338e-03
8.913225738368223128e-02
2.945245035196128458e-01
1.591787689287004967e-02
1.563369309835417886e-01
3.779460532802580430e-01
9.983234306600932695e-03
1.945202396559365388e-01
6.512858542240782533e-01
4.277005878091789948e-02
3.394850188921176293e-01
8.406960415993666169e-01
3.926733856841512632e-03
1.022883871129454669e-01
3.789082149967317736e-01
2.427849595652130724e-02
2.025177743676414011e-01
4.883845571937696639e-01
5.853589359596565386e-03
2.128165540640421793e-01
8.240273541601532692e-01
5.443058714789283936e-02
4.647687806292444823e-01
1.118585266335960338e+00
7.298412123371924437e-03
1.342568702628975097e-01
4.885914774689542051e-01
3.272783770495356348e-02
2.843647855373936939e-01
7.018011324879500634e-01
2.377569374743973563e-02
3.256880781916812184e-01
1.171808375477637831e+00
7.462133073263055305e-02
6.412084276038806374e-01
1.627767592627066717e+00
3.687514596242044695e-02
1.854414982083985586e-01
7.837080064786767775e-01
5.014460439440829309e-02
3.896226491668975389e-01
1.029271432000985698e+00
1.287726219784962878e-01
4.352289033104966287e-01
1.999057476510718523e+00
1.284965739787719274e-01
9.002261264461579593e-01
2.567612751056923326e+00
1.978762611263615023e-01
7.770669002015661020e-01
2.294213197532468662e+00
2.104399572626285686e-01
9.283448058310126427e-01
2.589026324638801224e+00
6.423670300736263883e-01
2.726681819400198936e+00
7.355371895687656369e+00
7.369567625194335392e-01
2.882300456990356530e+00
7.566506101554120178e+00
