2.307408804936758262e+00
2.065754499883114903e+01
5.966522639076939782e+01
1.262838640902495424e+00
2.753299950498191251e+01
6.546492882495475385e+01
2.806307979091375859e-01
3.429932089442446208e-01
3.336388272152474688e+00
9.354359690726604670e-02
1.637012924148158799e+00
4.334186545379423272e+00
1.714965987222507593e-01
7.327582319618807238e-01
3.897650037243485688e+00
1.559059996370030510e-01
2.073549736461015147e+00
4.708361099406286776e+00
1.870871986060917425e-01
8.263018086937766737e-01
4.287414755739353822e+00
2.182684023667400552e-01
2.385361814984513273e+00
5.207260164981258654e+00
2.338590203859082506e-01
7.795299946203853025e-01
5.191669473106728994e+00
1.714966039131070319e-01
2.525676957459963567e+00
5.612615931843693673e+00
2.494495981414556474e-01
8.886642617348898820e-01
5.425528874661210921e+00
3.741743876290641868e-01
2.541267854246262115e+00
6.672776828458959919e+00
4.365367967475474176e-01
1.060160776230960167e+00
7.218447720656126165e+00
3.118119992740061019e-01
2.697173893508011400e+00
7.265219532540647229e+00
2.962214199212721555e-01
1.294019743768143549e+00
9.276407145685192646e+00
4.365368047334801105e-01
3.367569764713490787e+00
1.007152732856540389e+01
2.962213977929785691e-01
2.322999447723207656e+00
1.262838600657750199e+01
4.988992218378960342e-01
4.334186817656170199e+00
1.368854733790339040e+01
4.833085742707767252e-01
4.645998895446415311e+00
2.056400137972298481e+01
8.263017391399325451e-01
5.799703293856487640e+00
2.160857200019686886e+01
9.977983925658225894e-01
2.165534323204494527e+01
2.163975314368550329e+01
3.367569603659009037e+00
1.061719863798399643e+01
3.779161500576929456e+01
