2.304000342741938212e+00
5.964927992406043877e-01
1.273554787741855709e-01
6.369106945731520253e-02
1.222261678544956931e-01
7.254395044189577979e-02
1.608315902755973470e-01
7.327580443059808490e-02
1.378222661286642448e-01
7.312885233204992341e-02
1.508075772374505574e-01
7.945850391818494451e-02
1.592068855889021417e-01
9.000671812832067298e-02
2.046755743136206007e-01
9.834204940935681316e-02
1.886548236517652244e-01
9.522382683258436009e-02
1.809933341425952191e-01
1.059120707043682136e-01
2.312737865357084865e-01
1.184396082232879038e-01
2.471054528081581825e-01
1.216672495904676798e-01
2.437971823674288385e-01
1.334695823783676738e-01
2.981983497953173967e-01
1.578141201401891680e-01
3.358218587778863395e-01
1.727206282854899244e-01
3.505899678583607182e-01
1.844792988794512478e-01
3.699707255278093521e-01
1.841459275946024376e-01
3.652254569951493002e-01
1.933936283854364724e-01
3.924654399087078027e-01
2.104990926012335895e-01
4.296169442579937936e-01
2.362310933911552502e-01
5.192043524975524793e-01
2.940665939809589680e-01
6.646538720980752490e-01
3.805855117247332053e-01
8.719355234179952951e-01
5.717138756438461256e-01
1.446150562680130314e+00
1.361268916165514264e+00
3.871520990068102464e+00
