1.998853086737779677e+03
5.181450153560338094e+02
2.632153078254789169e-01
1.278735012935453830e-01
2.414947582733563691e-01
1.201197406957987823e-01
2.314053762544762971e-01
1.112558052836364469e-01
2.204506634591110459e-01
1.051487677611549904e-01
2.091342165742693937e-01
1.009534170491687699e-01
1.956615230381164305e-01
9.610644691842082366e-02
1.815640712405544865e-01
8.849646367941897684e-02
1.721670409303560634e-01
8.521853490245936968e-02
1.656787511674027713e-01
8.127820950932199140e-02
1.590242675117683468e-01
7.578910505690486521e-02
1.542711192864927583e-01
7.486547287981262788e-02
1.430475535973174117e-01
7.144437314447885101e-02
1.389141151311968081e-01
6.681438008165897779e-02
1.311696976248889757e-01
6.448573347687670820e-02
1.258436407627390174e-01
6.205036107312374843e-02
1.196864542327487763e-01
5.978693609361671740e-02
1.184789195029582465e-01
5.633189208398856063e-02
1.147473470197630241e-01
5.487596499110886789e-02
1.078291493743375878e-01
5.421118113428921581e-02
1.051262423554711473e-01
5.037394628888961640e-02
9.852078728225527327e-02
4.947685939334770661e-02
9.650623980601132079e-02
4.824199388838940061e-02
9.358094185820833855e-02
4.507099123276142594e-02
9.239268482324347609e-02
