1.143598345930185133e+04
2.893812593673876563e+03
3.712667359057180505e+01
2.248931713928924481e+01
5.283902888232594108e+01
2.595021747170141424e+01
5.032449596924948310e+01
2.350381170286533461e+01
4.137789862794808471e+01
2.047987378809103731e+01
3.752086673585707643e+01
1.871493071161717126e+01
3.769171600442886927e+01
1.590176360469862971e+01
2.437241837145293033e+01
1.537228850140969705e+01
3.573669662330230778e+01
1.333792898696679785e+01
1.754693739697277266e+01
1.344877802548244006e+01
3.605825873377574453e+01
1.495907716884885907e+01
2.407617667084240409e+01
1.200328796781588991e+01
2.411268033727849058e+01
9.068236405732745808e+00
1.133086198152460611e+01
1.126917378732807329e+01
3.315303767343887387e+01
1.476712088754090146e+01
2.441498932600599758e+01
1.333493638194127229e+01
2.924402294035944294e+01
1.039571593654308401e+01
1.356953056068720898e+01
1.362024068540534927e+01
4.042141076560307766e+01
1.799912655280251172e+01
3.107369838254316363e+01
1.562769396306427616e+01
3.157984608010635696e+01
1.248390441591763178e+01
1.783679934617692098e+01
1.221734407503112863e+01
3.129153770195168249e+01
1.064837522443295725e+01
1.103156268491353842e+01
1.044335583664088141e+01
3.171108997917323791e+01
