3.613535040339301340e+05
9.041681150554938358e+04
9.602341220370998371e+02
4.560415090274887007e+02
8.484936666709091924e+02
4.561616428267312813e+02
9.539732334250577424e+02
3.970176531940564360e+02
6.390176080512391081e+02
3.657973356543573686e+02
8.204787276701437122e+02
3.496320438185083503e+02
5.796710081794042253e+02
3.211200894229658616e+02
6.863851854715210266e+02
3.141411324323479448e+02
5.836838675714695910e+02
3.044240163629746121e+02
6.625946151186767565e+02
2.956952134278163840e+02
5.257677283808437778e+02
2.622645856305729808e+02
5.258923263561267731e+02
2.046737031285746298e+02
2.712089623056047003e+02
1.854234123553571862e+02
4.581118110653538906e+02
2.006931595767649412e+02
3.546059666099300216e+02
1.634471663382186648e+02
3.108531329207742147e+02
1.686022065467777225e+02
3.504329058837201956e+02
1.734666066412112571e+02
3.588162813023603803e+02
1.370294277488915213e+02
2.016016511443220054e+02
6.674497658815965906e+01
6.544163021336137831e+01
5.623561372313933049e+01
1.566315505016875704e+02
6.659889752194590073e+01
1.090607956413810768e+02
6.597698705335237435e+01
1.559841166154647283e+02
7.764613171660235480e+01
1.547535243428666831e+02
6.246518849388227324e+01
8.864710111123862646e+01
