2.304187106502098015e+00
5.950859740704685930e-01
1.287632722908466920e-01
6.147482992135562541e-02
1.191901391649338171e-01
7.078294024454315214e-02
1.645711190407538604e-01
7.423646945735608293e-02
1.360979680611311138e-01
7.328660267093151104e-02
1.554672545694230912e-01
7.619847751289142435e-02
1.570955952080659301e-01
9.205458125250362555e-02
2.064157977358288265e-01
9.813655609996461970e-02
1.884681502237159911e-01
9.144802027928740362e-02
1.835081753085475720e-01
1.039934629772076152e-01
2.382628600877698122e-01
1.186014756834040118e-01
2.412015728875835374e-01
1.218485481943007293e-01
2.447913002174925690e-01
1.335043195570020935e-01
2.933180451294188362e-01
1.602121938688351732e-01
3.390952474196290978e-01
1.724163156261983021e-01
3.434093910153747098e-01
1.765113724658099459e-01
3.705928811431659087e-01
1.801357608752051642e-01
3.659350300459295879e-01
1.865111275199910768e-01
3.997239116914390600e-01
2.000672951895326457e-01
4.136536599889595323e-01
2.306463416656278909e-01
5.272989842788762260e-01
2.900654433932468024e-01
6.570980855694079636e-01
3.719065877790893593e-01
8.598186162408746336e-01
5.661413051311569022e-01
1.414125466712499612e+00
1.292682756555956658e+00
3.673146911474364451e+00
