4.798699915409088135e-01
1.244064867496490479e-01
5.135297775268554688e-02
3.681556507945060730e-02
2.976384200155735016e-02
2.336255647242069244e-02
1.527301222085952759e-02
1.526024565100669861e-02
8.466113358736038208e-03
1.374470163136720657e-02
1.058621983975172043e-02
7.182769477367401123e-03
6.400585640221834183e-03
8.478179574012756348e-03
5.576590076088905334e-03
7.994698360562324524e-03
8.293400518596172333e-03
8.275723084807395935e-03
6.872000172734260559e-03
5.743690766394138336e-03
1.641535433009266853e-03
5.277887452393770218e-03
2.842101268470287323e-03
6.508197635412216187e-03
6.275295745581388474e-03
6.060071289539337158e-03
1.952304970473051071e-03
5.152597557753324509e-03
3.749575233086943626e-03
2.764233620837330818e-03
3.450872609391808510e-03
4.107766784727573395e-03
2.967390697449445724e-03
6.777155678719282150e-03
1.343533396720886230e-03
2.967390697449445724e-03
7.445416413247585297e-03
8.633915334939956665e-03
2.280752174556255341e-03
5.839236080646514893e-03
2.746555721387267113e-03
3.170548472553491592e-03
2.764233620837330818e-03
3.624285105615854263e-03
2.871845616027712822e-03
3.469250630587339401e-03
4.388791508972644806e-03
3.403450362384319305e-03
5.588656757026910782e-03
6.215806584805250168e-03
