1.242494792677462101e-03
2.541407244279980659e-03
3.823291044682264328e-03
3.309591906145215034e-03
3.088410478085279465e-03
2.722601871937513351e-03
2.517267363145947456e-03
3.596510272473096848e-03
4.146932624280452728e-03
3.419704968109726906e-03
3.575248178094625473e-03
3.553830087184906006e-03
3.925082739442586899e-03
5.979055538773536682e-03
4.481975454837083817e-03
4.331362899392843246e-03
5.093590356409549713e-03
3.756443038582801819e-03
4.600795451551675797e-03
5.098520778119564056e-03
6.076457910239696503e-03
5.977359600365161896e-03
5.066728219389915466e-03
4.709754604846239090e-03
6.074917968362569809e-03
7.159119471907615662e-03
5.175202153623104095e-03
5.925359204411506653e-03
7.181563880294561386e-03
6.768144667148590088e-03
7.431815378367900848e-03
7.159147411584854126e-03
8.785421960055828094e-03
7.823816500604152679e-03
8.489668369293212891e-03
9.404717013239860535e-03
1.013194490224123001e-02
9.933750145137310028e-03
1.092478260397911072e-02
1.211743056774139404e-02
1.423232257366180420e-02
1.592256501317024231e-02
1.955359056591987610e-02
2.194006741046905518e-02
2.308880910277366638e-02
2.848198637366294861e-02
3.346665948629379272e-02
4.505865275859832764e-02
7.068396359682083130e-02
5.004501342773437500e-01
