4.882287383079528809e-01
1.211478263139724731e-01
6.183692067861557007e-02
4.092148691415786743e-02
2.788723818957805634e-02
2.172375470399856567e-02
1.929877698421478271e-02
1.475194469094276428e-02
1.525714807212352753e-02
1.394362002611160278e-02
1.364049687981605530e-02
1.151864230632781982e-02
1.222592685371637344e-02
1.030615251511335373e-02
8.588461205363273621e-03
7.780135609209537506e-03
8.285338990390300751e-03
7.375972345471382141e-03
6.062442902475595474e-03
6.365565583109855652e-03
5.254117771983146667e-03
6.567646749317646027e-03
4.546832293272018433e-03
3.233302850276231766e-03
3.738506697118282318e-03
3.435384482145309448e-03
3.637466114014387131e-03
3.334343666210770607e-03
2.627058653160929680e-03
3.839547280222177505e-03
4.344751127064228058e-03
3.334343899041414261e-03
2.627058653160929680e-03
1.616651541553437710e-03
2.627058653160929680e-03
2.728099469095468521e-03
3.233303083106875420e-03
2.222895855084061623e-03
2.424977254122495651e-03
2.323936671018600464e-03
2.121855039149522781e-03
1.616651541553437710e-03
1.313529442995786667e-03
1.414570026099681854e-03
2.424977254122495651e-03
1.818732940591871738e-03
1.313529442995786667e-03
6.062443135306239128e-04
1.010407228022813797e-03
1.515610842034220695e-03
