1.805582782253623009e-03
2.473101485520601273e-03
1.925912103615701199e-03
1.886561047285795212e-03
1.680207555182278156e-03
1.608520979061722755e-03
1.718351617455482483e-03
2.094027120620012283e-03
2.200820483267307281e-03
1.723264344036579132e-03
1.786778448149561882e-03
2.844666130840778351e-03
3.212168812751770020e-03
1.863199751824140549e-03
3.497085766866803169e-03
3.145616967231035233e-03
4.391187336295843124e-03
3.064505523070693016e-03
3.686375683173537254e-03
3.903984092175960541e-03
3.435001242905855179e-03
3.647697390988469124e-03
4.021764732897281647e-03
4.941191989928483963e-03
5.388064775615930557e-03
5.529874935746192932e-03
4.638544283807277679e-03
6.106857676059007645e-03
6.213383749127388000e-03
5.847845226526260376e-03
6.210702471435070038e-03
7.058308459818363190e-03
7.256578188389539719e-03
7.606393657624721527e-03
7.858885452151298523e-03
7.717297878116369247e-03
8.734900504350662231e-03
9.839238598942756653e-03
9.709443897008895874e-03
1.180851832032203674e-02
1.363004185259342194e-02
1.442146115005016327e-02
1.395413652062416077e-02
1.657954044640064240e-02
2.154070138931274414e-02
2.763912081718444824e-02
3.517048060894012451e-02
4.886504262685775757e-02
8.571636676788330078e-02
5.384007096290588379e-01
