2.327149268239736557e-03
2.979621291160583496e-03
2.675134455785155296e-03
2.131407847627997398e-03
1.783422892913222313e-03
1.783422892913222313e-03
1.652928534895181656e-03
1.565932296216487885e-03
1.326692523434758186e-03
1.652928534895181656e-03
1.609430415555834770e-03
1.718175713904201984e-03
1.587681355886161327e-03
1.544183352962136269e-03
1.565932296216487885e-03
1.522434176877140999e-03
1.457186997868120670e-03
1.522434293292462826e-03
1.478936057537794113e-03
1.848670071922242641e-03
1.631179591640830040e-03
2.000913489609956741e-03
1.826921012252569199e-03
1.935666310600936413e-03
2.109658904373645782e-03
1.892168307676911354e-03
2.305400324985384941e-03
2.544640097767114639e-03
2.501141745597124100e-03
2.261902205646038055e-03
1.935666427016258240e-03
2.435894683003425598e-03
3.066617529839277267e-03
3.153613768517971039e-03
3.936579916626214981e-03
4.088823683559894562e-03
4.632549360394477844e-03
4.262815229594707489e-03
5.306771025061607361e-03
6.481220014393329620e-03
6.459470838308334351e-03
7.764413952827453613e-03
9.352095425128936768e-03
1.133126020431518555e-02
1.420213654637336731e-02
1.933491230010986328e-02
2.631636336445808411e-02
4.321538284420967102e-02
8.392962068319320679e-02
6.820504665374755859e-01
