5.889822840690612793e-01
1.644905507564544678e-01
5.550587177276611328e-02
2.617301791906356812e-02
2.068801224231719971e-02
1.436833012849092484e-02
1.156620681285858154e-02
1.007571630179882050e-02
8.346747606992721558e-03
7.869790308177471161e-03
7.690931670367717743e-03
6.379299797117710114e-03
5.902342963963747025e-03
5.902343429625034332e-03
5.186907947063446045e-03
4.232993349432945251e-03
4.292612895369529724e-03
3.219459904357790947e-03
3.338699229061603546e-03
3.100220579653978348e-03
2.504024421796202660e-03
2.027067355811595917e-03
2.265546005219221115e-03
1.609729952178895473e-03
2.325165551155805588e-03
2.027067355811595917e-03
2.265546005219221115e-03
2.146306447684764862e-03
2.325165551155805588e-03
2.444404643028974533e-03
1.669349498115479946e-03
1.848208368755877018e-03
2.265546005219221115e-03
1.788588706403970718e-03
1.609729835763573647e-03
7.154354825615882874e-04
1.073153340257704258e-03
1.132772886194288731e-03
7.750551449134945869e-04
6.558159366250038147e-04
8.942943532019853592e-04
8.346746908500790596e-04
7.750551449134945869e-04
7.154354825615882874e-04
8.346746908500790596e-04
6.558159366250038147e-04
6.558158784173429012e-04
5.961962742730975151e-04
5.961962742730975151e-04
6.558159366250038147e-04
