1.055049420092537771e+00
2.076701046919670279e+00
1.668950281891086407e+00
1.883542459190995499e+00
5.075686064901690386e+00
1.357234065486445651e+00
1.172277106070218067e-01
9.518212652919927352e-02
9.675074084555772280e-02
9.417712717184700821e-02
4.316331645079415913e-01
1.342319355838430817e-01
6.312261340378097496e-02
1.211408897120968692e-01
1.290009939413187534e-01
7.705400790386894572e-02
4.316331645079415913e-01
1.491466027698975794e-01
1.983853728314441123e-01
9.518212652919927352e-02
1.773763874162543330e-01
1.027386695246166465e-01
5.115652076165231321e-01
2.162625705618191341e-01
2.615079780254445652e-01
1.297938159144880199e-01
2.660645257992053647e-01
1.712311235549030253e-01
6.074837252076216165e-01
2.013478803455487354e-01
2.434729292048032345e-01
1.557525790973856294e-01
2.902522317575358946e-01
2.397236006268152475e-01
8.552731329376250802e-01
2.982932055397951587e-01
3.156130588091243250e-01
2.163230316655719854e-01
4.756912124155341925e-01
3.681469087305537236e-01
1.254933348480532729e+00
4.026958528119609637e-01
3.426655992009642326e-01
3.807285061167970941e-01
5.321290515984107294e-01
6.078705323989948006e-01
2.046260830466092528e+00
5.443851104737232882e-01
8.296114576105707572e-01
4.672577681407085737e-01
1.032007951530550027e+00
7.962247637010629875e-01
3.493030967150819510e+00
9.918248036323368266e-01
2.101081447131243340e+00
1.038350527315904159e+00
3.152461878191780364e+00
1.840734658860897932e+00
8.984364246906190843e+00
1.923991030641319044e+00
1.355152137910830845e+02
1.277171105410589718e+02
3.178261940511276507e+01
1.917446093088354644e+02
1.531018719723170136e+02
4.323759790215330412e+01
