2.365273353269302703e+01
1.802724280721245407e+02
5.200982912698998462e+02
1.528347131254598601e+01
2.543299595898155587e+02
5.730964716456809356e+02
2.685021805944564743e+00
3.241944982006010889e+00
2.922627040478921501e+01
1.002695136580130431e+00
1.537430542260216804e+01
3.792876368230624706e+01
1.832281617476806401e+00
6.514190880124849592e+00
3.412530195123070342e+01
1.532064627769379461e+00
1.915022785797227556e+01
4.136761004462860569e+01
2.065703461123638895e+00
7.298550183711890682e+00
3.759521952440200465e+01
2.123437147240924805e+00
2.226280327346422538e+01
4.586922624918139491e+01
2.621001671038359682e+00
7.024911329443413344e+00
4.557638772136017025e+01
1.778461234591748541e+00
2.392337394069427603e+01
4.933036430740353495e+01
2.767024951091199725e+00
8.020262405973364039e+00
4.793884579565241211e+01
3.653047078340633025e+00
2.479562813289868473e+01
5.904398443716171840e+01
4.848420691604620636e+00
9.626880162112712469e+00
6.369180574629975666e+01
3.388541723230011904e+00
2.723437315462569686e+01
6.453252415217936289e+01
3.850105263418158064e+00
1.205314229986889885e+01
8.192104693732213150e+01
4.740446113187741339e+00
3.550960088213926014e+01
8.935110013555005537e+01
4.843970538548386884e+00
2.114759685887163343e+01
1.131666222538533049e+02
5.959979707143015837e+00
4.846596889709766032e+01
1.223001332654065578e+02
9.427478503576299573e+00
4.229963833541915363e+01
1.905238147140564138e+02
1.093532770147373689e+01
7.718397727316124701e+01
1.959486354149097735e+02
1.820062371081515948e+02
4.509903700160101607e+02
2.663743620583008465e+02
2.773253245950633641e+02
4.010392207171956329e+02
4.444512101589252779e+02
