2.275077626109123230e-02
1.473629847168922424e-02
1.344363950192928314e-02
1.292657665908336639e-02
1.008273009210824966e-02
1.085832435637712479e-02
8.531540632247924805e-03
1.008273009210824966e-02
9.048603475093841553e-03
1.034126151353120804e-02
1.189245097339153290e-02
9.307134896516799927e-03
6.980351172387599945e-03
7.238883059471845627e-03
6.721819750964641571e-03
1.189245097339153290e-02
9.307135827839374542e-03
6.463288329541683197e-03
1.189245097339153290e-02
6.980351172387599945e-03
6.980351172387599945e-03
7.238883059471845627e-03
8.790072053670883179e-03
1.189245097339153290e-02
6.463288329541683197e-03
6.980351172387599945e-03
1.008272916078567505e-02
7.238883525133132935e-03
6.463288329541683197e-03
9.307134896516799927e-03
9.048603475093841553e-03
5.687693599611520767e-03
8.790072053670883179e-03
9.824198670685291290e-03
6.721819750964641571e-03
1.085832435637712479e-02
9.048603475093841553e-03
1.163391955196857452e-02
1.654601842164993286e-02
1.215098239481449127e-02
1.240951381623744965e-02
1.292657665908336639e-02
1.318510808050632477e-02
2.119958773255348206e-02
2.275077626109123230e-02
2.637021988630294800e-02
2.817993797361850739e-02
4.343330115079879761e-02
5.739400535821914673e-02
3.689244985580444336e-01
