3.760905005037784576e-03
1.078948145732283592e-03
8.015043567866086960e-04
6.165418308228254318e-04
5.548876360990107059e-04
5.240605678409337997e-04
3.390979836694896221e-04
3.390980127733200788e-04
4.624063731171190739e-04
4.932334413751959801e-04
3.082709154114127159e-04
5.240605678409337997e-04
3.390979836694896221e-04
3.082709154114127159e-04
3.390979836694896221e-04
3.390980127733200788e-04
4.932334413751959801e-04
4.932334413751959801e-04
3.390980127733200788e-04
3.082709154114127159e-04
4.624063731171190739e-04
3.082709154114127159e-04
3.082709154114127159e-04
4.932334413751959801e-04
4.315792757552117109e-04
4.315792757552117109e-04
3.699251101352274418e-04
4.624063731171190739e-04
7.090230938047170639e-04
4.315792757552117109e-04
5.857147043570876122e-04
7.090230938047170639e-04
5.240605678409337997e-04
6.473689572885632515e-04
6.473688990809023380e-04
8.015043567866086960e-04
5.857147043570876122e-04
8.631585515104234219e-04
1.048121135681867599e-03
1.294737914577126503e-03
1.017294009216129780e-03
1.263910788111388683e-03
1.325564924627542496e-03
2.250377554446458817e-03
2.373686060309410095e-03
3.452634438872337341e-03
4.624063614755868912e-03
8.076697587966918945e-03
1.476617716252803802e-02
9.359720945358276367e-01
