1.294275518920567549e+02
3.480157007118408075e+01
8.655956524615426417e+00
5.018642402262180724e+00
1.149810716725044912e+01
5.774984625379734560e+00
1.195679774309439658e+01
5.631800315142493574e+00
1.127941768821433755e+01
5.843338545340369450e+00
1.259906305574453178e+01
6.619833121625044114e+00
1.355529071189122092e+01
6.684635120031486188e+00
1.372449837760659719e+01
7.206726869053986739e+00
1.468325618664468735e+01
7.117875025430453029e+00
1.404463691954288862e+01
6.909836981462717631e+00
1.323743025794288286e+01
7.349615833513065688e+00
1.576337409194330164e+01
8.406475530281280584e+00
1.817347954062551096e+01
8.997874836185687286e+00
1.727846204755013559e+01
9.363429769170144468e+00
2.052598483116675609e+01
1.115600034613524016e+01
2.547240631124740062e+01
1.233601652318527542e+01
2.509588782772524240e+01
1.192132340536796420e+01
2.222036579437714821e+01
1.179631496249097822e+01
2.543425863651483709e+01
1.497305559068487213e+01
3.415046153417117125e+01
1.932555254892740493e+01
4.407585116302747252e+01
2.434158580477308575e+01
5.233410540512423381e+01
2.880646332452812786e+01
6.517015187346669336e+01
4.185142867415506629e+01
1.012948756548033629e+02
6.962427236673109121e+01
1.686506513372774236e+02
