3.384138276812648627e+01
8.847324907770110158e+00
1.689444877572841230e+00
8.657370929062986331e-01
1.895772440275547810e+00
8.993695063016543534e-01
1.800108155702373258e+00
8.878618056128873004e-01
1.615767126832313050e+00
7.803581050857696377e-01
1.431017074842622305e+00
7.812384119289957907e-01
1.767398417273730482e+00
1.002154114045240796e+00
2.242517668401968312e+00
1.142233590185523395e+00
2.340302781874218585e+00
1.322012638652829919e+00
2.928442741419945428e+00
1.437667998025241145e+00
2.993259971382448370e+00
1.600418037975331664e+00
3.431638537520159904e+00
1.626567324699867534e+00
3.107751948593063585e+00
1.715655167585833141e+00
3.924164411342388359e+00
2.137320010833017925e+00
4.669391166254094117e+00
2.346531969618524727e+00
4.767819753194234345e+00
2.554556983072225673e+00
5.707177754563351968e+00
3.058483236260656213e+00
6.768746361861669669e+00
3.792432774205026558e+00
8.166324759401810240e+00
4.623654215173669257e+00
1.040808275590964982e+01
6.204140361360910738e+00
1.436046649143017895e+01
8.200425042567198730e+00
1.941438169731019059e+01
1.243687940254263857e+01
3.117845350023602791e+01
2.340576800398878987e+01
6.139642251626349179e+01
1.413452092504109032e+02
4.870599468716060301e+02
