4.563675845401960396e+04
1.137556168904870901e+04
1.037767780345113948e+02
5.270989674014688831e+01
1.004485407954507679e+02
5.200645814811803547e+01
1.071836985748352760e+02
5.561130638016880567e+01
1.164417204022288246e+02
4.692205853960498985e+01
7.714534425368191251e+01
4.078992746607260500e+01
8.523499439689068424e+01
4.889201721925949329e+01
1.056682490234068439e+02
4.726426170361969525e+01
8.466264214838982127e+01
4.046150307833938342e+01
7.608796648634995563e+01
2.662022565110351380e+01
3.349382303458595089e+01
2.130717786879613840e+01
5.037631504819378137e+01
2.609282404226181384e+01
5.380847687333672269e+01
2.211281507309595185e+01
3.579743539986781542e+01
1.661652294100528948e+01
3.047802439424619436e+01
1.844375961519958906e+01
4.135442555143879417e+01
2.041065309034456732e+01
3.834397867591007270e+01
1.883612145570503671e+01
3.577078508377853439e+01
1.701061433607004147e+01
3.304082683031034406e+01
1.797465209831197086e+01
3.877352113272057466e+01
1.771744254427186505e+01
3.095745208060771247e+01
1.534772187362457352e+01
3.045297770539479743e+01
1.470951851903314811e+01
2.734480457908458462e+01
1.383563485215369937e+01
2.766711311422177033e+01
1.433488209191199481e+01
3.086269602313380389e+01
