1.924765455266187359e+02
5.021125824036687391e+01
1.156443329069148618e+01
6.459493247165220886e+00
1.469531544354899566e+01
7.618559069395585581e+00
1.552298681462292684e+01
7.482011554363996453e+00
1.410685745191401175e+01
7.214715402336744354e+00
1.547014472990979961e+01
7.969315029323873922e+00
1.716395775850320504e+01
8.663052594143850982e+00
1.790173120979556742e+01
9.210804680250339160e+00
1.875686178896435408e+01
9.416226255974141424e+00
1.933905529487460129e+01
9.300649652772653653e+00
1.862842188927042031e+01
1.020667109693379437e+01
2.152709301261461050e+01
1.149146015012916422e+01
2.359541765392155455e+01
1.199226299127070661e+01
2.362896548572668820e+01
1.315866082947481885e+01
2.832685125067300902e+01
1.530927116933222187e+01
3.307374013118355549e+01
1.728266437157775925e+01
3.453057465970723428e+01
1.692404459368774283e+01
3.417834842522879057e+01
1.897727708792193013e+01
4.102870757582248729e+01
2.329113883190712286e+01
5.337482781819758060e+01
2.975748587505364995e+01
6.780352285542193158e+01
3.919482762427545453e+01
8.410674040044979449e+01
5.036461730809537585e+01
1.188176099714023053e+02
8.197922265872918501e+01
2.117254025457931164e+02
3.754735114474474926e+02
1.293943841169880443e+03
