8.318016004340340714e+02
2.065467461015048798e+02
3.381626134835266084e-01
1.676836781889095851e-01
3.256400115627973157e-01
1.575815174553420739e-01
3.054956870924648848e-01
1.468142337141240539e-01
2.851099971233378993e-01
1.376171323891137999e-01
2.696435997552470987e-01
1.329891065620594781e-01
2.603094270834813151e-01
1.271723790720883651e-01
2.400629270797115522e-01
1.176607362069920504e-01
2.283599423117638749e-01
1.117135678268572768e-01
2.226433939850619159e-01
1.074768348913616306e-01
2.107322223458433508e-01
1.032612362973848591e-01
2.025391253725553342e-01
1.013313119941251783e-01
1.915771634801834711e-01
9.357666690468552373e-02
1.889308351357567861e-01
9.279394771401690278e-02
1.779395947153172286e-01
8.685449031064348957e-02
1.736038324161156832e-01
8.252297154598819962e-02
1.666188765753898182e-01
8.236277387754553647e-02
1.601729008575540625e-01
7.818651656669303729e-02
1.537943270909280513e-01
7.540705354975033026e-02
1.476385162345758562e-01
7.409088972204817825e-02
1.448561967191144828e-01
7.102295211528289465e-02
1.384293983614008905e-01
6.883674804294054317e-02
1.346010270495925920e-01
6.521335316508332369e-02
1.284702582998043241e-01
6.384330847461212877e-02
1.263788617357786692e-01
