1.284886307373875934e+04
1.302806981366235959e+03
8.106986869826562270e+02
6.912272287442799552e+02
4.721964253529986877e+02
3.697923763998405207e+02
3.527250077904374734e+02
3.697923763998405207e+02
2.759219914134764053e+02
2.787665528483768753e+02
2.645437660117818837e+02
1.934298521667142836e+02
2.332536512415988454e+02
2.332536512415988454e+02
2.304090694687908183e+02
1.820516267650197619e+02
1.877407292969132584e+02
1.792070653301192635e+02
1.649842886624779794e+02
1.336941637233412052e+02
1.393832865931422020e+02
1.052485900501511509e+02
1.251604997565471820e+02
1.308496124573944428e+02
1.194713768867461710e+02
1.166268256207994227e+02
9.387036464845662920e+01
1.052485900501511509e+02
8.533670068166262013e+01
8.818126211656313274e+01
7.111391384506760005e+01
6.542480622869722140e+01
5.404657574252582464e+01
8.533670068166262013e+01
5.973568844337308548e+01
5.404657574252582464e+01
6.826936257912085182e+01
5.973568844337308548e+01
4.266835034083131006e+01
4.266835034083131006e+01
3.697923509774561523e+01
5.404657574252582464e+01
3.413468128956042591e+01
2.560101223828953820e+01
3.697923255550717414e+01
4.551290669125494048e+01
2.844556604647472753e+01
3.982379144816924565e+01
4.835746304167857090e+01
