2.179944078873989263e-02
8.803619728114969734e-03
9.642059844853256498e-03
6.707520185087773035e-03
7.965179611376682969e-03
5.030639951611199506e-03
4.192199834872912742e-03
5.449860009980342888e-03
7.126740243456916417e-03
9.642059844853256498e-03
6.288300126718629653e-03
7.126740243456916417e-03
6.707520185087773035e-03
7.545959553007538720e-03
6.707520185087773035e-03
8.384400418564346563e-03
7.545959553007538720e-03
7.545960301826059799e-03
7.126739494638395338e-03
7.545959553007538720e-03
4.611419893242056124e-03
1.006127990322239901e-02
7.126740243456916417e-03
9.222839786484112248e-03
9.222839786484112248e-03
1.173815938788045146e-02
8.803619728114969734e-03
7.545960301826059799e-03
9.222839786484112248e-03
1.509192060365211960e-02
1.006127990322239901e-02
1.173816013669897254e-02
1.718802089549783738e-02
2.096099992318308652e-02
2.138021998155223077e-02
2.347632027339794508e-02
2.431476039013623358e-02
3.269916155751909775e-02
3.395682023498949181e-02
3.521447891245987893e-02
4.569497887405141873e-02
5.575626027491085990e-02
7.042895782491975787e-02
8.635932303822128897e-02
1.194776971659243237e-01
1.844567897391340972e-01
3.223801754638488948e-01
7.713647875882604366e-01
1.072616294874387499e+01
