1.630765722547530003e-03
3.261531323370475493e-04
6.523062646740950985e-04
3.261531323370475493e-04
1.304612610497913206e-03
6.523062646740950985e-04
6.523062646740950985e-04
3.261531323370475493e-04
0.000000000000000000e+00
3.261531323370475493e-04
3.261531323370475493e-04
9.784593767237120040e-04
6.523062646740950985e-04
0.000000000000000000e+00
6.523062646740950985e-04
6.523062646740950985e-04
9.784593767237120040e-04
6.523062646740950985e-04
6.523062646740950985e-04
9.784593767237120040e-04
9.784594578734350130e-04
0.000000000000000000e+00
1.630765681972668607e-03
6.523062646740950985e-04
9.784593767237120040e-04
3.261531323370475493e-04
1.630765681972668607e-03
9.784593767237120040e-04
2.283071987221625427e-03
6.523062646740950985e-04
9.784594578734350130e-04
1.630765681972668607e-03
1.630765681972668607e-03
1.956918753447424008e-03
2.283071987221625427e-03
1.630765681972668607e-03
2.283071987221625427e-03
3.587684435420092615e-03
5.870756584941163626e-03
5.218450441991652825e-03
2.609225058696380394e-03
6.196909656415919461e-03
5.218450441991652825e-03
1.043690023478552158e-02
1.891688074232694347e-02
2.967993599618057310e-02
4.239990708209159798e-02
1.118705203949834637e-01
5.299336569912025396e+00
