2.195180616974681016e+03
2.447838629172851483e+02
1.359595657300256732e+02
8.780721363373142196e+01
8.214223644850848416e+01
9.630469711229632424e+01
9.063971284678119389e+01
5.948231354703233364e+01
5.098483714875963102e+01
6.514729781254746399e+01
4.815234501600206585e+01
5.381732574137109992e+01
2.832490893706433610e+01
6.514729781254746399e+01
4.815234501600206585e+01
3.965487215787545949e+01
4.531985288324450067e+01
3.398989143250641831e+01
2.549241857437981551e+01
4.248736783077912094e+01
3.115739929974885314e+01
1.416245358349564398e+01
8.497472858126604578e+00
2.265992821169529847e+01
1.416245358349564398e+01
2.549241857437981551e+01
2.832490805202781292e+00
1.699494571625320916e+01
2.265992821169529847e+01
1.699494571625320916e+01
2.265992644162225034e+01
1.132996322081112517e+01
8.497472858126604578e+00
1.699494571625320916e+01
2.832490805202781292e+00
2.832490805202781292e+00
1.699494571625320916e+01
2.832490805202781292e+00
5.664981610405562584e+00
5.664981610405562584e+00
2.832490805202781292e+00
8.497472858126604578e+00
5.664981610405562584e+00
5.664981610405562584e+00
9.466184537383687925e+00
1.692129927109343512e+00
2.452370512504968403e+00
2.832490805202781292e+00
5.664981610405562584e+00
