7.178297717407512835e+01
5.686008506504869504e-03
5.587131012558185783e-03
5.435604327471117193e-03
5.316884875662689948e-03
5.229360893802099779e-03
5.091837710900863449e-03
5.010958589681368223e-03
4.881932225352307413e-03
4.807059015739195348e-03
4.685786384290832607e-03
4.540560751887605904e-03
4.526812619995743830e-03
4.415914930039769974e-03
4.353691969374354036e-03
4.249032012828512367e-03
4.191108744827891017e-03
4.092186508749783881e-03
4.017454851727900178e-03
3.965292329385452542e-03
3.874142664980222486e-03
3.825419007159980116e-03
3.738970406352897825e-03
3.693404077771752538e-03
3.611308807857194474e-03
3.568646531420304434e-03
3.490590874178524719e-03
3.432818316515328944e-03
3.394083666597712788e-03
3.321557456510141476e-03
3.285192831308506121e-03
3.179195320518008946e-03
3.182435592772668142e-03
3.116422110131052484e-03
