3.829763033167699859e+01
1.058075193849521156e+01
2.226092810718391934e+00
1.320813119846171002e+00
3.144503261237591385e+00
1.306257242396726914e+00
1.985023269851623473e+00
1.114608183836422128e+00
2.522035629760446263e+00
1.208048914774506377e+00
2.241298594965550617e+00
1.172824560740636679e+00
2.435592718656822697e+00
1.458278452171420270e+00
3.449818981898399084e+00
1.472257007469467194e+00
2.388343185010501468e+00
1.364258682636838138e+00
3.116530457480425564e+00
1.549651182318805942e+00
3.023250089905408444e+00
1.669299073389540977e+00
3.494554516376371378e+00
1.818901033244358256e+00
3.781099327354745299e+00
1.965888887773345139e+00
4.131134961949877393e+00
2.291370061282162141e+00
4.738059859777157712e+00
2.367302572492596013e+00
4.424780913007896110e+00
2.388069593556892301e+00
5.008236308903788903e+00
2.730389408487997827e+00
6.106948990184446480e+00
3.599136691179636305e+00
8.438535372284553304e+00
4.080701338712300341e+00
8.424455466625209610e+00
4.686972797186478523e+00
1.090148745662741092e+01
5.610323545197540618e+00
1.136403414589038263e+01
6.768654766303546566e+00
1.608518366491850315e+01
1.022454430262954261e+01
2.432666391750262491e+01
3.049521396930457939e+01
9.909459640060813967e+01
