3.093939506292470387e+00
1.530335666979904863e+00
1.430531149981922878e+00
1.713310614809538501e+00
1.530335666979904863e+00
1.297458460651280232e+00
1.363994805316601555e+00
1.347360719150271224e+00
1.530335666979904863e+00
1.347360719150271224e+00
1.813115131807520486e+00
2.062626424302475225e+00
2.295503630631099856e+00
2.295503630631099856e+00
2.461844231971917818e+00
2.362039714973935833e+00
2.727989610633203110e+00
2.395308147629081841e+00
2.794525955298524433e+00
3.077305420126140056e+00
3.393353057286416341e+00
3.127207678625131049e+00
2.977500903128158072e+00
2.711355524466872779e+00
3.177109937124122041e+00
2.994134989294488403e+00
3.376718971120086010e+00
3.692766608280362295e+00
3.376718971120086010e+00
3.443255315785407333e+00
3.875741556109995933e+00
4.091984676272289789e+00
4.125252588282465105e+00
4.025448331606968466e+00
4.757348122925503020e+00
4.790616295258163682e+00
5.239736621749083056e+00
5.705490513761361626e+00
5.921733633923655482e+00
6.603731166743198600e+00
7.252460527230081944e+00
8.483382903538526421e+00
9.198649129335700891e+00
1.029649777502356045e+01
1.252546428002188428e+01
1.538652710063069939e+01
2.001080201358059085e+01
2.659789805286751729e+01
4.788952418061057159e+01
