1.893506121601983061e+00
8.309877550389931367e-01
7.806320697301469824e-01
7.638469469404082224e-01
8.774638457284164028e-01
1.004742110315686388e+00
9.211246884629277210e-01
9.578974188369038245e-01
8.978199907140869129e-01
9.610812675811749584e-01
8.338329854828760990e-01
8.974813090257728332e-01
7.837859359854471020e-01
9.009254285939664042e-01
1.001122849908111734e+00
1.021582380600995599e+00
9.880537175009367346e-01
1.088329613067399615e+00
1.001606689946835660e+00
1.054759240712070278e+00
1.001685164199153322e+00
1.195783937695217514e+00
1.188835606805036083e+00
1.182461316972195808e+00
1.205717459569764172e+00
1.323329192226559758e+00
1.333207820157239709e+00
1.517197867551450585e+00
1.564206226655018073e+00
1.590646471548561536e+00
1.631480466337713375e+00
1.671455301178632169e+00
1.912483959525946409e+00
2.096310466071223733e+00
2.150328895904841442e+00
2.337889711943279991e+00
2.485487736846728968e+00
2.669205976814495784e+00
3.152146160541660080e+00
3.443022957074794110e+00
3.407169985506252718e+00
4.006760433829507306e+00
4.680942750782183026e+00
5.234908091321800683e+00
6.270709397918653671e+00
8.122340187884091733e+00
1.151997358670805305e+01
1.700759311145604258e+01
1.976067373832677276e+01
