3.587883632267827579e+03
2.324948781396855964e+02
1.664778076269330995e+02
1.234232144843752081e+02
1.148122879432454226e+02
1.205529023404076980e+02
7.749829436169065389e+01
6.601706556736611731e+01
6.601706556736611731e+01
4.879522237587930533e+01
5.166552957446044303e+01
4.879522237587930533e+01
3.731399358155476165e+01
3.731399358155476165e+01
2.583276478723022151e+01
3.731399358155476165e+01
1.722184319148681197e+01
2.009214915372135479e+01
2.583276478723022151e+01
3.157337918439248980e+01
2.009215039006794967e+01
3.157337918439248980e+01
2.583276478723022151e+01
1.148122879432454191e+01
2.009215039006794967e+01
1.148122879432454191e+01
2.296245758864908382e+01
1.435153599290567783e+01
2.009215039006794967e+01
2.870307198581135477e+00
8.610921595743405987e+00
1.148122879432454191e+01
1.722184319148681197e+01
1.148122879432454191e+01
1.435153599290567783e+01
1.435153599290567783e+01
1.148122879432454191e+01
1.722184319148681197e+01
8.610921595743405987e+00
2.870307198581135477e+00
5.740614397162270954e+00
1.148122879432454191e+01
1.435153599290567783e+01
5.740614397162270954e+00
8.610921595743405987e+00
1.148122879432454191e+01
8.610921595743405987e+00
8.610921595743405987e+00
5.109146710610384723e+00
