3.616794484419520595e+05
8.965627044523211953e+04
9.910921850962938606e+02
4.730642613361026747e+02
8.670722876148486193e+02
4.685306356752601005e+02
9.820501719335605912e+02
4.080086512453128194e+02
6.417081689677504528e+02
3.653054057107876247e+02
8.504474891692050278e+02
3.575280936132388661e+02
5.892146293204333460e+02
3.281400293126685028e+02
7.010935179849121823e+02
3.246463478531921396e+02
5.880964609717311760e+02
3.199227475758747232e+02
6.912220705458238399e+02
3.097809446108570910e+02
5.407745842519076405e+02
2.747756737519804915e+02
5.507214188318979495e+02
2.043311735641453311e+02
2.747253287297164093e+02
1.844517661089293767e+02
4.828040377362292475e+02
2.122603033678195459e+02
3.606142349386446426e+02
1.727081360971068591e+02
3.197460463164685507e+02
1.717483539965662089e+02
3.668370315502094172e+02
1.786516074215610956e+02
3.636128073372652807e+02
1.402310002053475273e+02
2.061622392837179802e+02
6.836671991172035234e+01
6.872344008902501855e+01
5.656840099763481078e+01
1.561011092218473948e+02
6.925479115505028460e+01
1.118378741791478461e+02
6.659854818544000921e+01
1.571911787929431910e+02
7.832145430198829672e+01
1.593435092893525393e+02
6.368389378015616842e+01
9.016610818518975634e+01
