1.375853417750389288e-02
3.657480552053225462e-03
4.987268088931253417e-04
2.883181721294541633e-04
6.321045849677119424e-04
2.938377734402957764e-04
5.136278158892264127e-04
3.012152746445871513e-04
7.231966678520323089e-04
4.028393996631098408e-04
9.108538926871240790e-04
4.211580926584475196e-04
7.862243241189277414e-04
4.733543969863401174e-04
1.137335244636425435e-03
5.200608895503363097e-04
8.947720019009662053e-04
5.801289050176141942e-04
1.400472841716578426e-03
6.392421715730942089e-04
1.157839600140582762e-03
5.879264550200605927e-04
1.167300381030342065e-03
7.000454162394804340e-04
1.652651819289034174e-03
8.902187415076763533e-04
1.859363043416637634e-03
1.003024644215961755e-03
2.110686784352348768e-03
1.242712870236614741e-03
2.961945921594050322e-03
1.425539158501808006e-03
2.974435227786537128e-03
1.462966778594229893e-03
3.072965409377539665e-03
1.800629142960665213e-03
4.172464041492777824e-03
2.332216350332939545e-03
4.890017685656957401e-03
2.472697333645401067e-03
5.250528319532362341e-03
3.390687486444049405e-03
8.031213249001804139e-03
5.924127875718046207e-03
1.512431857355236650e-02
1.287308049231240988e-02
3.567355831350852574e-02
1.297393423206313900e-01
4.807994074093583370e-01
