4.097008645218401133e-04
1.007352792652594265e-04
3.015251960099425436e-07
7.875889980461265262e-06
3.146855970550522082e-05
1.182934680806105069e-05
1.542456922767669966e-05
3.796706172251979966e-06
3.158751097028991603e-07
3.860480654449568719e-06
1.553648492819260745e-05
1.154468649807121400e-05
3.061780967000835501e-05
1.542936868900769980e-05
3.113639675250678556e-05
1.163535779132506192e-05
1.552399325723083801e-05
1.535655397367714553e-05
4.745461679014950277e-05
1.957978908126507453e-05
3.103330571380037044e-05
1.162731707346735639e-05
1.533530314877905383e-05
1.546501254097092540e-05
4.636299163539498759e-05
2.282235365577022605e-05
4.728210913935593110e-05
1.933174279752645475e-05
3.072180597653527401e-05
2.322846265142237951e-05
6.143836465712010960e-05
3.464732022566457048e-05
7.746252965267539476e-05
4.751804704761390050e-05
1.077341826874031510e-04
5.898818213636986799e-05
1.228016935205173733e-04
1.168222813473697322e-04
3.364956630989539700e-04
1.269589985935936521e-04
1.524912164194510865e-04
1.060725512780043490e-04
2.834751025212814413e-04
2.537542168648880504e-04
7.415917582990898564e-04
5.915838931933351755e-04
1.646075315121302415e-03
1.838896530589962178e-02
7.090210578036337807e-02
