1.575801916375659850e+01
4.186531991888066351e+00
8.942424134594776364e-01
4.231297301155727553e-01
8.380826806490077052e-01
4.962537463672294646e-01
1.105985896345699659e+00
4.973702539734123906e-01
9.443100620562623337e-01
4.930621438414563018e-01
1.040306716416570909e+00
5.365150186458619297e-01
1.065344934487051809e+00
6.259667317438488698e-01
1.390419793365619938e+00
6.609430661441472177e-01
1.302432278926325404e+00
6.451258584500771942e-01
1.239048285125068594e+00
7.232161219277618569e-01
1.633516503944964837e+00
8.124119055405533141e-01
1.663072159552316798e+00
8.356015703019996632e-01
1.662685302191857728e+00
9.090100453664583524e-01
2.016092017663396962e+00
1.076311809530161367e+00
2.254505285042623708e+00
1.174210124598067617e+00
2.386209525601775905e+00
1.223761797893573311e+00
2.579421859787951909e+00
1.280119565434250539e+00
2.437150398844635912e+00
1.317412356157426467e+00
2.711053503984386381e+00
1.367805405913183892e+00
2.849429266570388197e+00
1.605993976754806818e+00
3.614241195645788274e+00
2.033920062970355325e+00
4.548212190203226868e+00
2.590901662248567661e+00
5.946529039048268572e+00
4.047515113217126093e+00
1.003636422608608925e+01
8.640608943622913429e+00
2.514336593193107916e+01
