2.016649619356102718e+01
6.965289198480570951e-05
6.717028492977485164e-05
6.479688973028258059e-05
6.252677714005702269e-05
6.033353381143681239e-05
5.827532413708453034e-05
5.628323037359701938e-05
5.437435699784524447e-05
5.254441184083423954e-05
5.078940997216163129e-05
4.908865176485809577e-05
4.749010312457252171e-05
4.593835104902373244e-05
4.444784492336465478e-05
4.301565910248974996e-05
4.163904219601762756e-05
4.030141707690041358e-05
3.904260094960744238e-05
3.781754896794475206e-05
3.663845437695252376e-05
3.550321465581431156e-05
3.440990841691378324e-05
3.334509970388848310e-05
3.234204824079877597e-05
3.136370884898457331e-05
3.042042675627990142e-05
2.951068411232435620e-05
2.863304790129430174e-05
2.777655383251990075e-05
2.696909412599248081e-05
2.617997702200765118e-05
2.541795882045418638e-05
2.468193208670356895e-05
