2.466839998960494995e-01
1.747724264860153198e-01
8.673602342605590820e-02
5.357607454061508179e-02
3.615084663033485413e-02
2.613784372806549072e-02
2.054616436362266541e-02
1.885565742850303650e-02
1.937581226229667664e-02
1.508452463895082474e-02
1.573472097516059875e-02
1.118335500359535217e-02
1.196358818560838699e-02
1.040312089025974274e-02
1.105331629514694214e-02
1.040312089025974274e-02
9.362808428704738617e-03
8.972691372036933899e-03
7.542262319475412369e-03
6.762028206139802933e-03
6.631989497691392899e-03
6.762028206139802933e-03
5.721716675907373428e-03
7.802341133356094360e-03
5.461638327687978745e-03
5.461638327687978745e-03
4.551365505903959274e-03
4.421326331794261932e-03
4.551365505903959274e-03
5.461638327687978745e-03
4.161248449236154556e-03
3.901170566678047180e-03
5.071521271020174026e-03
4.421326331794261932e-03
3.771131159737706184e-03
4.291287157684564590e-03
4.291287157684564590e-03
4.031209275126457214e-03
4.031209275126457214e-03
3.120936453342437744e-03
3.511053510010242462e-03
3.250975161790847778e-03
3.901170566678047180e-03
4.161248449236154556e-03
2.730819163843989372e-03
3.120936453342437744e-03
2.080624224618077278e-03
2.340702107176184654e-03
3.120936453342437744e-03
1.820546109229326248e-03
3.120936453342437744e-03
1.820546109229326248e-03
2.080624224618077278e-03
2.340702107176184654e-03
2.860858337953686714e-03
2.860858337953686714e-03
2.990897046402096748e-03
1.820546109229326248e-03
1.170351053588092327e-03
2.990897046402096748e-03
1.430429168976843357e-03
1.560468226671218872e-03
2.210663165897130966e-03
1.170351053588092327e-03
1.690507051534950733e-03
1.430429168976843357e-03
2.080624224618077278e-03
1.690507051534950733e-03
6.501950556412339211e-04
6.501950556412339211e-04
1.040312112309038639e-03
1.430429168976843357e-03
1.560468226671218872e-03
1.040312112309038639e-03
1.300390111282467842e-03
1.430429168976843357e-03
1.690507051534950733e-03
1.560468226671218872e-03
5.201560561545193195e-04
1.430429168976843357e-03
1.300390111282467842e-03
1.040312112309038639e-03
6.501950556412339211e-04
1.560468226671218872e-03
1.560468226671218872e-03
2.600780280772596598e-04
3.901170566678047180e-04
7.802341133356094360e-04
9.102730546146631241e-04
6.501950556412339211e-04
7.802341133356094360e-04
1.170351053588092327e-03
1.040312112309038639e-03
7.802341133356094360e-04
5.201560561545193195e-04
1.300390111282467842e-03
7.802341133356094360e-04
1.300390111282467842e-03
1.170351053588092327e-03
