1.742868771543726325e-04
1.742868771543726325e-04
0.000000000000000000e+00
4.066693363711237907e-04
2.323825028724968433e-04
2.323824883205816150e-04
4.066693363711237907e-04
3.485737543087452650e-04
1.742868626024574041e-04
2.323825028724968433e-04
1.161912514362484217e-04
1.161912514362484217e-04
0.000000000000000000e+00
1.161912514362484217e-04
2.904781140387058258e-04
2.323824883205816150e-04
3.485737252049148083e-04
2.904781140387058258e-04
2.904781140387058258e-04
1.742868626024574041e-04
5.228606169112026691e-04
2.323824883205816150e-04
3.485737252049148083e-04
5.228605587035417557e-04
2.904781140387058258e-04
4.647650057449936867e-04
5.809562280774116516e-04
2.323824883205816150e-04
4.066693654749542475e-04
1.161912514362484217e-04
3.485737252049148083e-04
2.323825028724968433e-04
3.485737252049148083e-04
3.485737543087452650e-04
3.485737543087452650e-04
3.485737543087452650e-04
6.971474504098296165e-04
6.390517810359597206e-04
5.228605587035417557e-04
6.390518974512815475e-04
6.971475086174905300e-04
1.220008125528693199e-03
1.103816786780953407e-03
1.510486239567399025e-03
2.730494365096092224e-03
3.079067915678024292e-03
5.228606052696704865e-03
9.179108776152133942e-03
2.230871841311454773e-02
9.403939247131347656e-01
