8.061587810516357422e-03
7.044810801744461060e-03
8.134214207530021667e-03
7.044810801744461060e-03
1.002251449972391129e-02
8.787856437265872955e-03
9.804633446037769318e-03
1.031302195042371750e-02
1.016776822507381439e-02
8.933110162615776062e-03
1.060353033244609833e-02
9.732007049024105072e-03
9.659379720687866211e-03
1.009514182806015015e-02
9.804634377360343933e-03
1.038564927875995636e-02
1.045827567577362061e-02
1.009514089673757553e-02
1.169293373823165894e-02
1.198344118893146515e-02
1.307284459471702576e-02
1.249182969331741333e-02
1.343597937375307083e-02
1.459801010787487030e-02
1.684944331645965576e-02
1.517902500927448273e-02
1.278233714401721954e-02
1.329072564840316772e-02
1.496114488691091537e-02
1.881037093698978424e-02
1.670419052243232727e-02
1.750308647751808167e-02
1.786622032523155212e-02
1.488851755857467651e-02
1.895562559366226196e-02
1.663156226277351379e-02
1.953664049506187439e-02
2.055341750383377075e-02
1.997240260243415833e-02
2.142493985593318939e-02
2.069867029786109924e-02
2.302273176610469818e-02
2.236909046769142151e-02
2.738034725189208984e-02
3.064855746924877167e-02
3.565981611609458923e-02
4.241412132978439331e-02
5.185561627149581909e-02
7.146488130092620850e-02
1.521533876657485962e-01
