2.000717073678970337e-01
1.452133357524871826e-01
9.931875020265579224e-02
6.704911589622497559e-02
5.055575817823410034e-02
4.159196838736534119e-02
3.944066166877746582e-02
3.047687560319900513e-02
2.509860321879386902e-02
2.545715495944023132e-02
1.577626354992389679e-02
2.079598419368267059e-02
1.219074986875057220e-02
1.505916193127632141e-02
1.398350670933723450e-02
1.147364638745784760e-02
1.039799209684133530e-02
7.171029224991798401e-03
8.605234324932098389e-03
1.075654290616512299e-02
1.003944035619497299e-02
1.147364638745784760e-02
5.019720643758773804e-03
6.812477484345436096e-03
1.039799209684133530e-02
6.095374934375286102e-03
7.529580965638160706e-03
6.453925743699073792e-03
7.171029224991798401e-03
4.302617162466049194e-03
5.736823193728923798e-03
5.019720643758773804e-03
4.302617628127336502e-03
3.944066353142261505e-03
6.095374934375286102e-03
5.019720643758773804e-03
2.509860321879386902e-03
5.019720643758773804e-03
3.944065887480974197e-03
2.151308581233024597e-03
2.509860321879386902e-03
5.019720178097486496e-03
4.302617162466049194e-03
1.792757306247949600e-03
2.868411596864461899e-03
2.151308581233024597e-03
3.944066353142261505e-03
3.944066353142261505e-03
2.868411596864461899e-03
1.075654407031834126e-03
