6.147541571408510208e-04
1.229508197866380215e-03
1.024590223096311092e-03
4.098360659554600716e-04
2.049180475296452641e-04
6.147540989331901073e-04
6.147540989331901073e-04
1.024590237648226321e-04
5.122951115481555462e-04
4.098360950592905283e-04
4.098360950592905283e-04
4.098360950592905283e-04
6.147540989331901073e-04
4.098360950592905283e-04
1.127049094066023827e-03
4.098360950592905283e-04
6.147541571408510208e-04
4.098360659554600716e-04
8.196721319109201431e-04
4.098360659554600716e-04
0.000000000000000000e+00
8.196721319109201431e-04
5.122951115481555462e-04
9.221311192959547043e-04
4.098360659554600716e-04
6.147541571408510208e-04
7.172131445258855820e-04
8.196721319109201431e-04
5.122951115481555462e-04
1.229508197866380215e-03
5.122951115481555462e-04
6.147540989331901073e-04
3.073770494665950537e-04
1.229508197866380215e-03
9.221311192959547043e-04
9.221311775036156178e-04
1.024590223096311092e-03
9.221311775036156178e-04
1.536885276436805725e-03
1.434426172636449337e-03
1.741803251206874847e-03
1.331967185251414776e-03
1.946721458807587624e-03
2.663934603333473206e-03
3.381147980690002441e-03
4.303278401494026184e-03
5.737705156207084656e-03
9.118853136897087097e-03
2.602459117770195007e-02
9.163933992385864258e-01
