1.135241389274597168e-01
1.704439967870712280e-01
9.808788448572158813e-02
8.602094650268554688e-02
1.110760495066642761e-01
2.597632259130477905e-02
6.494080647826194763e-03
4.301047325134277344e-02
6.494080647826194763e-03
1.298816129565238953e-02
0.000000000000000000e+00
2.597632259130477905e-02
1.298816129565238953e-02
6.494080647826194763e-03
0.000000000000000000e+00
0.000000000000000000e+00
1.703415066003799438e-02
0.000000000000000000e+00
0.000000000000000000e+00
0.000000000000000000e+00
6.494080647826194763e-03
1.703415066003799438e-02
0.000000000000000000e+00
0.000000000000000000e+00
6.494080647826194763e-03
0.000000000000000000e+00
6.494080647826194763e-03
6.494080647826194763e-03
0.000000000000000000e+00
0.000000000000000000e+00
6.494080647826194763e-03
1.703415066003799438e-02
0.000000000000000000e+00
0.000000000000000000e+00
2.352823130786418915e-02
3.559517115354537964e-02
0.000000000000000000e+00
0.000000000000000000e+00
0.000000000000000000e+00
1.703415066003799438e-02
0.000000000000000000e+00
0.000000000000000000e+00
0.000000000000000000e+00
6.494080647826194763e-03
6.494080647826194763e-03
0.000000000000000000e+00
6.494080647826194763e-03
0.000000000000000000e+00
0.000000000000000000e+00
0.000000000000000000e+00
0.000000000000000000e+00
0.000000000000000000e+00
0.000000000000000000e+00
0.000000000000000000e+00
0.000000000000000000e+00
0.000000000000000000e+00
0.000000000000000000e+00
6.494080647826194763e-03
0.000000000000000000e+00
0.000000000000000000e+00
0.000000000000000000e+00
0.000000000000000000e+00
0.000000000000000000e+00
0.000000000000000000e+00
0.000000000000000000e+00
0.000000000000000000e+00
6.494080647826194763e-03
0.000000000000000000e+00
0.000000000000000000e+00
0.000000000000000000e+00
3.559517115354537964e-02
0.000000000000000000e+00
0.000000000000000000e+00
3.559517115354537964e-02
0.000000000000000000e+00
0.000000000000000000e+00
0.000000000000000000e+00
0.000000000000000000e+00
0.000000000000000000e+00
0.000000000000000000e+00
0.000000000000000000e+00
0.000000000000000000e+00
0.000000000000000000e+00
0.000000000000000000e+00
0.000000000000000000e+00
0.000000000000000000e+00
0.000000000000000000e+00
0.000000000000000000e+00
0.000000000000000000e+00
0.000000000000000000e+00
0.000000000000000000e+00
0.000000000000000000e+00
1.703415066003799438e-02
0.000000000000000000e+00
0.000000000000000000e+00
0.000000000000000000e+00
0.000000000000000000e+00
0.000000000000000000e+00
0.000000000000000000e+00
