3.319242270663380623e-03
1.409112242981791496e-03
7.828401285223662853e-04
5.323312943801283836e-04
6.262721144594252110e-04
3.757632803171873093e-04
3.444496542215347290e-04
3.131360572297126055e-04
4.697041003964841366e-04
2.505088341422379017e-04
3.444496542215347290e-04
3.131360572297126055e-04
2.818224602378904819e-04
2.505088341422379017e-04
5.323312943801283836e-04
1.878816401585936546e-04
1.565680286148563027e-04
2.505088341422379017e-04
1.878816401585936546e-04
1.878816401585936546e-04
2.505088341422379017e-04
1.878816401585936546e-04
1.878816401585936546e-04
1.252544170711189508e-04
1.565680286148563027e-04
1.252544170711189508e-04
2.818224602378904819e-04
1.565680286148563027e-04
1.565680286148563027e-04
3.444496542215347290e-04
2.818224602378904819e-04
2.191952371504157782e-04
1.252544170711189508e-04
3.131360572297126055e-04
6.262720853555947542e-05
6.262720853555947542e-05
1.565680286148563027e-04
1.878816401585936546e-04
2.191952371504157782e-04
2.191952371504157782e-04
2.191952371504157782e-04
1.565680286148563027e-04
1.252544170711189508e-04
1.878816401585936546e-04
1.878816401585936546e-04
1.565680286148563027e-04
9.394082007929682732e-05
1.565680286148563027e-04
9.394082007929682732e-05
1.252544170711189508e-04
1.878816401585936546e-04
9.394082007929682732e-05
1.565680286148563027e-04
9.394082007929682732e-05
3.131360572297126055e-04
3.131360572297126055e-04
2.191952371504157782e-04
2.505088341422379017e-04
2.818224602378904819e-04
2.818224602378904819e-04
2.818224602378904819e-04
2.505088341422379017e-04
1.565680286148563027e-04
2.505088341422379017e-04
9.394082007929682732e-05
4.383904743008315563e-04
9.394082007929682732e-05
2.191952371504157782e-04
3.444496542215347290e-04
3.444496542215347290e-04
1.565680286148563027e-04
3.131360572297126055e-04
2.191952371504157782e-04
4.383904743008315563e-04
2.191952371504157782e-04
2.191952371504157782e-04
3.131360572297126055e-04
4.070768773090094328e-04
3.131360572297126055e-04
5.323312943801283836e-04
6.262721144594252110e-04
6.262721144594252110e-04
5.010176682844758034e-04
6.262721144594252110e-04
7.828401285223662853e-04
7.202129345387220383e-04
7.828401285223662853e-04
5.636449204757809639e-04
9.707217686809599400e-04
1.283857855014503002e-03
1.346484990790486336e-03
1.346484990790486336e-03
1.440425869077444077e-03
1.565680257044732571e-03
2.223266055807471275e-03
3.100046887993812561e-03
3.444496542215347290e-03
6.701111793518066406e-03
1.393455453217029572e-02
