6.587005257606506348e-01
9.036594629287719727e-02
5.377146974205970764e-02
5.003734305500984192e-02
3.659447282552719116e-02
2.315160632133483887e-02
1.568334549665451050e-02
9.708737954497337341e-03
6.721433717757463455e-03
6.721433717757463455e-03
5.227781832218170166e-03
3.734129946678876877e-03
1.493652001954615116e-03
2.240478061139583588e-03
2.987304003909230232e-03
0.000000000000000000e+00
7.468260009773075581e-04
7.468260009773075581e-04
7.468260009773075581e-04
1.493652001954615116e-03
0.000000000000000000e+00
0.000000000000000000e+00
0.000000000000000000e+00
1.493652001954615116e-03
0.000000000000000000e+00
7.468260009773075581e-04
0.000000000000000000e+00
7.468260009773075581e-04
7.468260009773075581e-04
0.000000000000000000e+00
1.493652001954615116e-03
0.000000000000000000e+00
0.000000000000000000e+00
0.000000000000000000e+00
0.000000000000000000e+00
0.000000000000000000e+00
0.000000000000000000e+00
0.000000000000000000e+00
7.468260009773075581e-04
7.468260009773075581e-04
0.000000000000000000e+00
7.468260009773075581e-04
0.000000000000000000e+00
0.000000000000000000e+00
0.000000000000000000e+00
7.468260009773075581e-04
0.000000000000000000e+00
7.468260009773075581e-04
7.468260009773075581e-04
7.468260009773075581e-04
0.000000000000000000e+00
7.468260009773075581e-04
0.000000000000000000e+00
0.000000000000000000e+00
7.468260009773075581e-04
7.468260009773075581e-04
0.000000000000000000e+00
0.000000000000000000e+00
7.468260009773075581e-04
7.468260009773075581e-04
0.000000000000000000e+00
7.468260009773075581e-04
0.000000000000000000e+00
7.468260009773075581e-04
0.000000000000000000e+00
7.468260009773075581e-04
7.468260009773075581e-04
7.468260009773075581e-04
7.468260009773075581e-04
7.468260009773075581e-04
0.000000000000000000e+00
7.468260009773075581e-04
0.000000000000000000e+00
0.000000000000000000e+00
0.000000000000000000e+00
0.000000000000000000e+00
7.468260009773075581e-04
0.000000000000000000e+00
0.000000000000000000e+00
0.000000000000000000e+00
0.000000000000000000e+00
0.000000000000000000e+00
7.468260009773075581e-04
0.000000000000000000e+00
0.000000000000000000e+00
0.000000000000000000e+00
0.000000000000000000e+00
0.000000000000000000e+00
0.000000000000000000e+00
7.468260009773075581e-04
0.000000000000000000e+00
7.468260009773075581e-04
0.000000000000000000e+00
0.000000000000000000e+00
0.000000000000000000e+00
7.468260009773075581e-04
7.468260009773075581e-04
1.493652001954615116e-03
2.240478061139583588e-03
