5.846585554536432028e-05
5.846585554536432028e-05
1.753975666360929608e-04
0.000000000000000000e+00
0.000000000000000000e+00
5.846585554536432028e-05
5.846585554536432028e-05
5.846585554536432028e-05
5.846585554536432028e-05
0.000000000000000000e+00
5.846585554536432028e-05
1.753975666360929608e-04
5.846585554536432028e-05
5.846585554536432028e-05
5.846585554536432028e-05
5.846585554536432028e-05
0.000000000000000000e+00
5.846585554536432028e-05
0.000000000000000000e+00
0.000000000000000000e+00
5.846585554536432028e-05
0.000000000000000000e+00
0.000000000000000000e+00
5.846585554536432028e-05
1.169317110907286406e-04
5.846585554536432028e-05
5.846585554536432028e-05
5.846585554536432028e-05
0.000000000000000000e+00
0.000000000000000000e+00
1.169317110907286406e-04
0.000000000000000000e+00
5.846585554536432028e-05
5.846585554536432028e-05
5.846585554536432028e-05
1.169317110907286406e-04
1.169317110907286406e-04
0.000000000000000000e+00
5.846585554536432028e-05
5.846585554536432028e-05
5.846585554536432028e-05
1.169317110907286406e-04
1.753975666360929608e-04
0.000000000000000000e+00
0.000000000000000000e+00
0.000000000000000000e+00
2.338634221814572811e-04
5.846585554536432028e-05
0.000000000000000000e+00
1.169317110907286406e-04
1.169317110907286406e-04
5.846585554536432028e-05
0.000000000000000000e+00
5.846585554536432028e-05
2.923292922787368298e-04
0.000000000000000000e+00
5.846585554536432028e-05
1.169317110907286406e-04
3.507951332721859217e-04
5.846585554536432028e-05
5.846585554536432028e-05
5.846585554536432028e-05
1.753975666360929608e-04
0.000000000000000000e+00
1.169317110907286406e-04
1.753975666360929608e-04
1.169317110907286406e-04
1.753975666360929608e-04
2.338634221814572811e-04
1.169317110907286406e-04
1.753975666360929608e-04
2.338634221814572811e-04
1.169317110907286406e-04
1.753975666360929608e-04
2.338634221814572811e-04
1.753975666360929608e-04
2.923292922787368298e-04
3.507951332721859217e-04
4.092610033694654703e-04
6.431243964470922947e-04
5.261927144601941109e-04
4.092610033694654703e-04
2.338634221814572811e-04
2.338634221814572811e-04
4.092610033694654703e-04
7.015902665443718433e-04
5.261927144601941109e-04
4.092610033694654703e-04
8.769878186285495758e-04
9.939195588231086731e-04
1.695509767159819603e-03
1.695509767159819603e-03
1.637044013477861881e-03
3.683348884806036949e-03
3.040224546566605568e-03
4.560336936265230179e-03
6.489709950983524323e-03
1.356407813727855682e-02
2.736202068626880646e-02
