6.199036240577697754e-01
6.395727396011352539e-02
3.647258132696151733e-02
2.917806431651115417e-02
2.097173407673835754e-02
1.550084631890058517e-02
1.406799536198377609e-02
1.016021892428398132e-02
1.081151515245437622e-02
8.336589671671390533e-03
6.773479282855987549e-03
5.991924088448286057e-03
4.949850030243396759e-03
5.861664656549692154e-03
5.080109462141990662e-03
3.386739641427993774e-03
5.210368428379297256e-03
2.865702845156192780e-03
2.605184214189648628e-03
3.777517238631844521e-03
1.953888218849897385e-03
2.995962044224143028e-03
2.084147417917847633e-03
4.298554267734289169e-03
3.126221243292093277e-03
1.042073708958923817e-03
2.214406616985797882e-03
1.823629019781947136e-03
1.302592107094824314e-03
1.563110621646046638e-03
1.953888218849897385e-03
2.344665816053748131e-03
1.563110621646046638e-03
2.344665816053748131e-03
1.432851422578096390e-03
1.432851422578096390e-03
1.563110621646046638e-03
1.042073708958923817e-03
1.953888218849897385e-03
1.823629019781947136e-03
1.823629019781947136e-03
2.344665816053748131e-03
1.693369820713996887e-03
1.432851422578096390e-03
1.693369820713996887e-03
1.432851422578096390e-03
1.953888218849897385e-03
1.302592107094824314e-03
1.953888218849897385e-03
1.042073708958923817e-03
1.432851422578096390e-03
1.302592107094824314e-03
1.563110621646046638e-03
1.172332908026874065e-03
9.118145098909735680e-04
1.693369820713996887e-03
1.302592107094824314e-03
7.815553108230233192e-04
7.815553108230233192e-04
1.432851422578096390e-03
1.042073708958923817e-03
1.693369820713996887e-03
1.042073708958923817e-03
9.118145098909735680e-04
5.210368544794619083e-04
6.512960535474121571e-04
6.512960535474121571e-04
1.432851422578096390e-03
9.118145098909735680e-04
1.302592107094824314e-03
1.042073708958923817e-03
9.118145098909735680e-04
1.042073708958923817e-03
7.815553108230233192e-04
1.172332908026874065e-03
1.432851422578096390e-03
7.815553108230233192e-04
1.172332908026874065e-03
1.432851422578096390e-03
7.815553108230233192e-04
7.815553108230233192e-04
5.210368544794619083e-04
7.815553108230233192e-04
7.815553108230233192e-04
1.302592107094824314e-03
1.302592107094824314e-03
1.432851422578096390e-03
1.563110621646046638e-03
1.172332908026874065e-03
1.302592107094824314e-03
1.563110621646046638e-03
1.172332908026874065e-03
1.172332908026874065e-03
2.214406616985797882e-03
1.042073708958923817e-03
1.953888218849897385e-03
1.953888218849897385e-03
1.823629019781947136e-03
2.084147417917847633e-03
