1.727115712128579617e-03
7.820901228114962578e-04
5.539805279113352299e-04
2.281096240039914846e-04
3.910450614057481289e-04
5.213934346102178097e-04
2.606967173051089048e-04
5.539805279113352299e-04
3.910450614057481289e-04
1.955225307028740644e-04
2.606967173051089048e-04
1.955225307028740644e-04
6.517417932627722621e-05
9.776126535143703222e-05
1.955225307028740644e-04
1.303483586525544524e-04
9.776126535143703222e-05
1.955225307028740644e-04
1.303483586525544524e-04
2.281096240039914846e-04
2.606967173051089048e-04
2.932838106062263250e-04
1.629354519536718726e-04
3.258709039073437452e-04
2.281096240039914846e-04
1.303483586525544524e-04
1.303483586525544524e-04
3.258709039073437452e-04
9.776126535143703222e-05
3.584579681046307087e-04
2.932838106062263250e-04
1.629354519536718726e-04
6.517417932627722621e-05
1.955225307028740644e-04
9.776126535143703222e-05
9.776126535143703222e-05
1.629354519536718726e-04
1.629354519536718726e-04
1.955225307028740644e-04
2.281096240039914846e-04
6.517417932627722621e-05
1.955225307028740644e-04
2.281096240039914846e-04
2.932838106062263250e-04
1.955225307028740644e-04
9.776126535143703222e-05
2.932838106062263250e-04
1.629354519536718726e-04
3.258709039073437452e-04
1.955225307028740644e-04
1.303483586525544524e-04
2.606967173051089048e-04
6.517417932627722621e-05
1.629354519536718726e-04
1.955225307028740644e-04
4.562192480079829693e-04
1.303483586525544524e-04
6.517417932627722621e-05
1.303483586525544524e-04
1.955225307028740644e-04
1.629354519536718726e-04
2.932838106062263250e-04
9.776126535143703222e-05
9.776126535143703222e-05
1.955225307028740644e-04
1.303483586525544524e-04
3.258709039073437452e-04
1.955225307028740644e-04
2.932838106062263250e-04
2.281096240039914846e-04
1.303483586525544524e-04
2.606967173051089048e-04
3.910450614057481289e-04
1.629354519536718726e-04
3.584579681046307087e-04
3.584579681046307087e-04
1.955225307028740644e-04
1.629354519536718726e-04
4.888063413091003895e-04
1.629354519536718726e-04
3.910450614057481289e-04
4.562192480079829693e-04
3.258709039073437452e-04
5.213934346102178097e-04
4.562192480079829693e-04
5.865676212124526501e-04
6.191547145135700703e-04
1.075373962521553040e-03
8.798514027148485184e-04
4.236321547068655491e-04
9.450255893170833588e-04
1.107961055822670460e-03
1.336070592515170574e-03
1.661941525526344776e-03
2.085573738440871239e-03
2.737315371632575989e-03
4.171147476881742477e-03
6.321895401924848557e-03
1.283931266516447067e-02
