3.137255012989044189e-01
1.274509876966476440e-01
2.941176481544971466e-02
9.803921915590763092e-03
1.960784383118152618e-02
2.941176481544971466e-02
1.960784383118152618e-02
1.960784383118152618e-02
2.941176481544971466e-02
0.000000000000000000e+00
0.000000000000000000e+00
1.960784383118152618e-02
9.803921915590763092e-03
1.960784383118152618e-02
0.000000000000000000e+00
0.000000000000000000e+00
1.960784383118152618e-02
1.960784383118152618e-02
0.000000000000000000e+00
0.000000000000000000e+00
0.000000000000000000e+00
9.803921915590763092e-03
0.000000000000000000e+00
9.803921915590763092e-03
0.000000000000000000e+00
9.803921915590763092e-03
0.000000000000000000e+00
9.803921915590763092e-03
0.000000000000000000e+00
9.803921915590763092e-03
0.000000000000000000e+00
0.000000000000000000e+00
1.960784383118152618e-02
9.803921915590763092e-03
9.803921915590763092e-03
0.000000000000000000e+00
0.000000000000000000e+00
0.000000000000000000e+00
0.000000000000000000e+00
1.960784383118152618e-02
0.000000000000000000e+00
9.803921915590763092e-03
0.000000000000000000e+00
0.000000000000000000e+00
0.000000000000000000e+00
9.803921915590763092e-03
0.000000000000000000e+00
0.000000000000000000e+00
9.803921915590763092e-03
9.803921915590763092e-03
9.803921915590763092e-03
9.803921915590763092e-03
9.803921915590763092e-03
9.803921915590763092e-03
9.803921915590763092e-03
0.000000000000000000e+00
0.000000000000000000e+00
9.803921915590763092e-03
0.000000000000000000e+00
0.000000000000000000e+00
0.000000000000000000e+00
9.803921915590763092e-03
0.000000000000000000e+00
0.000000000000000000e+00
9.803921915590763092e-03
0.000000000000000000e+00
0.000000000000000000e+00
0.000000000000000000e+00
0.000000000000000000e+00
0.000000000000000000e+00
9.803921915590763092e-03
0.000000000000000000e+00
0.000000000000000000e+00
0.000000000000000000e+00
0.000000000000000000e+00
0.000000000000000000e+00
0.000000000000000000e+00
0.000000000000000000e+00
0.000000000000000000e+00
0.000000000000000000e+00
0.000000000000000000e+00
0.000000000000000000e+00
0.000000000000000000e+00
0.000000000000000000e+00
0.000000000000000000e+00
0.000000000000000000e+00
9.803921915590763092e-03
0.000000000000000000e+00
1.960784383118152618e-02
0.000000000000000000e+00
0.000000000000000000e+00
0.000000000000000000e+00
0.000000000000000000e+00
9.803921915590763092e-03
0.000000000000000000e+00
9.803921915590763092e-03
9.803921915590763092e-03
1.960784383118152618e-02
0.000000000000000000e+00
