6.593261496163904667e-04
4.615283105522394180e-04
2.637304714880883694e-04
0.000000000000000000e+00
1.977978536160662770e-04
1.977978536160662770e-04
0.000000000000000000e+00
6.593261787202209234e-05
6.593261787202209234e-05
1.977978536160662770e-04
6.593261787202209234e-05
0.000000000000000000e+00
0.000000000000000000e+00
1.318652357440441847e-04
6.593261787202209234e-05
6.593261787202209234e-05
0.000000000000000000e+00
1.318652357440441847e-04
1.318652357440441847e-04
0.000000000000000000e+00
1.318652357440441847e-04
1.318652357440441847e-04
6.593261787202209234e-05
0.000000000000000000e+00
6.593261787202209234e-05
6.593261787202209234e-05
0.000000000000000000e+00
6.593261787202209234e-05
1.318652357440441847e-04
0.000000000000000000e+00
0.000000000000000000e+00
6.593261787202209234e-05
0.000000000000000000e+00
6.593261787202209234e-05
0.000000000000000000e+00
6.593261787202209234e-05
0.000000000000000000e+00
6.593261787202209234e-05
0.000000000000000000e+00
6.593261787202209234e-05
0.000000000000000000e+00
6.593261787202209234e-05
0.000000000000000000e+00
0.000000000000000000e+00
0.000000000000000000e+00
0.000000000000000000e+00
0.000000000000000000e+00
1.318652357440441847e-04
0.000000000000000000e+00
1.318652357440441847e-04
0.000000000000000000e+00
6.593261787202209234e-05
0.000000000000000000e+00
0.000000000000000000e+00
1.318652357440441847e-04
6.593261787202209234e-05
0.000000000000000000e+00
0.000000000000000000e+00
1.318652357440441847e-04
1.318652357440441847e-04
6.593261787202209234e-05
6.593261787202209234e-05
1.318652357440441847e-04
0.000000000000000000e+00
0.000000000000000000e+00
6.593261787202209234e-05
6.593261787202209234e-05
0.000000000000000000e+00
2.637304714880883694e-04
6.593261787202209234e-05
0.000000000000000000e+00
6.593261787202209234e-05
1.318652357440441847e-04
6.593261787202209234e-05
6.593261787202209234e-05
6.593261787202209234e-05
1.318652357440441847e-04
6.593261787202209234e-05
2.637304714880883694e-04
0.000000000000000000e+00
1.977978536160662770e-04
1.318652357440441847e-04
1.977978536160662770e-04
2.637304714880883694e-04
1.977978536160662770e-04
1.318652357440441847e-04
6.593261787202209234e-05
6.593261787202209234e-05
2.637304714880883694e-04
3.296630748081952333e-04
3.296630748081952333e-04
2.637304714880883694e-04
2.637304714880883694e-04
5.933935754001140594e-04
6.593261496163904667e-04
3.296630748081952333e-04
1.120854518376290798e-03
1.714248093776404858e-03
4.351552575826644897e-03
