3.155716508626937866e-02
1.500258687883615494e-02
9.829280897974967957e-03
9.829280897974967957e-03
8.794619701802730560e-03
9.311950765550136566e-03
8.794619701802730560e-03
6.466632243245840073e-03
6.207966711372137070e-03
6.466632243245840073e-03
8.277289569377899170e-03
5.690636113286018372e-03
5.431971047073602676e-03
4.138644784688949585e-03
4.655975382775068283e-03
3.879979252815246582e-03
3.879979252815246582e-03
5.431971047073602676e-03
4.655975382775068283e-03
3.621313953772187233e-03
5.949301645159721375e-03
5.173305515199899673e-03
3.621313953772187233e-03
5.949301645159721375e-03
3.621313953772187233e-03
2.069322392344474792e-03
3.103983355686068535e-03
2.327987691387534142e-03
2.586652757599949837e-03
3.621313953772187233e-03
3.879979252815246582e-03
3.362648654729127884e-03
2.327987691387534142e-03
3.621313953772187233e-03
2.845318056643009186e-03
2.845318056643009186e-03
3.103983355686068535e-03
2.586652757599949837e-03
3.879979252815246582e-03
2.327987691387534142e-03
2.845318056643009186e-03
3.103983355686068535e-03
5.431971047073602676e-03
3.362648654729127884e-03
2.327987691387534142e-03
6.207966711372137070e-03
5.949301645159721375e-03
2.069322392344474792e-03
4.138644784688949585e-03
2.845318056643009186e-03
1.810656976886093616e-03
4.138644784688949585e-03
1.034661196172237396e-03
4.397309850901365280e-03
4.655975382775068283e-03
2.845318056643009186e-03
1.551991677843034267e-03
3.362648654729127884e-03
3.103983355686068535e-03
4.138644784688949585e-03
2.069322392344474792e-03
4.397309850901365280e-03
2.845318056643009186e-03
4.138644784688949585e-03
4.138644784688949585e-03
1.551991677843034267e-03
2.327987691387534142e-03
2.845318056643009186e-03
3.621313953772187233e-03
3.103983355686068535e-03
3.103983355686068535e-03
4.914640448987483978e-03
5.431971047073602676e-03
3.103983355686068535e-03
4.914640448987483978e-03
4.397309850901365280e-03
3.879979252815246582e-03
4.138644784688949585e-03
3.621313953772187233e-03
4.397309850901365280e-03
4.914640448987483978e-03
4.914640448987483978e-03
2.586652757599949837e-03
2.586652757599949837e-03
6.725297309458255768e-03
4.655975382775068283e-03
7.759958505630493164e-03
6.983962841331958771e-03
8.277289569377899170e-03
1.138127222657203674e-02
1.086394209414720535e-02
1.422659121453762054e-02
1.370926015079021454e-02
1.707190833985805511e-02
2.431453764438629150e-02
2.146921865642070770e-02
3.181583061814308167e-02
3.181583061814308167e-02
5.406104400753974915e-02
