3.087514484377535506e+00
1.285795800026170355e+02
2.864453876654351916e+02
2.809044152341249490e+00
1.125956292852218326e+02
2.711621802817894604e+02
9.739539718291091719e-02
4.797813570981561249e+00
1.721071684401054114e+01
1.141194314046745512e-01
6.060297499459790238e+00
1.912228498154854961e+01
9.559004308762257540e-02
4.890452598226548098e+00
1.911386866829921516e+01
1.777702247132693092e-01
7.025323179567499743e+00
2.324969846016919561e+01
1.049283800749377382e-01
4.900826357538436540e+00
1.999412187875753233e+01
6.290007445423129173e-02
8.279215675876004710e+00
2.243033804096495132e+01
1.679580595258938214e-01
5.336042520823432334e+00
2.303560717450025308e+01
2.018901834992754551e-01
1.144884615938504169e+01
2.560829895122205357e+01
1.086642606361843816e-01
6.701589711563510576e+00
2.470334704673621573e+01
2.159559752103400454e-01
1.146800583695234010e+01
3.112655485782153875e+01
1.923011247995930484e-01
7.127149723866920361e+00
2.754156913698792408e+01
8.941166188238410806e-01
1.464536038264722251e+01
3.747996412892995011e+01
3.947759943963046747e-01
6.540455079933226834e+00
3.305563024324836618e+01
1.848516004186714801e+00
1.549803651584277020e+01
4.824848935284264684e+01
1.507469112480290363e+00
9.095842840254890760e+00
4.861467528314442887e+01
2.721979475387271030e+00
2.230126700563405961e+01
5.666128312446015514e+01
5.298324856751057688e+00
1.228388650767772283e+01
6.812353948698202544e+01
4.684161714979043545e+00
3.344572633336686351e+01
8.756633200028048236e+01
5.649691013232100545e+01
1.070172226568833622e+02
1.091728659034317275e+02
7.760985517126674438e+01
1.356267000846466431e+02
2.131033691918709962e+02
