2.557544736191630363e-03
1.534526934847235680e-03
2.046035835519433022e-03
3.069053869694471359e-03
4.603580571711063385e-03
1.534526934847235680e-03
4.092071671038866043e-03
4.603580571711063385e-03
8.695651777088642120e-03
5.115089472383260727e-03
5.115089472383260727e-03
5.115089472383260727e-03
5.626598373055458069e-03
4.603580571711063385e-03
6.138107273727655411e-03
5.115089472383260727e-03
6.138107739388942719e-03
7.672634441405534744e-03
8.184143342077732086e-03
7.672634441405534744e-03
7.161125540733337402e-03
6.138107273727655411e-03
1.227621454745531082e-02
6.138107739388942719e-03
1.023017894476652145e-02
1.278772391378879547e-02
7.672633975744247437e-03
8.184143342077732086e-03
1.329923234879970551e-02
1.278772391378879547e-02
1.125319674611091614e-02
9.207161143422126770e-03
1.534526888281106949e-02
1.790281385183334351e-02
1.636828668415546417e-02
1.227621547877788544e-02
1.585677638649940491e-02
1.329923234879970551e-02
2.199488505721092224e-02
1.790281385183334351e-02
1.892583072185516357e-02
1.841432228684425354e-02
2.097186818718910217e-02
2.148337662220001221e-02
2.966751903295516968e-02
3.938619047403335571e-02
4.808184131979942322e-02
6.035805493593215942e-02
1.043478250503540039e-01
2.910485863685607910e-01
