3.894261717796325684e-01
1.147646754980087280e-01
5.867182463407516479e-02
4.384268075227737427e-02
3.094777464866638184e-02
2.450032159686088562e-02
2.385557815432548523e-02
1.676337793469429016e-02
1.934235915541648865e-02
1.353965140879154205e-02
1.225016079843044281e-02
1.289490610361099243e-02
1.031592488288879395e-02
7.092198356986045837e-03
8.381688967347145081e-03
9.026434272527694702e-03
9.026434272527694702e-03
9.026434272527694702e-03
6.447453051805496216e-03
7.092198822647333145e-03
4.513217136263847351e-03
1.353965234011411667e-02
2.578981220722198486e-03
5.802707746624946594e-03
6.447453051805496216e-03
4.513217136263847351e-03
3.868471831083297729e-03
5.802707746624946594e-03
7.736944127827882767e-03
7.736943662166595459e-03
4.513217136263847351e-03
5.802708212286233902e-03
5.802707746624946594e-03
3.223726525902748108e-03
3.223726525902748108e-03
4.513217136263847351e-03
4.513217136263847351e-03
5.802707746624946594e-03
4.513217136263847351e-03
4.513217136263847351e-03
5.802707746624946594e-03
3.868471831083297729e-03
4.513217136263847351e-03
3.868471831083297729e-03
4.513217136263847351e-03
9.671179577708244324e-03
6.447453051805496216e-03
4.513217136263847351e-03
9.026434272527694702e-03
1.160541549324989319e-02
