2.882141768932342529e-01
1.219512224197387695e-01
7.104076445102691650e-02
4.848814010620117188e-02
3.925826773047447205e-02
3.015369176864624023e-02
2.647844702005386353e-02
2.033912390470504761e-02
1.720681600272655487e-02
1.632976904511451721e-02
1.428332738578319550e-02
1.348980981856584549e-02
1.148513145744800568e-02
1.081690564751625061e-02
9.313398040831089020e-03
1.014867983758449554e-02
1.002338808029890060e-02
9.981622919440269470e-03
9.146341122686862946e-03
8.060473948717117310e-03
8.519879542291164398e-03
7.559304591268301010e-03
6.682258564978837967e-03
5.805211607366800308e-03
7.099899929016828537e-03
5.429334938526153564e-03
6.097560282796621323e-03
5.262278486043214798e-03
4.928165581077337265e-03
5.095221567898988724e-03
5.429334938526153564e-03
4.969929810613393784e-03
4.510524682700634003e-03
4.552288446575403214e-03
3.884062636643648148e-03
4.134647082537412643e-03
3.925826400518417358e-03
3.758770180866122246e-03
4.385231528431177139e-03
3.549949964508414268e-03
4.134647082537412643e-03
3.007016144692897797e-03
2.839959925040602684e-03
2.464082790538668633e-03
2.589375246316194534e-03
2.923487918451428413e-03
3.048780141398310661e-03
3.174072830006480217e-03
2.631139243021607399e-03
2.380554564297199249e-03
2.756431698799133301e-03
3.048780141398310661e-03
2.255262341350317001e-03
2.171734115108847618e-03
2.297026105225086212e-03
2.255262341350317001e-03
1.879385090433061123e-03
2.297026105225086212e-03
1.837621093727648258e-03
2.297026105225086212e-03
1.670564641244709492e-03
2.171734115108847618e-03
1.461743959225714207e-03
1.628800411708652973e-03
2.464082790538668633e-03
1.252923510037362576e-03
1.419979962520301342e-03
1.921149203553795815e-03
1.962913200259208679e-03
1.419979962520301342e-03
1.754092751070857048e-03
1.461743959225714207e-03
1.252923510037362576e-03
1.670564641244709492e-03
1.587036415003240108e-03
1.044102828018367290e-03
1.587036415003240108e-03
1.461743959225714207e-03
1.252923510037362576e-03
1.336451619863510132e-03
1.085867057554423809e-03
1.127631170675158501e-03
1.336451619863510132e-03
1.378215849399566650e-03
1.252923510037362576e-03
1.127631170675158501e-03
9.188105468638241291e-04
8.352823206223547459e-04
1.336451619863510132e-03
1.712328754365444183e-03
1.252923510037362576e-03
1.044102828018367290e-03
1.461743959225714207e-03
1.044102828018367290e-03
1.211159280501306057e-03
9.188105468638241291e-04
1.419979962520301342e-03
1.002338831312954426e-03
1.461743959225714207e-03
