6.093214750289916992e-01
1.722641289234161377e-01
6.625542789697647095e-02
3.267078101634979248e-02
2.147589623928070068e-02
2.238976582884788513e-02
1.073794905096292496e-02
9.367147460579872131e-03
7.310943678021430969e-03
5.711675155907869339e-03
2.970071043819189072e-03
3.655471606180071831e-03
2.970070578157901764e-03
2.970070810988545418e-03
2.741603646427392960e-03
2.284669782966375351e-03
1.599268987774848938e-03
4.112405702471733093e-03
1.599268871359527111e-03
1.142335007898509502e-03
1.142334891483187675e-03
9.138680179603397846e-04
1.142335007898509502e-03
1.599268871359527111e-03
4.569339507725089788e-04
1.827735803090035915e-03
1.370802056044340134e-03
6.854009116068482399e-04
9.138679015450179577e-04
1.142335007898509502e-03
2.284669753862544894e-04
9.138680179603397846e-04
4.569339507725089788e-04
2.284669753862544894e-04
0.000000000000000000e+00
0.000000000000000000e+00
0.000000000000000000e+00
2.284669753862544894e-04
2.284669753862544894e-04
4.569339507725089788e-04
2.284669753862544894e-04
4.569339507725089788e-04
4.569339507725089788e-04
2.284669753862544894e-04
0.000000000000000000e+00
0.000000000000000000e+00
2.284669753862544894e-04
0.000000000000000000e+00
0.000000000000000000e+00
9.138680179603397846e-04
