9.053460962604731321e-05
3.621384385041892529e-04
9.053460962604731321e-05
1.358019071631133556e-04
1.358019071631133556e-04
4.526730481302365661e-05
1.810692192520946264e-04
1.358019071631133556e-04
9.053460962604731321e-05
0.000000000000000000e+00
9.053460962604731321e-05
4.526730481302365661e-05
9.053460962604731321e-05
4.526730481302365661e-05
0.000000000000000000e+00
4.526730481302365661e-05
0.000000000000000000e+00
4.526730481302365661e-05
1.358019071631133556e-04
4.526730481302365661e-05
4.526730481302365661e-05
4.526730481302365661e-05
1.358019071631133556e-04
0.000000000000000000e+00
1.358019071631133556e-04
3.168711264152079821e-04
2.716038143262267113e-04
1.358019071631133556e-04
9.053460962604731321e-05
9.053460962604731321e-05
2.263365167891606688e-04
4.526730481302365661e-05
1.810692192520946264e-04
2.716038143262267113e-04
4.526730481302365661e-05
2.263365167891606688e-04
9.053460962604731321e-05
1.358019071631133556e-04
2.263365313410758972e-04
4.074057214893400669e-04
3.168711264152079821e-04
7.242768770083785057e-04
6.790095358155667782e-04
5.432076286524534225e-04
9.958806913346052170e-04
1.041147974319756031e-03
2.082295948639512062e-03
3.259245771914720535e-03
6.065818481147289276e-03
9.793581366539001465e-01
