2.035088313426336413e+02
1.245587852635899294e-02
1.218449136597393734e-02
1.184126189208149424e-02
1.154122692522352965e-02
1.126608816928080341e-02
1.099423613727229868e-02
1.072577833539482654e-02
1.047977820732010415e-02
1.023662365706165707e-02
9.994342501974541604e-03
9.774000766679342977e-03
9.555164859561541407e-03
9.366567109207402791e-03
9.137436556967411944e-03
8.939760093648113290e-03
8.741890119174557799e-03
8.562285818250177025e-03
8.383090040873676999e-03
8.203329299897385227e-03
8.040705046692733435e-03
7.876997575877455263e-03
7.713542188558149444e-03
7.565499482751274554e-03
7.440639561509086383e-03
7.266340135330782643e-03
7.131193724608920689e-03
6.994588195298619658e-03
6.857663113086073445e-03
6.733940533263938974e-03
6.608635758793569501e-03
6.482813471734413281e-03
6.369258012442391773e-03
6.249900184210775179e-03
