1.731348753269447570e+03
2.554578522631222950e+04
3.613535040339301340e+05
4.807049579239724153e+03
4.590524581261703133e+04
1.692957948039252311e+06
4.492455951964618635e+02
6.485070478136543898e+03
9.041681150554938358e+04
1.212935293187847265e+03
1.201811590949219317e+04
4.299728936237748130e+05
1.339146231901577222e+00
2.913403613074983056e+01
9.602341220370998371e+02
1.787060690642948257e+00
3.633250449200036769e+01
3.003804688057565727e+03
6.551639453169481042e-01
1.525572354769149008e+01
4.560415090274887007e+02
9.040173726994940040e-01
2.366659805451725873e+01
1.549415586820188537e+03
1.343313484249642809e+00
3.265535459572491561e+01
8.484936666709091924e+02
1.849195211271587480e+00
5.588884004394119387e+01
3.176692596429429614e+03
4.114164381661987724e-01
1.678949749981001816e+01
4.561616428267312813e+02
1.126914493646018700e+00
2.663538794384223607e+01
1.443401276046843805e+03
3.386700199759756780e-01
3.261462507898263397e+01
9.539732334250577424e+02
2.731167166369737664e+00
5.224024628969478101e+01
2.685760597166188290e+03
3.279120751838754955e-01
1.167326521863972921e+01
3.970176531940564360e+02
6.692430051654139067e-01
2.091380548632329450e+01
1.472478661171694966e+03
1.001000051849811889e+00
1.282008610740059673e+01
6.390176080512391081e+02
1.840244646809010426e-02
3.359301347888511202e+01
3.203290598807277092e+03
5.935755717078231575e-01
8.409101147720065228e+00
3.657973356543573686e+02
2.256357337280665010e-01
1.744211345227403953e+01
1.544101364066228371e+03
1.355903887505138572e+00
2.041764741019482798e+01
8.204787276701437122e+02
9.186989656078720090e-01
3.441976316874086450e+01
2.756088848501077791e+03
4.913205519798028442e-01
1.192764919185545303e+01
3.496320438185083503e+02
2.294844107981793280e-01
2.247367488712721695e+01
1.226362389612235575e+03
6.632740503305044610e-01
2.750926360572549356e+01
5.796710081794042253e+02
1.826257809802626919e-02
5.590138893956461885e+01
2.247909413965626300e+03
3.391167123226501157e-01
1.341127619932998982e+01
3.211200894229658616e+02
6.894314467108687561e-01
2.472136274832838154e+01
1.092784203064096346e+03
6.742216657611060926e-01
2.608864726125007749e+01
6.863851854715210266e+02
2.699235095707184673e+00
4.315482243856344269e+01
2.180361366315524265e+03
2.538903644675333249e-01
1.298972004055646146e+01
3.141411324323479448e+02
6.895023136786758711e-01
2.573392939803149915e+01
1.223455980787488670e+03
3.248223812106304509e-01
2.729396036698567229e+01
5.836838675714695910e+02
1.820443704617797850e-02
6.359162371625712495e+01
2.557082554174763573e+03
1.675192911852110556e-01
1.118105688290688882e+01
3.044240163629746121e+02
9.062255662404865575e-01
2.609168102963091584e+01
1.065599898429037921e+03
3.338646815300039261e-01
1.878347756476520303e+01
6.625946151186767565e+02
3.689327578713735178e+00
4.060487760825827053e+01
1.616951054399945860e+03
4.975837223207012494e-01
1.160346195855133899e+01
2.956952134278163840e+02
1.351451648730222388e+00
2.522584118935308339e+01
1.207637473140765678e+03
1.639119711630239173e+00
2.924668944273331661e+01
5.257677283808437778e+02
1.783300110135263905e+00
5.972556255391903335e+01
3.209074945916080651e+03
7.348393043062819707e-01
1.366210261120500746e+01
2.622645856305729808e+02
4.473186757148605031e-01
2.576159366250152516e+01
1.453625379124122901e+03
1.327394868242202097e+00
2.713036071375957192e+01
5.258923263561267731e+02
1.812496329726149408e-02
4.263212572767849196e+01
2.754273108098908779e+03
6.636169894844332617e-01
1.118311859736711789e+01
2.046737031285746298e+02
9.049078590219375995e-01
1.665135638482521330e+01
1.231262076832844286e+03
1.307397331206885616e+00
1.742926380476738402e+01
2.712089623056047003e+02
3.577979130076235137e+00
2.262516597365313942e+01
2.240848214315577025e+03
4.059608123481653341e-01
8.136918150623827728e+00
1.854234123553571862e+02
1.112436794007616303e+00
1.674395211751502544e+01
9.073116684789008559e+02
3.344256962659041821e-01
1.545182056450703989e+01
4.581118110653538906e+02
9.097634395133831209e-01
4.228779674291291002e+01
1.429913096848804344e+03
3.288448532979697525e-01
8.539593481469589520e+00
2.006931595767649412e+02
2.306191488539383883e-01
1.886093954397845707e+01
7.223170648663842712e+02
1.003720805232823032e+00
1.838758519419361903e+01
3.546059666099300216e+02
1.968638486629580020e-02
3.363309177913325954e+01
1.517299370086771660e+03
5.010054908009153873e-01
1.261860490839446136e+01
1.634471663382186648e+02
2.253745812939198234e-01
1.452079956985682152e+01
8.883132477541026901e+02
1.013588059586618906e+00
3.130611077844710977e+01
3.108531329207742147e+02
9.234064796816074949e-01
2.240969349258679699e+01
2.026731597589830244e+03
4.200749859475436665e-01
1.319073862544549947e+01
1.686022065467777225e+02
9.218960347890688967e-01
1.359784085217806293e+01
1.168613223704328448e+03
6.642699544443252391e-01
2.022901595754840542e+01
3.504329058837201956e+02
2.702109659748520798e+00
3.090906818330069683e+01
2.761174879149203662e+03
3.285179615342557202e-01
1.027771898352341040e+01
1.734666066412112571e+02
1.386606703641329208e+00
1.444294448890901172e+01
1.041631839476177220e+03
6.677664229049800060e-01
2.130452945871973114e+01
3.588162813023603803e+02
2.779055436411883573e+00
2.576467754532687238e+01
1.285160595210822976e+03
3.336630989019025995e-01
1.015700428660526278e+01
1.370294277488915213e+02
6.921268924871425421e-01
1.140980633761675023e+01
5.905517822376593813e+02
6.654220726445714273e-01
2.014756300440108561e+01
2.016016511443220054e+02
1.991548097817934931e-02
1.996260255419739593e+01
1.035007336828937696e+03
6.566393855192449447e-01
9.766457594319589930e+00
6.674497658815965906e+01
4.530005509983546230e-01
7.224202355125312280e+00
4.664831657099971380e+02
2.029952935759189003e+00
1.999343397737590777e+01
6.544163021336137831e+01
1.792471789531018045e+00
8.469556427722130465e+00
8.061091034343970705e+02
8.436210397376182613e-01
1.050518499149732854e+01
5.623561372313933049e+01
6.827275613077158356e-01
4.999384601318918264e+00
4.342821493270195674e+02
1.315870618066892650e+00
2.105958808141325633e+01
1.566315505016875704e+02
9.293751244928848410e-01
1.122065947523938334e+01
9.324619159002379547e+02
9.292847444746070718e-01
1.112831554601496364e+01
6.659889752194590073e+01
2.275863146165611473e-01
6.423874741992336546e+00
3.526100629810567284e+02
2.348038359285903542e+00
2.271276824342926304e+01
1.090607956413810768e+02
1.951185390146814233e-02
1.420587060163176574e+01
4.583600080111307875e+02
1.139524275705360967e+00
1.176730635543815318e+01
6.597698705335237435e+01
2.223625833436284893e-01
4.876797874314778625e+00
2.680006378648236591e+02
2.277037934500880656e+00
2.401858937298121432e+01
1.559841166154647283e+02
9.260104094603185398e-01
5.661186876717533067e+00
5.969994246890041723e+02
1.829483868945807501e+00
1.005665618834874486e+01
7.764613171660235480e+01
4.648860929921176943e-01
4.995593565271598813e+00
2.605789673854319517e+02
5.066616282773946267e+00
1.594627978756867570e+01
1.547535243428666831e+02
8.978451003215488502e-01
1.438318674670684416e+01
4.668133704174495620e+02
3.052966446200761741e+00
1.585854962379831079e+01
6.246518849388227324e+01
1.112197906550472126e+00
4.248106685994852860e+00
1.749259586764325434e+02
7.341609187145949456e+00
4.744218686701417909e+01
8.864710111123862646e+01
3.644478213086074003e+00
2.880094102411566936e+00
2.357518939909588198e+02
