7.117383115134628315e+04
5.945858528500479224e+03
3.819694743248575833e+03
2.629953658022710442e+03
2.094854798663407109e+03
1.656529188992955596e+03
1.394672440444277072e+03
1.252358855834362885e+03
1.013272122819844640e+03
1.044581109408340808e+03
8.766511180566559460e+02
8.197258260106367516e+02
6.574884145056776106e+02
6.546421245823147501e+02
6.119480795846146748e+02
6.091017896612519280e+02
5.322524681516928240e+02
5.322525187938165345e+02
5.123286412566479839e+02
5.237136996658517774e+02
4.497106680796555906e+02
4.155554422099202725e+02
4.411718489516908335e+02
4.098628876842565205e+02
3.984778039539907581e+02
4.070166230819555153e+02
3.358598814191221322e+02
3.330135914957593286e+02
2.846270172934573566e+02
3.301673522145202355e+02
3.301673522145202355e+02
3.159360038819535248e+02
3.586300235585916880e+02
3.557837589562907397e+02
2.618568498329258887e+02
3.273210622911573751e+02
3.187822431631926179e+02
3.415524106237240858e+02
3.984778039539907581e+02
3.443987005470868894e+02
3.130897392796525764e+02
3.757076364934593471e+02
2.988583656260240105e+02
3.301673268934583234e+02
3.187822684842544732e+02
3.102434493562897160e+02
3.984778039539907581e+02
4.127091522865574689e+02
4.810196546681517589e+02
