5.283428129712766097e-01
1.935513277671933041e-01
1.726268645449296757e-01
1.673957426020416528e-01
1.673957303273974628e-01
1.203156819399821831e-01
1.412401574368900292e-01
9.939121871771855465e-02
8.369786516369873142e-02
1.307779135511140112e-01
1.255468038828702060e-01
8.892898710658674044e-02
1.098534503288503689e-01
1.255468038828702060e-01
1.307779135511140112e-01
7.323563355256691720e-02
1.046223406606065637e-01
1.150845722717383779e-01
1.307779135511140112e-01
8.369786516369873142e-02
1.255468038828702060e-01
1.412401574368900292e-01
1.150845722717383779e-01
1.255468161575143959e-01
7.846675549545492623e-02
1.569334987162656347e-01
1.412401574368900292e-01
1.150845722717383779e-01
1.203156942146263869e-01
1.987824374354371093e-01
1.673957303273974628e-01
1.987824374354371093e-01
1.360090354940020063e-01
3.086359123135758997e-01
2.354002542117205610e-01
2.877114490913122435e-01
3.452537045405709160e-01
4.237204723106700599e-01
4.394138013154014755e-01
4.708005084234411219e-01
6.015784465238435130e-01
6.120406658603311234e-01
7.742053110687732165e-01
9.834499923899863161e-01
1.449019391145183633e+00
1.930282266200842756e+00
2.772491757463901418e+00
5.445592676724055003e+00
8.364555465619920938e+01
