2.073451880234479177e+04
3.451446012978918816e+02
2.058007978309494206e+02
1.398376396736264837e+02
1.029252978289207476e+02
7.977873009363543133e+01
6.425465832135664357e+01
5.294841336125505649e+01
4.468257265360391983e+01
3.831314359728508379e+01
3.338827943051212799e+01
2.930415435387057244e+01
2.603958360647567361e+01
2.331187919733545399e+01
2.107150508719920978e+01
1.908398875111253545e+01
1.741948087390300870e+01
1.598500547397237348e+01
1.472081808683488724e+01
1.364512297259908991e+01
1.263806922432024749e+01
1.177502841270090883e+01
1.099426810315400438e+01
1.032009543977822474e+01
9.668408395628578234e+00
9.099789155643195571e+00
8.586533800277926787e+00
8.128965847346369955e+00
7.679452873903595211e+00
7.283878496811242442e+00
6.922742122344057059e+00
6.598228546126327032e+00
6.272927344622148738e+00
5.984930558818850166e+00
5.719930039739670846e+00
5.480546249355281674e+00
5.236008959173983790e+00
5.019179951664190398e+00
4.816237324153391341e+00
4.638063685851804507e+00
4.446881302539055447e+00
4.279028399602592181e+00
4.120741895790558829e+00
3.982022402197981759e+00
3.830414391992503109e+00
3.697307819347711355e+00
3.571327849648686659e+00
3.459640030792784149e+00
3.339866852153916543e+00
