1.458430526506150670e-03
3.620759317372740913e-04
1.305160003150182415e-06
1.231046825098318157e-06
1.262388646392619546e-06
1.596045988615373508e-05
6.300537346689736532e-05
3.089933143281245920e-05
6.207139617641500688e-05
3.107633037865529938e-05
6.153695616828472835e-05
4.708876465164202671e-05
1.233035711548007094e-04
3.061779482333897636e-05
1.241877033092828178e-06
6.298896243192796368e-05
2.467175584391152927e-04
1.079501711545346044e-04
1.906952499906121713e-04
4.730239124835182028e-05
1.303008994173909704e-06
7.911797871254988221e-05
3.195107833346033546e-04
1.534638328005283857e-04
3.132472129003003669e-04
1.083400103621581762e-04
1.261657108038279562e-04
4.743039735082639399e-05
6.248129498324597351e-05
7.990336204434849105e-05
2.558917362031703732e-04
1.410399815739459060e-04
3.138373752932818272e-04
1.581625833637682020e-04
3.178005664428255059e-04
1.278160551904795710e-04
1.887997807572804618e-04
1.274195131542736658e-04
3.121804681737950973e-04
3.906849550205654799e-04
1.275391632137708349e-03
7.833536082936924140e-04
1.914221634783730809e-03
1.006018824508154042e-03
2.159812050899616656e-03
1.452077716860732202e-03
3.741764158972598394e-03
7.720846884252295650e-02
2.970765682880728287e-01
