1.153830637722685424e+04
2.954638412041530501e+03
1.840999490403553551e+01
9.122601556230030440e+00
1.813774680424348063e+01
1.267895973750608896e+01
3.231935588630430800e+01
1.238490501248938358e+01
1.832668917289582566e+01
8.551032353396795571e+00
1.592748662939261628e+01
5.541395082774546843e+00
6.887646239410592841e+00
1.034235173265170893e+01
3.460190207741727164e+01
1.246347349194179444e+01
1.582997398156143198e+01
8.373820316089329197e+00
1.803058577405668217e+01
1.079668985310488338e+01
2.493820610990531250e+01
1.147500739437584905e+01
2.010267253893641026e+01
9.926589687907316772e+00
2.013612698423850844e+01
8.409499915321791974e+00
1.380032805894385106e+01
1.063368852126137121e+01
2.948718920206756522e+01
9.621168255596204588e+00
9.206576972009468562e+00
9.038724674725481023e+00
2.696100192338065327e+01
1.264562215045943105e+01
2.241246761465403736e+01
1.060271987255786819e+01
2.022435619348803471e+01
1.414501361224179377e+01
3.627599739947106627e+01
1.533129464430230016e+01
2.490981611334946777e+01
1.376623804878824942e+01
2.942344412402968601e+01
1.507383135243826899e+01
3.101576966986474559e+01
2.224897216044740489e+01
5.587612698904624153e+01
3.305996998203796977e+01
8.085496752364240081e+01
