3.272555111122150251e+00
1.363613376701555691e+00
1.362924104915841150e+00
1.468895665014205543e+00
1.511584906596318723e+00
1.256414800060319248e+00
1.463483683375656152e+00
1.271106578838441692e+00
1.265846325593271038e+00
1.473880249818054766e+00
1.416299274189570578e+00
1.570206636307322601e+00
1.773394212678561788e+00
1.591827076563317123e+00
1.676791855700739520e+00
1.762859610650680420e+00
1.442001278705144163e+00
1.954961046746573672e+00
1.960648596144033418e+00
1.896677005842067887e+00
1.976443451417085440e+00
1.826893422682644763e+00
2.041042494504410776e+00
1.992727623207603438e+00
2.191206081851492904e+00
2.014850972106549065e+00
2.030356466130383453e+00
2.303140960471049326e+00
2.275695136596934454e+00
2.313661668326212340e+00
2.635374793941149374e+00
2.784421611985405498e+00
2.908069882300845954e+00
3.099606087341378213e+00
3.063542251815201123e+00
3.352197515966814034e+00
3.778013636814343101e+00
3.998361120586989337e+00
4.353131704935606194e+00
4.704325244586170740e+00
5.503161240870756643e+00
6.370602232011584931e+00
7.242744689016527460e+00
8.429237769649530421e+00
1.147339946280628098e+01
1.431107683472596825e+01
1.864378571668444096e+01
2.508225353192587548e+01
3.075853777578361203e+01
