6.755515588640036151e-03
2.895221111394389712e-03
2.205882486008896477e-03
1.378676743850676487e-03
1.378676870580754091e-03
2.343750363162087989e-03
1.378676617120598883e-03
1.102941243004448239e-03
1.102941369734525626e-03
1.102941369734525626e-03
2.068015115776014948e-03
1.378676617120598883e-03
1.792279741659863869e-03
1.654411991236749745e-03
1.240808993427562363e-03
1.930147365352900607e-03
1.240809120157639967e-03
1.930147238622823003e-03
2.205882486008896477e-03
2.343750616622243196e-03
2.068014989045937127e-03
1.930147238622823003e-03
2.481617986855124726e-03
2.343750363162087989e-03
3.308823982473499490e-03
2.895221111394389712e-03
2.619485610548161463e-03
3.033088735087426449e-03
2.343750363162087989e-03
3.033088735087426449e-03
4.273897348324755784e-03
4.136029978091874254e-03
4.825368350017212281e-03
4.411764972017792955e-03
5.928309339561505312e-03
6.204044586947578786e-03
4.825368350017212281e-03
6.617647964946998980e-03
8.823531971716825836e-03
8.134191825570402656e-03
1.158088444557755885e-02
1.433823691943829186e-02
1.585478230082262505e-02
2.343750515238180940e-02
3.019301922026091517e-02
4.466912832567503794e-02
7.500001162118681564e-02
1.371783458980883608e-01
1.701286981264700904e+00
