3.570745407084291219e+05
9.187774728902654897e+04
6.161683191113299927e+02
2.886960442828419104e+02
5.675200377322643135e+02
2.692391943307197266e+02
5.501407504196267837e+02
2.916410984077163562e+02
6.168417376356164823e+02
2.975903932335877471e+02
5.308472267920120657e+02
2.416014804026507647e+02
4.016647010352528469e+02
2.705197767067118662e+02
6.736900540987666091e+02
3.631045675523720888e+02
7.676880228474066143e+02
3.635063973227699989e+02
7.103155384877953793e+02
3.170877559410462823e+02
5.698478796986622683e+02
3.098891827258449325e+02
6.392713619291611167e+02
2.512788154020793741e+02
3.406958562646147470e+02
2.262578778796113568e+02
5.594831803747475760e+02
2.507447425820780893e+02
4.304588709982974137e+02
2.683120243808275518e+02
6.184012386781220130e+02
2.717857542159080140e+02
4.434359383042861964e+02
2.406339981166525490e+02
4.904514157985422003e+02
2.595930190695676743e+02
5.507456645602934486e+02
2.875173612078961582e+02
6.179456482409970022e+02
2.712423164121544232e+02
4.421202755186968147e+02
1.782864337134055859e+02
2.440457106855909331e+02
1.805657362287598460e+02
4.712748238959845821e+02
2.308660741693440457e+02
4.560366763026304397e+02
1.985785334779205300e+02
3.540382526720440524e+02
