4.968614578247070312e-01
9.393939375877380371e-02
4.945887625217437744e-02
3.560606017708778381e-02
2.781385369598865509e-02
2.142857201397418976e-02
1.677489094436168671e-02
1.363636367022991180e-02
1.298701297491788864e-02
9.740259498357772827e-03
8.333333767950534821e-03
6.277056410908699036e-03
7.467532530426979065e-03
7.251082453876733780e-03
5.411255639046430588e-03
5.411255639046430588e-03
5.411255639046430588e-03
5.952381063252687454e-03
4.545454401522874832e-03
4.870129749178886414e-03
5.519480444490909576e-03
4.329004324972629547e-03
4.761904943734407425e-03
3.138528205454349518e-03
3.354978282004594803e-03
4.004328977316617966e-03
4.112554248422384262e-03
2.813852857798337936e-03
2.489177510142326355e-03
3.138528205454349518e-03
2.164502162486314774e-03
2.813852857798337936e-03
2.705627819523215294e-03
3.679653629660606384e-03
2.705627819523215294e-03
2.813852857798337936e-03
3.571428591385483742e-03
1.515151467174291611e-03
2.705627819523215294e-03
2.489177510142326355e-03
2.813852857798337936e-03
2.164502162486314774e-03
1.948051969520747662e-03
2.597402548417448997e-03
1.515151467174291611e-03
2.164502162486314774e-03
1.623376621864736080e-03
1.731601776555180550e-03
2.813852857798337936e-03
1.839826814830303192e-03
2.705627819523215294e-03
1.731601776555180550e-03
1.948051969520747662e-03
2.380952471867203712e-03
2.056277124211192131e-03
1.298701274208724499e-03
2.597402548417448997e-03
3.463203553110361099e-03
1.298701274208724499e-03
1.406926428899168968e-03
2.164502162486314774e-03
1.515151467174291611e-03
1.515151467174291611e-03
1.839826814830303192e-03
2.164502162486314774e-03
1.515151467174291611e-03
1.948051969520747662e-03
1.839826814830303192e-03
1.948051969520747662e-03
9.740259847603738308e-04
1.515151467174291611e-03
1.839826814830303192e-03
1.839826814830303192e-03
2.056277124211192131e-03
1.623376621864736080e-03
1.298701274208724499e-03
9.740259847603738308e-04
1.515151467174291611e-03
8.658008882775902748e-04
8.658008882775902748e-04
1.623376621864736080e-03
9.740259847603738308e-04
1.623376621864736080e-03
1.406926428899168968e-03
1.298701274208724499e-03
1.082251081243157387e-03
4.329004441387951374e-04
9.740259847603738308e-04
1.948051969520747662e-03
1.515151467174291611e-03
1.731601776555180550e-03
1.190476235933601856e-03
9.740259847603738308e-04
1.406926428899168968e-03
5.411255406215786934e-04
6.493506371043622494e-04
8.658008882775902748e-04
8.658008882775902748e-04
2.164502220693975687e-04
