4.697488546371459961e-01
8.789954334497451782e-02
5.079908668994903564e-02
4.280821979045867920e-02
3.367579728364944458e-02
2.682648412883281708e-02
2.111872099339962006e-02
1.426940597593784332e-02
1.426940597593784332e-02
1.312785409390926361e-02
6.849315017461776733e-03
7.990867830812931061e-03
7.990867830812931061e-03
9.703196585178375244e-03
5.707762669771909714e-03
4.566209856420755386e-03
3.995433915406465530e-03
5.136986263096332550e-03
6.278538610786199570e-03
6.849315017461776733e-03
3.424657508730888367e-03
3.995433915406465530e-03
6.849315017461776733e-03
6.278538610786199570e-03
3.995433915406465530e-03
3.995433915406465530e-03
3.424657508730888367e-03
3.995433915406465530e-03
4.566209856420755386e-03
3.424657508730888367e-03
3.424657508730888367e-03
5.136986263096332550e-03
4.566209856420755386e-03
3.424657508730888367e-03
1.141552464105188847e-03
3.424657508730888367e-03
5.707762320525944233e-04
3.424657508730888367e-03
2.853881334885954857e-03
2.853881334885954857e-03
1.712328754365444183e-03
5.707762320525944233e-04
1.712328754365444183e-03
2.853881334885954857e-03
2.283104928210377693e-03
1.712328754365444183e-03
5.707762320525944233e-04
5.707762320525944233e-04
2.853881334885954857e-03
5.707762320525944233e-04
1.141552464105188847e-03
1.712328754365444183e-03
1.712328754365444183e-03
2.853881334885954857e-03
5.707762320525944233e-04
2.283104928210377693e-03
1.712328754365444183e-03
5.707762320525944233e-04
5.707762320525944233e-04
1.712328754365444183e-03
2.853881334885954857e-03
1.141552464105188847e-03
0.000000000000000000e+00
5.707762320525944233e-04
2.283104928210377693e-03
2.853881334885954857e-03
1.712328754365444183e-03
0.000000000000000000e+00
1.141552464105188847e-03
2.853881334885954857e-03
1.141552464105188847e-03
2.283104928210377693e-03
1.712328754365444183e-03
1.141552464105188847e-03
1.712328754365444183e-03
1.712328754365444183e-03
1.712328754365444183e-03
1.141552464105188847e-03
2.283104928210377693e-03
1.712328754365444183e-03
0.000000000000000000e+00
0.000000000000000000e+00
1.141552464105188847e-03
5.707762320525944233e-04
2.853881334885954857e-03
1.141552464105188847e-03
1.141552464105188847e-03
1.141552464105188847e-03
1.712328754365444183e-03
0.000000000000000000e+00
5.707762320525944233e-04
3.424657508730888367e-03
1.712328754365444183e-03
1.712328754365444183e-03
5.707762320525944233e-04
1.141552464105188847e-03
2.283104928210377693e-03
1.141552464105188847e-03
0.000000000000000000e+00
