4.558675587177276611e-01
9.019880741834640503e-02
5.384079739451408386e-02
3.976174071431159973e-02
2.993733994662761688e-02
2.274309657514095306e-02
1.910729520022869110e-02
1.462056115269660950e-02
1.330548431724309921e-02
1.137154828757047653e-02
9.669683873653411865e-03
8.973466232419013977e-03
7.503674365580081940e-03
7.581031881272792816e-03
6.730099674314260483e-03
6.111240014433860779e-03
6.188597530126571655e-03
5.956524983048439026e-03
6.730099674314260483e-03
4.409375600516796112e-03
5.724452901631593704e-03
4.099946003407239914e-03
4.177303519099950790e-03
4.332018084824085236e-03
3.016941249370574951e-03
4.099946003407239914e-03
3.713158424943685532e-03
4.332018084824085236e-03
2.939583733677864075e-03
3.790515940636396408e-03
4.099946003407239914e-03
3.171656280755996704e-03
3.558443626388907433e-03
2.707511419430375099e-03
3.481086110696196556e-03
3.249013796448707581e-03
2.475439105182886124e-03
2.475439105182886124e-03
1.856579212471842766e-03
2.939583733677864075e-03
2.475439105182886124e-03
2.552796388044953346e-03
1.933936728164553642e-03
2.475439105182886124e-03
1.856579212471842766e-03
1.933936728164553642e-03
2.707511419430375099e-03
2.552796388044953346e-03
1.701864297501742840e-03
2.475439105182886124e-03
1.933936728164553642e-03
1.933936728164553642e-03
2.088651759549975395e-03
1.315076951868832111e-03
1.933936728164553642e-03
1.779221813194453716e-03
2.398081589490175247e-03
2.088651759549975395e-03
1.933936728164553642e-03
2.630153903737664223e-03
2.398081589490175247e-03
1.701864297501742840e-03
2.475439105182886124e-03
1.237719552591443062e-03
1.856579212471842766e-03
2.243366558104753494e-03
1.701864297501742840e-03
1.547149382531642914e-03
1.933936728164553642e-03
2.011294243857264519e-03
1.547149382531642914e-03
1.856579212471842766e-03
1.856579212471842766e-03
1.392434467561542988e-03
1.933936728164553642e-03
1.933936728164553642e-03
1.933936728164553642e-03
1.856579212471842766e-03
1.083004521206021309e-03
1.237719552591443062e-03
1.624506898224353790e-03
1.547149382531642914e-03
1.392434467561542988e-03
1.624506898224353790e-03
1.392434467561542988e-03
1.469791866838932037e-03
1.392434467561542988e-03
1.856579212471842766e-03
2.011294243857264519e-03
1.392434467561542988e-03
8.509321487508714199e-04
1.701864297501742840e-03
1.392434467561542988e-03
1.933936728164553642e-03
1.624506898224353790e-03
1.779221813194453716e-03
1.237719552591443062e-03
1.624506898224353790e-03
1.160362036898732185e-03
