4.451699205674231052e-04
1.483899686718359590e-04
2.967799373436719179e-04
1.483899686718359590e-04
1.483899686718359590e-04
5.935598746873438358e-04
2.967799373436719179e-04
7.419498288072645664e-04
2.967799373436719179e-04
5.935598746873438358e-04
2.967799373436719179e-04
5.935598746873438358e-04
2.967799373436719179e-04
2.967799373436719179e-04
0.000000000000000000e+00
2.967799373436719179e-04
1.483899686718359590e-04
4.451699205674231052e-04
4.451699205674231052e-04
4.451699205674231052e-04
0.000000000000000000e+00
4.451699205674231052e-04
2.967799373436719179e-04
0.000000000000000000e+00
4.451699205674231052e-04
2.967799373436719179e-04
1.483899686718359590e-04
1.483899686718359590e-04
4.451699205674231052e-04
5.935598746873438358e-04
2.967799373436719179e-04
2.967799373436719179e-04
5.935598746873438358e-04
1.483899686718359590e-04
2.967799373436719179e-04
2.967799373436719179e-04
2.967799373436719179e-04
2.967799373436719179e-04
8.903398411348462105e-04
2.967799373436719179e-04
2.967799373436719179e-04
5.935598746873438358e-04
8.903398411348462105e-04
2.967799373436719179e-04
5.935598746873438358e-04
4.451699205674231052e-04
2.967799373436719179e-04
4.451699205674231052e-04
2.967799373436719179e-04
7.419498288072645664e-04
4.451699205674231052e-04
1.038729795254766941e-03
7.419498288072645664e-04
2.967799373436719179e-04
0.000000000000000000e+00
7.419498288072645664e-04
4.451699205674231052e-04
1.038729795254766941e-03
5.935598746873438358e-04
7.419498288072645664e-04
1.483899686718359590e-04
1.038729795254766941e-03
1.038729795254766941e-03
2.967799373436719179e-04
4.451699205674231052e-04
1.038729795254766941e-03
4.451699205674231052e-04
1.038729795254766941e-03
7.419498288072645664e-04
1.038729795254766941e-03
1.335509703494608402e-03
1.483899686718359590e-04
1.335509703494608402e-03
1.038729795254766941e-03
1.187119749374687672e-03
2.077459590509533882e-03
1.632289611734449863e-03
1.780679682269692421e-03
1.483899657614529133e-03
2.522629452869296074e-03
1.632289611734449863e-03
1.780679682269692421e-03
2.077459590509533882e-03
2.374239498749375343e-03
3.561359364539384842e-03
2.374239498749375343e-03
2.819409361109137535e-03
3.709749318659305573e-03
3.116189269348978996e-03
4.303309135138988495e-03
5.787208676338195801e-03
8.755007758736610413e-03
7.864668034017086029e-03
1.083246804773807526e-02
1.350348722189664841e-02
2.344561554491519928e-02
3.220062330365180969e-02
5.490428954362869263e-02
1.338477581739425659e-01
