1.542495796456933022e-03
1.895066234283149242e-03
2.027280163019895554e-03
1.564531354233622551e-03
1.828959211707115173e-03
2.600207226350903511e-03
2.313743578270077705e-03
2.423921832814812660e-03
2.313743578270077705e-03
2.666314132511615753e-03
2.071351511403918266e-03
2.401886275038123131e-03
2.203565323725342751e-03
2.467993181198835373e-03
1.983208814635872841e-03
2.269672229886054993e-03
2.534100087359547615e-03
2.666314132511615753e-03
2.556135877966880798e-03
2.776492387056350708e-03
3.217205405235290527e-03
3.459597704932093620e-03
2.820563735440373421e-03
3.151098499074578285e-03
3.040920244529843330e-03
3.062955802306532860e-03
3.040920244529843330e-03
3.217205405235290527e-03
4.032524768263101578e-03
3.040920244529843330e-03
3.679954214021563530e-03
3.613847307860851288e-03
3.569775959476828575e-03
4.098631441593170166e-03
4.032524768263101578e-03
3.988453187048435211e-03
3.878275165334343910e-03
4.296952392905950546e-03
4.054560326039791107e-03
4.605451598763465881e-03
4.318987950682640076e-03
3.790132468566298485e-03
4.363059531897306442e-03
4.274916835129261017e-03
5.024129059165716171e-03
4.825808107852935791e-03
4.583416040986776352e-03
5.178378429263830185e-03
4.825808107852935791e-03
5.354663822799921036e-03
4.781736992299556732e-03
5.046164616942405701e-03
5.178378429263830185e-03
5.883519537746906281e-03
6.059804931282997131e-03
5.530949216336011887e-03
6.037768907845020294e-03
5.839448422193527222e-03
7.139551918953657150e-03
6.919195409864187241e-03
7.139551918953657150e-03
7.249730173498392105e-03
7.514157798141241074e-03
7.183623034507036209e-03
8.395584300160408020e-03
8.836297318339347839e-03
8.219298906624317169e-03
9.409223683178424835e-03
9.541437961161136627e-03
9.519401937723159790e-03
1.002622209489345551e-02
1.007029414176940918e-02
1.117207668721675873e-02
1.086357701569795609e-02
1.132632605731487274e-02
1.044490002095699310e-02
1.046693511307239532e-02
1.161278970539569855e-02
1.174500305205583572e-02
1.251625083386898041e-02
1.359599828720092773e-02
1.308917813003063202e-02
1.401467528194189072e-02
1.392653305083513260e-02
1.447742432355880737e-02
1.408078242093324661e-02
1.513849385082721710e-02
1.681320369243621826e-02
1.985412463545799255e-02
2.130847796797752380e-02
2.287300862371921539e-02
2.474603988230228424e-02
2.785306610167026520e-02
3.497058153152465820e-02
4.387298598885536194e-02
5.682995170354843140e-02
6.648156791925430298e-02
4.878693819046020508e-02
4.532733932137489319e-02
