1.036832225508987904e-03
6.418485427275300026e-04
1.135578146204352379e-03
8.887133444659411907e-04
1.283697085455060005e-03
1.431815908290445805e-03
1.086205244064331055e-03
1.283697085455060005e-03
7.899674237705767155e-04
8.393403841182589531e-04
8.887133444659411907e-04
7.899674237705767155e-04
8.887133444659411907e-04
7.899674237705767155e-04
5.924755823798477650e-04
1.283697085455060005e-03
9.380863048136234283e-04
5.924755823798477650e-04
6.912215030752122402e-04
5.924755823798477650e-04
1.086205244064331055e-03
5.924755823798477650e-04
8.393403841182589531e-04
1.036832225508987904e-03
7.405944634228944778e-04
4.937296616844832897e-04
1.135578146204352379e-03
1.036832225508987904e-03
7.405944634228944778e-04
6.912215030752122402e-04
2.468648308422416449e-04
9.380863048136234283e-04
6.912215030752122402e-04
9.874593233689665794e-04
9.380863048136234283e-04
8.887133444659411907e-04
7.899674237705767155e-04
1.184951164759695530e-03
8.887133444659411907e-04
1.382443006150424480e-03
1.333069987595081329e-03
1.184951164759695530e-03
1.086205244064331055e-03
1.036832225508987904e-03
1.135578146204352379e-03
1.086205244064331055e-03
1.184951164759695530e-03
7.899674237705767155e-04
1.036832225508987904e-03
1.234324066899716854e-03
1.184951164759695530e-03
9.874593233689665794e-04
7.899674237705767155e-04
8.887133444659411907e-04
1.234324066899716854e-03
9.874593233689665794e-04
1.086205244064331055e-03
1.333069987595081329e-03
1.333069987595081329e-03
1.481188926845788956e-03
1.283697085455060005e-03
1.579934847541153431e-03
1.382443006150424480e-03
1.579934847541153431e-03
2.024291548877954483e-03
1.579934847541153431e-03
1.678680768236517906e-03
1.678680768236517906e-03
2.518021035939455032e-03
1.678680768236517906e-03
2.468648133799433708e-03
2.468648133799433708e-03
2.221783390268683434e-03
2.913004951551556587e-03
2.320529194548726082e-03
2.913004951551556587e-03
3.505480475723743439e-03
3.258615499362349510e-03
3.307988634333014488e-03
3.653599182143807411e-03
3.505480475723743439e-03
4.986669402569532394e-03
4.887923598289489746e-03
5.381653085350990295e-03
4.443566780537366867e-03
5.875382572412490845e-03
6.961587816476821899e-03
7.554063573479652405e-03
8.245284669101238251e-03
9.380863048136234283e-03
1.110891718417406082e-02
9.825219400227069855e-03
1.579934917390346527e-02
1.856423355638980865e-02
2.685889229178428650e-02
3.327737748622894287e-02
5.055791512131690979e-02
7.657746970653533936e-02
1.493532210588455200e-01
