3.241158425807952881e-01
1.050641536712646484e-01
6.977389007806777954e-02
5.101963505148887634e-02
3.745809197425842285e-02
3.118146769702434540e-02
2.513170801103115082e-02
2.210682816803455353e-02
1.691411808133125305e-02
1.429255586117506027e-02
1.182223763316869736e-02
1.078873779624700546e-02
1.020896900445222855e-02
1.003251783549785614e-02
8.570492267608642578e-03
7.889894768595695496e-03
7.789065130054950714e-03
7.663028314709663391e-03
6.881601177155971527e-03
6.175796035677194595e-03
6.579113192856311798e-03
6.100174039602279663e-03
4.764185287058353424e-03
5.646442063152790070e-03
4.839807283133268356e-03
5.369161255657672882e-03
5.217917263507843018e-03
4.688563290983438492e-03
5.167502909898757935e-03
4.537319298833608627e-03
4.738978110253810883e-03
4.360868129879236221e-03
4.335660953074693680e-03
3.554233582690358162e-03
3.604648169130086899e-03
4.134002141654491425e-03
3.730684984475374222e-03
3.352575004100799561e-03
3.302160184830427170e-03
2.999672200530767441e-03
3.100501606240868568e-03
3.327367594465613365e-03
3.150916192680597305e-03
2.747599035501480103e-03
2.545940456911921501e-03
3.226538188755512238e-03
2.823221031576395035e-03
2.873635618016123772e-03
2.747599035501480103e-03
2.394696464762091637e-03
2.747599035501480103e-03
2.571147633716464043e-03
2.722391625866293907e-03
2.671977039426565170e-03
2.293867059051990509e-03
2.193037653341889381e-03
1.890549785457551479e-03
2.545940456911921501e-03
2.369489055126905441e-03
2.041793661192059517e-03
2.067001070827245712e-03
2.445111051201820374e-03
1.814927789382636547e-03
2.369489055126905441e-03
2.142623066902160645e-03
2.067001070827245712e-03
1.865342492237687111e-03
1.764513086527585983e-03
2.117415657266974449e-03
1.764513086527585983e-03
1.915757078677415848e-03
2.193037653341889381e-03
1.915757078677415848e-03
1.991379074752330780e-03
1.663683797232806683e-03
1.487232511863112450e-03
1.613269094377756119e-03
1.663683797232806683e-03
1.764513086527585983e-03
2.092208480462431908e-03
2.016586484387516975e-03
1.814927789382636547e-03
1.940964488312602043e-03
1.562854507938027382e-03
1.915757078677415848e-03
1.940964488312602043e-03
1.436817809008061886e-03
1.613269094377756119e-03
1.588061801157891750e-03
1.562854507938027382e-03
1.411610515788197517e-03
1.764513086527585983e-03
1.739305793307721615e-03
1.764513086527585983e-03
1.865342492237687111e-03
1.638476504012942314e-03
1.209951820783317089e-03
1.209951820783317089e-03
1.436817809008061886e-03
