5.331259965896606445e-01
1.230394840240478516e-01
4.928339645266532898e-02
3.339643031358718872e-02
2.494591660797595978e-02
1.987560838460922241e-02
1.473769638687372208e-02
1.122228242456912994e-02
1.007301267236471176e-02
1.014061644673347473e-02
8.788534440100193024e-03
6.219577975571155548e-03
5.137912463396787643e-03
5.746349226683378220e-03
4.867495968937873840e-03
6.016765721142292023e-03
4.394267220050096512e-03
3.447809722274541855e-03
3.785830223932862282e-03
3.988642711192369461e-03
3.177393227815628052e-03
3.042184980586171150e-03
3.177393227815628052e-03
3.042184980586171150e-03
3.380205482244491577e-03
3.042184980586171150e-03
2.433747984468936920e-03
2.839372726157307625e-03
2.568956231698393822e-03
2.636560238897800446e-03
2.568956231698393822e-03
3.177393227815628052e-03
2.771768486127257347e-03
2.704164478927850723e-03
1.960519235581159592e-03
2.433747984468936920e-03
1.554894493892788887e-03
3.244997235015034676e-03
1.825310988351702690e-03
2.298539737239480019e-03
2.163331490010023117e-03
1.892915111966431141e-03
2.028123242780566216e-03
2.095727482810616493e-03
1.825310988351702690e-03
1.216873992234468460e-03
1.960519235581159592e-03
1.419686363078653812e-03
1.554894493892788887e-03
2.163331490010023117e-03
2.028123242780566216e-03
1.757706864736974239e-03
1.284478115849196911e-03
1.419686363078653812e-03
1.419686363078653812e-03
2.028123242780566216e-03
1.352082239463925362e-03
1.149269868619740009e-03
1.757706864736974239e-03
2.298539737239480019e-03
1.014061621390283108e-03
1.284478115849196911e-03
1.960519235581159592e-03
1.014061621390283108e-03
7.436451851390302181e-04
1.352082239463925362e-03
1.690102741122245789e-03
1.216873992234468460e-03
1.352082239463925362e-03
1.149269868619740009e-03
6.084369961172342300e-04
6.084369961172342300e-04
8.112493087537586689e-04
1.014061621390283108e-03
1.216873992234468460e-03
4.732287779916077852e-04
1.014061621390283108e-03
8.112493087537586689e-04
9.464575559832155704e-04
8.112493087537586689e-04
9.464575559832155704e-04
9.464575559832155704e-04
6.084369961172342300e-04
6.084369961172342300e-04
3.380205598659813404e-04
4.056246543768793344e-04
6.760411197319626808e-04
6.084369961172342300e-04
1.352082181256264448e-04
0.000000000000000000e+00
3.380205598659813404e-04
6.760410906281322241e-05
6.760411197319626808e-04
2.704164362512528896e-04
4.056246543768793344e-04
2.704164362512528896e-04
2.028123271884396672e-04
2.028123271884396672e-04
2.704164362512528896e-04
