9.290932794101536274e-04
1.266945386305451393e-03
9.713248000480234623e-04
1.393639948219060898e-03
1.562566030770540237e-03
1.478102989494800568e-03
8.446302381344139576e-04
9.713248000480234623e-04
1.055787783116102219e-03
1.224713865667581558e-03
8.868617587722837925e-04
1.055787783116102219e-03
1.266945386305451393e-03
9.290932794101536274e-04
1.182482345029711723e-03
1.098019303753972054e-03
7.179357344284653664e-04
1.098019303753972054e-03
7.601672550663352013e-04
7.601672550663352013e-04
1.224713865667581558e-03
1.055787783116102219e-03
8.868617587722837925e-04
1.098019303753972054e-03
8.868617587722837925e-04
8.023987757042050362e-04
1.055787783116102219e-03
1.140250824391841888e-03
9.290932794101536274e-04
1.309176906943321228e-03
7.601672550663352013e-04
1.309176906943321228e-03
1.140250824391841888e-03
9.290932794101536274e-04
8.868617587722837925e-04
1.055787783116102219e-03
1.224713865667581558e-03
1.055787783116102219e-03
1.266945386305451393e-03
1.351408427581191063e-03
1.055787783116102219e-03
1.393639948219060898e-03
1.393639948219060898e-03
1.055787783116102219e-03
1.098019303753972054e-03
1.140250824391841888e-03
7.179357344284653664e-04
1.478102989494800568e-03
1.393639948219060898e-03
1.055787783116102219e-03
1.731491996906697750e-03
1.309176906943321228e-03
8.446302381344139576e-04
1.520334510132670403e-03
1.224713865667581558e-03
1.266945386305451393e-03
1.562566030770540237e-03
1.266945386305451393e-03
1.900418079458177090e-03
2.027112524956464767e-03
1.647028955630958080e-03
1.309176906943321228e-03
1.984881004318594933e-03
2.322733169421553612e-03
1.984881004318594933e-03
1.731491996906697750e-03
1.900418079458177090e-03
2.111575566232204437e-03
2.069344045594334602e-03
1.815955038182437420e-03
2.196038607507944107e-03
2.153807086870074272e-03
2.449427731335163116e-03
2.956205978989601135e-03
2.280501648783683777e-03
2.998437499627470970e-03
3.167363582178950310e-03
3.167363582178950310e-03
4.011993762105703354e-03
3.758604638278484344e-03
4.180919844657182693e-03
4.856624174863100052e-03
5.025550257414579391e-03
5.490096751600503922e-03
7.052662782371044159e-03
5.743485875427722931e-03
7.137125823646783829e-03
8.319607935845851898e-03
7.686135359108448029e-03
1.038895267993211746e-02
1.114911958575248718e-02
1.317623164504766464e-02
1.347185298800468445e-02
1.980657875537872314e-02
2.694370597600936890e-02
3.522108122706413269e-02
5.181806534528732300e-02
7.306051999330520630e-02
1.373791098594665527e-01
