2.513765394687652588e-01
1.086494699120521545e-01
7.040971517562866211e-02
5.597225204110145569e-02
3.980056196451187134e-02
3.568176925182342529e-02
2.870149537920951843e-02
2.176457829773426056e-02
1.851289905607700348e-02
1.543464139103889465e-02
1.257316302508115768e-02
1.248645130544900894e-02
1.192282699048519135e-02
1.092564500868320465e-02
9.971818886697292328e-03
7.977454923093318939e-03
8.627790957689285278e-03
7.804031949490308762e-03
8.020810782909393311e-03
7.023628801107406616e-03
7.153695914894342422e-03
6.460004486143589020e-03
5.376110784709453583e-03
6.113158538937568665e-03
4.899197723716497421e-03
4.812486469745635986e-03
4.335573408752679825e-03
5.159332416951656342e-03
4.595707636326551437e-03
4.942553583532571793e-03
3.858660347759723663e-03
4.725775215774774551e-03
4.769130609929561615e-03
4.769130609929561615e-03
3.728593001142144203e-03
4.075439181178808212e-03
2.991545712575316429e-03
3.945371601730585098e-03
3.815304487943649292e-03
3.902015974745154381e-03
3.121612826362252235e-03
3.251679940149188042e-03
3.425102913752198219e-03
3.598525887355208397e-03
3.598525887355208397e-03
2.731411252170801163e-03
3.164968453347682953e-03
2.557988278567790985e-03
2.861478365957736969e-03
2.557988278567790985e-03
3.511814400553703308e-03
3.598525887355208397e-03
3.598525887355208397e-03
2.774766879156231880e-03
3.815304487943649292e-03
2.861478365957736969e-03
2.774766879156231880e-03
2.514632651582360268e-03
2.427921164780855179e-03
2.904834225773811340e-03
3.034901339560747147e-03
2.688055392354726791e-03
2.818122738972306252e-03
2.774766879156231880e-03
2.167786704376339912e-03
3.208324313163757324e-03
3.164968453347682953e-03
2.514632651582360268e-03
2.818122738972306252e-03
2.904834225773811340e-03
2.991545712575316429e-03
2.557988278567790985e-03
2.818122738972306252e-03
2.948189852759242058e-03
2.644699765369296074e-03
1.994363730773329735e-03
2.644699765369296074e-03
3.208324313163757324e-03
2.384565304964780807e-03
2.384565304964780807e-03
2.384565304964780807e-03
2.514632651582360268e-03
2.948189852759242058e-03
2.384565304964780807e-03
2.254498191177845001e-03
2.124430844560265541e-03
2.427921164780855179e-03
1.690873643383383751e-03
2.124430844560265541e-03
2.211142331361770630e-03
1.820940873585641384e-03
2.297853818163275719e-03
1.604162156581878662e-03
2.341209677979350090e-03
2.904834225773811340e-03
2.211142331361770630e-03
2.514632651582360268e-03
2.341209677979350090e-03
2.081075217574834824e-03
