2.643206851631455356e+05
1.749180851007693855e+04
1.230905091703989820e+04
1.101336130097038040e+04
5.830603272312826448e+03
5.182758464278067549e+03
7.126293324002856025e+03
6.478448080347584437e+03
5.182758464278067549e+03
6.478448080347584437e+03
7.126292452761829736e+03
5.182758464278067549e+03
5.830603707933339138e+03
1.943534641914531903e+03
5.830603272312826448e+03
5.830603272312826448e+03
7.126292452761829736e+03
6.478448515968098036e+03
5.830603272312826448e+03
2.591379232139033775e+03
3.239224040173792218e+03
3.239224040173792218e+03
3.887068848208550662e+03
7.126292452761829736e+03
1.943534641914531903e+03
2.591379232139033775e+03
5.182758464278067549e+03
1.943534641914531903e+03
3.239224257984049018e+03
2.591379449949290574e+03
3.239224040173792218e+03
1.943534641914531903e+03
2.591379449949290574e+03
6.478448624873226436e+02
3.239224040173792218e+03
3.239224257984049018e+03
5.182758464278067549e+03
3.887069283829063806e+03
2.591379449949290574e+03
6.478448624873226436e+02
1.295689724974645287e+03
6.478448624873226436e+02
2.591379449949290574e+03
3.887068848208550662e+03
1.295689724974645287e+03
0.000000000000000000e+00
0.000000000000000000e+00
6.478448624873226436e+02
0.000000000000000000e+00
