9.835429291224391690e+00
2.713040099022604235e+00
6.494442871639970472e-01
2.825574416056828575e-01
4.510222865062856745e-01
2.576891620662041804e-01
6.017420734922542813e-01
2.890903815560809109e-01
5.751737854753856682e-01
2.788460866997970466e-01
5.720462052500494554e-01
2.693676285740287946e-01
5.355252431440613581e-01
2.772274893143713559e-01
5.935443243446902883e-01
3.052958565027214521e-01
6.017774412625908065e-01
3.376262531963535318e-01
7.129836312910350360e-01
4.045586846077492971e-01
9.407699083284671859e-01
4.331688532473462749e-01
7.982484861642414886e-01
4.269369570760507826e-01
9.139487968966003573e-01
5.196891944496520033e-01
1.163865976047548934e+00
5.893232519192673768e-01
1.177064541464367675e+00
5.788686082816514311e-01
1.191647638621980532e+00
6.489981503973262233e-01
1.389119047540844365e+00
7.613399542916471363e-01
1.573892894882379379e+00
8.423562790149485835e-01
1.665776234096177921e+00
8.834419791573797642e-01
1.915700062635940837e+00
1.068687408110402082e+00
2.341984033789645370e+00
1.353631890679794170e+00
3.061055873282651163e+00
1.718557642936827889e+00
3.749088905309182262e+00
2.550699862926131267e+00
6.320712930150890863e+00
7.044893110452711937e+00
2.177450155554759448e+01
