8.926856764820686812e-05
2.240132509383548239e-05
7.855832125262060917e-08
9.724799652740518610e-07
3.798776754736428772e-06
2.939501979264892676e-06
7.690543416993940058e-06
2.857896816471655135e-06
3.823233824571482083e-06
2.860237852360790969e-06
7.763716182412318202e-06
2.894910266362874617e-06
3.775582220319378210e-06
1.883917073078266342e-06
3.780378631194624809e-06
2.869525828920158890e-06
7.718791708368146455e-06
2.820496088432836517e-06
3.787918715316086436e-06
4.878155768183443410e-06
1.514218568679012886e-05
6.803861777325287684e-06
1.126118240636529713e-05
2.933519262833574595e-06
7.767469972533190758e-08
9.432463403712717896e-07
3.803141779085195945e-06
1.956115962966160811e-06
3.833837478568333102e-06
2.837609452125045072e-06
7.776344501666710590e-06
2.825073082649185785e-06
3.830813030111865804e-06
5.653702496685828519e-06
1.902330754298936337e-05
1.066757372275866403e-05
2.348303119802410590e-05
1.433159527496316089e-05
3.457421501296635270e-05
1.850069304371559887e-05
3.871814166142190263e-05
2.168968561009261643e-05
4.868952514797482325e-05
5.170332597213683892e-05
1.525183048741348140e-04
9.811375997096021364e-05
2.371340911289042646e-04
4.782771002672570396e-03
1.829691535325355875e-02
