6.238295131883931548e-04
2.495317955284790225e-04
1.425895997655304663e-04
3.742977014151170666e-04
1.604133098892199271e-04
2.851791995310609326e-04
2.673555056521685104e-04
1.069422038853471026e-04
1.960606976470047444e-04
2.138843915258971395e-04
1.247658977642395113e-04
2.138843915258971395e-04
1.960606976470047444e-04
2.138843915258971395e-04
1.782370037681123493e-04
2.495317955284790225e-04
1.782370037681123493e-04
1.782370037681123493e-04
1.782370037681123493e-04
1.782370037681123493e-04
2.317080854047895617e-04
1.604132936444228614e-04
1.425895997655304663e-04
1.069421957629485698e-04
2.317081016495866274e-04
2.495317955284790225e-04
1.782370037681123493e-04
3.208266197784398542e-04
1.604132936444228614e-04
2.851791995310609326e-04
2.495317955284790225e-04
3.208266197784398542e-04
4.099451216624960424e-04
2.851791995310609326e-04
3.386502811677381450e-04
4.634162032991732548e-04
4.990635910569580450e-04
4.990636235465521764e-04
6.594769009461779992e-04
4.455925094202808326e-04
8.198901783458038221e-04
1.140716928082620256e-03
1.212011573639813202e-03
1.728898923554851932e-03
2.406199355931951805e-03
4.598514775192324121e-03
7.646367240722778784e-03
1.668298344872861175e-02
2.321002210305257996e-01
