9.752493170797549737e+00
2.679910367590940368e+00
6.498855542288350939e-01
2.741644310312986721e-01
4.387173026978042900e-01
2.580623014375531543e-01
5.898396674490933300e-01
2.913091193404658275e-01
5.662017916663141248e-01
2.836324383763397794e-01
5.617234908158414974e-01
2.736244026752620018e-01
5.468061053096785473e-01
2.900660690894624194e-01
5.963103985699834686e-01
2.927556189215042570e-01
6.077354655751876500e-01
3.350080616321819971e-01
7.379485811333112988e-01
4.113466857728109716e-01
9.053146177294019159e-01
4.217402857485793577e-01
8.132846708591857654e-01
4.313410148424352553e-01
9.172014907218578594e-01
5.235334286404050852e-01
1.140705247004710321e+00
5.686104336868227360e-01
1.141935128707494140e+00
5.923153837949645117e-01
1.215279992199243431e+00
6.661488858345961939e-01
1.403200352064775336e+00
7.688846793663167700e-01
1.607746852652357727e+00
8.353827358209214848e-01
1.693359222249102736e+00
9.145306605453922266e-01
1.861912149741479006e+00
1.059039449891895579e+00
2.406744403745385341e+00
1.353578274070211362e+00
3.125351834508041549e+00
1.719686883448324766e+00
3.740505882983329755e+00
2.559344711284690543e+00
6.361509200040035061e+00
7.014704923495115096e+00
2.204470473123969754e+01
