2.525886505863505590e+03
1.292005254977157958e-01
1.264619335851238924e-01
1.235340544920303374e-01
1.205121574297744191e-01
1.172232765680153582e-01
1.150786382764415472e-01
1.123658716343691466e-01
1.098365407755592243e-01
1.070364447897849819e-01
1.050421855671962862e-01
1.028424742192171615e-01
1.005555347309475683e-01
9.802254214870809168e-02
9.644320771242465007e-02
9.436850097810724203e-02
9.250018480081295680e-02
9.018775125318834185e-02
8.875009239251221982e-02
8.705801735596303825e-02
8.492935080276538262e-02
8.369686805817595776e-02
8.202248521799621050e-02
8.045674884007679439e-02
7.868165020496403761e-02
7.748013570425371643e-02
7.611006232175224206e-02
7.465924241744301137e-02
7.300155814013925548e-02
7.205119830536285686e-02
7.071996863220705865e-02
6.947621550771511389e-02
6.803217163181257687e-02
6.709084650157844110e-02
