6.757894754409790039e-01
6.947368383407592773e-02
2.947368472814559937e-02
2.526315860450267792e-02
2.736842073500156403e-02
1.473684236407279968e-02
1.263157930225133896e-02
6.315789651125669479e-03
4.210526123642921448e-03
8.421052247285842896e-03
4.210526123642921448e-03
2.105263061821460724e-03
1.052631624042987823e-02
6.315789651125669479e-03
2.105263061821460724e-03
4.210526123642921448e-03
2.105263061821460724e-03
2.105263061821460724e-03
6.315789651125669479e-03
2.105263061821460724e-03
0.000000000000000000e+00
2.105263061821460724e-03
0.000000000000000000e+00
2.105263061821460724e-03
4.210526123642921448e-03
2.105263061821460724e-03
2.105263061821460724e-03
2.105263061821460724e-03
2.105263061821460724e-03
4.210526123642921448e-03
8.421052247285842896e-03
2.105263061821460724e-03
4.210526123642921448e-03
0.000000000000000000e+00
0.000000000000000000e+00
0.000000000000000000e+00
2.105263061821460724e-03
2.105263061821460724e-03
0.000000000000000000e+00
0.000000000000000000e+00
0.000000000000000000e+00
2.105263061821460724e-03
0.000000000000000000e+00
0.000000000000000000e+00
0.000000000000000000e+00
2.105263061821460724e-03
0.000000000000000000e+00
0.000000000000000000e+00
0.000000000000000000e+00
0.000000000000000000e+00
0.000000000000000000e+00
0.000000000000000000e+00
0.000000000000000000e+00
0.000000000000000000e+00
2.105263061821460724e-03
0.000000000000000000e+00
2.105263061821460724e-03
0.000000000000000000e+00
4.210526123642921448e-03
2.105263061821460724e-03
2.105263061821460724e-03
0.000000000000000000e+00
0.000000000000000000e+00
0.000000000000000000e+00
0.000000000000000000e+00
0.000000000000000000e+00
0.000000000000000000e+00
0.000000000000000000e+00
0.000000000000000000e+00
2.105263061821460724e-03
2.105263061821460724e-03
0.000000000000000000e+00
0.000000000000000000e+00
2.105263061821460724e-03
2.105263061821460724e-03
0.000000000000000000e+00
0.000000000000000000e+00
0.000000000000000000e+00
2.105263061821460724e-03
2.105263061821460724e-03
0.000000000000000000e+00
0.000000000000000000e+00
2.105263061821460724e-03
0.000000000000000000e+00
0.000000000000000000e+00
0.000000000000000000e+00
0.000000000000000000e+00
0.000000000000000000e+00
0.000000000000000000e+00
0.000000000000000000e+00
2.105263061821460724e-03
4.210526123642921448e-03
0.000000000000000000e+00
0.000000000000000000e+00
0.000000000000000000e+00
0.000000000000000000e+00
0.000000000000000000e+00
2.105263061821460724e-03
2.105263061821460724e-03
