4.600368440151214600e-02
2.341137081384658813e-02
1.617637090384960175e-02
1.412872876971960068e-02
1.167155802249908447e-02
1.071599218994379044e-02
9.555662050843238831e-03
1.064773742109537125e-02
8.463585749268531799e-03
6.347689777612686157e-03
8.054058067500591278e-03
5.869906395673751831e-03
6.757217925041913986e-03
6.142925471067428589e-03
4.368302412331104279e-03
5.460378248244524002e-03
5.665142089128494263e-03
5.255613941699266434e-03
5.801651626825332642e-03
5.323868710547685623e-03
4.914340097457170486e-03
4.163538105785846710e-03
5.119104404002428055e-03
3.890519496053457260e-03
4.163538105785846710e-03
3.617500420659780502e-03
3.890519496053457260e-03
4.368302412331104279e-03
4.504811950027942657e-03
3.958774264901876450e-03
4.163538105785846710e-03
2.593679586425423622e-03
4.368302412331104279e-03
3.480991115793585777e-03
3.890519496053457260e-03
3.685755189508199692e-03
3.549245884642004967e-03
2.798443892970681190e-03
3.412736346945166588e-03
3.412736346945166588e-03
3.958774264901876450e-03
3.276226809248328209e-03
4.914340097457170486e-03
3.958774264901876450e-03
3.890519496053457260e-03
4.095283802598714828e-03
3.822264727205038071e-03
3.412736346945166588e-03
4.163538105785846710e-03
4.163538105785846710e-03
3.207972040399909019e-03
3.549245884642004967e-03
3.139717504382133484e-03
2.798443892970681190e-03
3.139717504382133484e-03
3.822264727205038071e-03
2.934953197836875916e-03
2.934953197836875916e-03
4.095283802598714828e-03
3.754009958356618881e-03
3.754009958356618881e-03
4.027029033750295639e-03
3.412736346945166588e-03
3.276226809248328209e-03
3.754009958356618881e-03
4.300047643482685089e-03
5.596887785941362381e-03
4.368302412331104279e-03
4.641321487724781036e-03
5.733396857976913452e-03
5.119104404002428055e-03
4.231792874634265900e-03
3.480991115793585777e-03
4.163538105785846710e-03
5.187359172850847244e-03
4.573066718876361847e-03
4.504811950027942657e-03
5.528633017092943192e-03
5.938161164522171021e-03
6.279435008764266968e-03
5.255613941699266434e-03
5.255613941699266434e-03
4.914340097457170486e-03
6.825472693890333176e-03
6.825472693890333176e-03
6.688963156193494797e-03
6.893727462738752365e-03
8.531840518116950989e-03
9.077878668904304504e-03
9.896934963762760162e-03
9.623916819691658020e-03
1.167155802249908447e-02
1.440174691379070282e-02
1.576684229075908661e-02
1.624462567269802094e-02
1.815575733780860901e-02
2.450344711542129517e-02
3.283052518963813782e-02
4.586717486381530762e-02
