3.273082524538040161e-02
1.465559378266334534e-02
1.050317566841840744e-02
9.037615731358528137e-03
6.839277222752571106e-03
7.572056725621223450e-03
5.617977585643529892e-03
6.106497254222631454e-03
4.640937782824039459e-03
4.152418114244937897e-03
3.663898445665836334e-03
4.152418114244937897e-03
4.152418114244937897e-03
4.885198082774877548e-03
4.152418114244937897e-03
2.198338974267244339e-03
3.419638611376285553e-03
4.396677948534488678e-03
3.175378544256091118e-03
3.663898445665836334e-03
3.175378544256091118e-03
3.175378544256091118e-03
5.617977585643529892e-03
3.419638611376285553e-03
2.931118709966540337e-03
1.221299520693719387e-03
2.931118709966540337e-03
2.442599041387438774e-03
2.442599041387438774e-03
1.221299520693719387e-03
2.686858875676989555e-03
3.908158279955387115e-03
1.954079139977693558e-03
1.709819305688142776e-03
3.908158279955387115e-03
2.686858875676989555e-03
2.442599041387438774e-03
2.931118709966540337e-03
2.442599041387438774e-03
9.770395699888467789e-04
1.954079139977693558e-03
2.442599041387438774e-03
1.465559354983270168e-03
1.954079139977693558e-03
2.442599041387438774e-03
2.686858875676989555e-03
1.954079139977693558e-03
2.442599041387438774e-03
2.686858875676989555e-03
4.396677948534488678e-03
3.419638611376285553e-03
3.663898445665836334e-03
1.954079139977693558e-03
2.442599041387438774e-03
3.663898445665836334e-03
3.419638611376285553e-03
2.198338974267244339e-03
2.442599041387438774e-03
4.396677948534488678e-03
1.709819305688142776e-03
3.419638611376285553e-03
1.709819305688142776e-03
2.442599041387438774e-03
2.686858875676989555e-03
2.442599041387438774e-03
2.442599041387438774e-03
4.640937782824039459e-03
2.442599041387438774e-03
2.198338974267244339e-03
3.419638611376285553e-03
2.931118709966540337e-03
4.885198082774877548e-03
1.954079139977693558e-03
4.152418114244937897e-03
2.686858875676989555e-03
5.129457917064428329e-03
3.663898445665836334e-03
3.419638611376285553e-03
3.663898445665836334e-03
3.908158279955387115e-03
3.908158279955387115e-03
3.663898445665836334e-03
2.686858875676989555e-03
4.640937782824039459e-03
4.396677948534488678e-03
4.152418114244937897e-03
4.640937782824039459e-03
5.373717751353979111e-03
6.595016922801733017e-03
8.060576394200325012e-03
1.050317566841840744e-02
1.001465599983930588e-02
1.367855444550514221e-02
1.294577401131391525e-02
1.905227079987525940e-02
2.149487100541591644e-02
2.784562855958938599e-02
3.150952607393264771e-02
5.031753703951835632e-02
