7.839195728302001953e-01
2.010050229728221893e-02
1.005025114864110947e-02
1.005025114864110947e-02
1.507537718862295151e-02
0.000000000000000000e+00
5.025125574320554733e-03
5.025125574320554733e-03
5.025125574320554733e-03
5.025125574320554733e-03
0.000000000000000000e+00
5.025125574320554733e-03
5.025125574320554733e-03
0.000000000000000000e+00
0.000000000000000000e+00
0.000000000000000000e+00
5.025125574320554733e-03
0.000000000000000000e+00
0.000000000000000000e+00
5.025125574320554733e-03
0.000000000000000000e+00
0.000000000000000000e+00
5.025125574320554733e-03
0.000000000000000000e+00
0.000000000000000000e+00
0.000000000000000000e+00
0.000000000000000000e+00
0.000000000000000000e+00
0.000000000000000000e+00
0.000000000000000000e+00
0.000000000000000000e+00
5.025125574320554733e-03
0.000000000000000000e+00
5.025125574320554733e-03
0.000000000000000000e+00
0.000000000000000000e+00
0.000000000000000000e+00
0.000000000000000000e+00
0.000000000000000000e+00
0.000000000000000000e+00
0.000000000000000000e+00
0.000000000000000000e+00
0.000000000000000000e+00
0.000000000000000000e+00
0.000000000000000000e+00
0.000000000000000000e+00
0.000000000000000000e+00
0.000000000000000000e+00
0.000000000000000000e+00
0.000000000000000000e+00
0.000000000000000000e+00
0.000000000000000000e+00
0.000000000000000000e+00
0.000000000000000000e+00
0.000000000000000000e+00
0.000000000000000000e+00
5.025125574320554733e-03
0.000000000000000000e+00
0.000000000000000000e+00
0.000000000000000000e+00
0.000000000000000000e+00
0.000000000000000000e+00
0.000000000000000000e+00
0.000000000000000000e+00
0.000000000000000000e+00
0.000000000000000000e+00
0.000000000000000000e+00
5.025125574320554733e-03
0.000000000000000000e+00
0.000000000000000000e+00
0.000000000000000000e+00
5.025125574320554733e-03
0.000000000000000000e+00
0.000000000000000000e+00
0.000000000000000000e+00
0.000000000000000000e+00
0.000000000000000000e+00
0.000000000000000000e+00
0.000000000000000000e+00
5.025125574320554733e-03
0.000000000000000000e+00
0.000000000000000000e+00
0.000000000000000000e+00
0.000000000000000000e+00
1.005025114864110947e-02
0.000000000000000000e+00
5.025125574320554733e-03
1.005025114864110947e-02
5.025125574320554733e-03
0.000000000000000000e+00
5.025125574320554733e-03
0.000000000000000000e+00
5.025125574320554733e-03
0.000000000000000000e+00
0.000000000000000000e+00
0.000000000000000000e+00
1.507537718862295151e-02
5.025125574320554733e-03
5.025125574320554733e-03
