1.792757248040288687e-04
0.000000000000000000e+00
0.000000000000000000e+00
0.000000000000000000e+00
5.975857493467628956e-05
5.975857493467628956e-05
5.975857493467628956e-05
0.000000000000000000e+00
0.000000000000000000e+00
0.000000000000000000e+00
0.000000000000000000e+00
0.000000000000000000e+00
0.000000000000000000e+00
5.975857493467628956e-05
0.000000000000000000e+00
0.000000000000000000e+00
0.000000000000000000e+00
0.000000000000000000e+00
5.975857493467628956e-05
0.000000000000000000e+00
0.000000000000000000e+00
0.000000000000000000e+00
0.000000000000000000e+00
0.000000000000000000e+00
0.000000000000000000e+00
0.000000000000000000e+00
0.000000000000000000e+00
0.000000000000000000e+00
0.000000000000000000e+00
0.000000000000000000e+00
5.975857493467628956e-05
0.000000000000000000e+00
5.975857493467628956e-05
0.000000000000000000e+00
0.000000000000000000e+00
0.000000000000000000e+00
5.975857493467628956e-05
0.000000000000000000e+00
0.000000000000000000e+00
0.000000000000000000e+00
0.000000000000000000e+00
5.975857493467628956e-05
0.000000000000000000e+00
0.000000000000000000e+00
5.975857493467628956e-05
5.975857493467628956e-05
0.000000000000000000e+00
0.000000000000000000e+00
1.195171498693525791e-04
5.975857493467628956e-05
5.975857493467628956e-05
0.000000000000000000e+00
0.000000000000000000e+00
0.000000000000000000e+00
0.000000000000000000e+00
5.975857493467628956e-05
0.000000000000000000e+00
0.000000000000000000e+00
0.000000000000000000e+00
0.000000000000000000e+00
0.000000000000000000e+00
0.000000000000000000e+00
0.000000000000000000e+00
0.000000000000000000e+00
5.975857493467628956e-05
0.000000000000000000e+00
0.000000000000000000e+00
0.000000000000000000e+00
1.195171498693525791e-04
0.000000000000000000e+00
5.975857493467628956e-05
0.000000000000000000e+00
0.000000000000000000e+00
5.975857493467628956e-05
0.000000000000000000e+00
0.000000000000000000e+00
0.000000000000000000e+00
0.000000000000000000e+00
0.000000000000000000e+00
5.975857493467628956e-05
1.195171498693525791e-04
5.975857493467628956e-05
0.000000000000000000e+00
0.000000000000000000e+00
0.000000000000000000e+00
1.195171498693525791e-04
1.195171498693525791e-04
0.000000000000000000e+00
0.000000000000000000e+00
1.195171498693525791e-04
5.975857493467628956e-05
1.195171498693525791e-04
0.000000000000000000e+00
5.378272035159170628e-04
2.987928746733814478e-04
2.987928746733814478e-04
2.987928746733814478e-04
7.171028992161154747e-04
1.314688706770539284e-03
