1.071359030902385712e-03
4.869813565164804459e-04
9.739627421367913485e-05
2.272579731652513146e-04
1.947925484273582697e-04
2.921888080891221762e-04
1.947925484273582697e-04
1.947925484273582697e-04
1.298616989515721798e-04
3.246542473789304495e-05
1.947925484273582697e-04
1.623271236894652247e-04
9.739627421367913485e-05
9.739627421367913485e-05
1.947925484273582697e-04
9.739627421367913485e-05
1.298616989515721798e-04
1.298616989515721798e-04
0.000000000000000000e+00
0.000000000000000000e+00
3.246542473789304495e-05
1.623271236894652247e-04
3.246542473789304495e-05
9.739627421367913485e-05
1.623271236894652247e-04
6.493084947578608990e-05
9.739627421367913485e-05
0.000000000000000000e+00
3.246542473789304495e-05
1.298616989515721798e-04
9.739627421367913485e-05
6.493084947578608990e-05
1.623271236894652247e-04
9.739627421367913485e-05
3.246542473789304495e-05
6.493084947578608990e-05
6.493084947578608990e-05
9.739627421367913485e-05
3.246542473789304495e-05
0.000000000000000000e+00
1.298616989515721798e-04
9.739627421367913485e-05
1.298616989515721798e-04
3.246542473789304495e-05
1.298616989515721798e-04
3.246542473789304495e-05
1.298616989515721798e-04
0.000000000000000000e+00
9.739627421367913485e-05
6.493084947578608990e-05
1.298616989515721798e-04
3.246542473789304495e-05
6.493084947578608990e-05
9.739627421367913485e-05
9.739627421367913485e-05
6.493084947578608990e-05
9.739627421367913485e-05
6.493084947578608990e-05
2.597233979031443596e-04
1.298616989515721798e-04
1.947925484273582697e-04
2.272579731652513146e-04
1.298616989515721798e-04
1.947925484273582697e-04
0.000000000000000000e+00
1.623271236894652247e-04
1.947925484273582697e-04
6.493084947578608990e-05
1.623271236894652247e-04
1.623271236894652247e-04
1.623271236894652247e-04
9.739627421367913485e-05
9.739627421367913485e-05
1.298616989515721798e-04
1.947925484273582697e-04
1.298616989515721798e-04
1.623271236894652247e-04
1.947925484273582697e-04
1.623271236894652247e-04
1.947925484273582697e-04
3.895850968547165394e-04
3.246542473789304495e-04
2.597233979031443596e-04
2.272579731652513146e-04
4.545159463305026293e-04
3.895850968547165394e-04
4.220505070406943560e-04
4.220505070406943560e-04
4.869813565164804459e-04
6.168430554680526257e-04
6.168430554680526257e-04
8.116356329992413521e-04
1.006428152322769165e-03
1.038893591612577438e-03
1.298616989515721798e-03
1.623271265998482704e-03
2.499837661162018776e-03
4.675020929425954819e-03
9.674696251749992371e-03
