5.163027567524374035e+02
1.337337837771650300e+02
1.143803726206312277e+01
3.349759525573900998e+00
2.285318081570269388e+00
1.703281673751279035e+00
4.513604721769380212e+00
1.707642592809923920e+00
2.254534593656891239e+00
1.108514884232750797e+00
2.270885960699843054e+00
2.288474141128928441e+00
6.872737837711659914e+00
1.701588056580017216e+00
2.532500944752511061e-03
2.250489456247609876e+00
8.832358010590716901e+00
2.283446614880468850e+00
2.564822617836584433e-03
1.102946804733732300e+00
4.568540324934365238e+00
1.124591879130190542e+00
2.479634444188852458e-03
5.607166115190532762e-01
2.259610938796963620e+00
2.202815558163366383e+00
6.826458773062912044e+00
3.426473757301599310e+00
6.640595791924535085e+00
1.655544127594829718e+00
2.658248758749026490e-03
2.645071592330196317e-03
2.612053426467205331e-03
5.513411592194238375e-01
2.253408864093750630e+00
1.664036233979926838e+00
4.421971562753041596e+00
1.690974002016997435e+00
2.211611037329347607e+00
1.148244464449079016e+00
2.281989401114098204e+00
2.274797140104630966e+00
6.597908018585261658e+00
3.305236448483371170e+00
6.700409860497869907e+00
3.891896424282612621e+00
9.009809255890910862e+00
1.032959247647062817e+01
3.095648846108742447e+01
