7.797766733928723397e+02
1.976592832256105225e+02
1.352895309916606834e+02
9.308914319699239570e+01
5.988734472107054074e+01
4.654456866412511573e+01
2.823703626884281093e+01
2.668555211389085002e+01
2.203109671466387809e+01
1.737663838106582759e+01
1.706634037632699830e+01
1.520455968382175449e+01
1.023980481267041753e+01
9.929508275117132854e+00
1.148099389725463659e+01
6.516239759696070166e+00
8.378022652979629115e+00
7.757428110687518696e+00
7.757428110687518696e+00
5.585347946257905427e+00
3.723565419770732188e+00
4.344159595266456897e+00
4.654456866412511218e+00
4.654456866412511218e+00
4.964753770762181162e+00
3.102971244275007479e+00
4.964753770762181162e+00
2.172079797633228448e+00
2.172079797633228448e+00
3.413268515421062688e+00
3.413268148624676979e+00
2.482377068779283213e+00
1.861782709885366094e+00
4.033862324120401688e+00
1.861782709885366094e+00
1.551485622137503739e+00
1.861782709885366094e+00
1.861782709885366094e+00
1.861782709885366094e+00
1.551485622137503739e+00
3.102971106726363226e-01
3.102971106726363226e-01
1.551485622137503739e+00
1.241188442690545291e+00
1.241188442690545291e+00
1.861782709885366094e+00
6.205942213452726453e-01
6.205942213452726453e-01
1.241188442690545291e+00
