4.907866939902305603e-03
6.469523999840021133e-03
6.033800076693296432e-03
6.420690566301345825e-03
6.502764765173196793e-03
5.861424840986728668e-03
6.338353268802165985e-03
6.451014429330825806e-03
5.994574632495641708e-03
6.148290820419788361e-03
5.271721165627241135e-03
5.714176222681999207e-03
5.126231350004673004e-03
6.244052201509475708e-03
5.597252398729324341e-03
6.064124871045351028e-03
6.154460832476615906e-03
6.764205172657966614e-03
6.776694674044847488e-03
7.427792064845561981e-03
7.634157314896583557e-03
8.606674149632453918e-03
8.950749412178993225e-03
9.235374629497528076e-03
1.018347311764955521e-02
1.006857026368379593e-02
1.164888776838779449e-02
1.110973767936229706e-02
1.085069030523300171e-02
1.122004445642232895e-02
1.152074616402387619e-02
1.195015199482440948e-02
1.443336345255374908e-02
1.583995670080184937e-02
1.642528362572193146e-02
1.666357927024364471e-02
1.912252232432365417e-02
2.046611532568931580e-02
2.329313941299915314e-02
2.798570320010185242e-02
2.727130427956581116e-02
3.524542227387428284e-02
3.809249401092529297e-02
4.568279162049293518e-02
5.775674432516098022e-02
5.585929006338119507e-02
5.951809883117675781e-02
6.902635097503662109e-02
1.020747274160385132e-01
1.099948436021804810e-01
