5.078485608100891113e-01
1.289011985063552856e-01
4.819944500923156738e-02
3.508771955966949463e-02
2.086795866489410400e-02
2.308402583003044128e-02
1.477377675473690033e-02
1.698984205722808838e-02
1.218836568295955658e-02
1.218836475163698196e-02
8.864264935255050659e-03
7.756232749670743942e-03
1.034164428710937500e-02
9.787626564502716064e-03
7.386888377368450165e-03
7.571560330688953400e-03
6.648199632763862610e-03
5.355494096875190735e-03
4.801477305591106415e-03
5.909510888159275055e-03
4.247460514307022095e-03
3.693444188684225082e-03
6.278854794800281525e-03
4.801477305591106415e-03
4.801477305591106415e-03
4.062788560986518860e-03
4.616805352270603180e-03
2.770083025097846985e-03
4.062788560986518860e-03
2.770083025097846985e-03
3.139427397400140762e-03
2.954755444079637527e-03
2.954755211248993874e-03
3.878115909174084663e-03
3.508771769702434540e-03
2.770083025097846985e-03
2.031394047662615776e-03
2.585410606116056442e-03
3.693444188684225082e-03
2.216066233813762665e-03
4.062788095325231552e-03
1.477377605624496937e-03
2.585410838946700096e-03
3.878116374835371971e-03
2.770083025097846985e-03
2.400738652795553207e-03
1.846722094342112541e-03
5.355494096875190735e-03
4.801477305591106415e-03
4.432132933288812637e-03
