5.509191751480102539e-01
1.623125374317169189e-01
6.071601063013076782e-02
3.193033486604690552e-02
2.346395887434482574e-02
1.723512262105941772e-02
1.457426324486732483e-02
1.276003755629062653e-02
8.647799491882324219e-03
8.284953422844409943e-03
6.470730528235435486e-03
6.047411821782588959e-03
6.289307959377765656e-03
5.140299908816814423e-03
4.475085064768791199e-03
5.563618615269660950e-03
4.414610564708709717e-03
3.749395254999399185e-03
3.688921220600605011e-03
4.837929271161556244e-03
3.567972918972373009e-03
4.051765426993370056e-03
2.781809307634830475e-03
3.628446953371167183e-03
2.479438669979572296e-03
2.902757376432418823e-03
3.144654212519526482e-03
2.539912704378366470e-03
3.688920987769961357e-03
2.902757842093706131e-03
3.084179945290088654e-03
2.660861238837242126e-03
1.995645929127931595e-03
2.177068265154957771e-03
2.600386971607804298e-03
1.753749325871467590e-03
2.177068265154957771e-03
1.814223476685583591e-03
1.390904653817415237e-03
7.256893441081047058e-04
8.466375875286757946e-04
9.071117383427917957e-04
9.071117383427917957e-04
1.088534132577478886e-03
1.149008283391594887e-03
3.628446720540523529e-04
3.023705794475972652e-04
3.023705794475972652e-04
3.023705794475972652e-04
2.418964577373117208e-04
