4.670270085334777832e-01
1.524324417114257812e-01
5.945946276187896729e-02
4.648648947477340698e-02
3.135135024785995483e-02
1.783783733844757080e-02
1.513513550162315369e-02
1.243243366479873657e-02
1.135135162621736526e-02
1.351351384073495865e-02
9.189189411699771881e-03
8.108108304440975189e-03
3.243243321776390076e-03
9.189189411699771881e-03
4.864864982664585114e-03
5.945946089923381805e-03
8.108108304440975189e-03
5.945946089923381805e-03
4.324324429035186768e-03
3.783783875405788422e-03
5.405405536293983459e-03
5.405405536293983459e-03
2.702702768146991730e-03
3.243243321776390076e-03
3.783783875405788422e-03
2.702702768146991730e-03
2.162162214517593384e-03
5.405405536293983459e-03
3.783783875405788422e-03
5.405405536293983459e-03
3.243243321776390076e-03
4.864864982664585114e-03
4.324324429035186768e-03
2.702702768146991730e-03
3.243243321776390076e-03
3.243243321776390076e-03
2.702702768146991730e-03
3.783783875405788422e-03
5.945946089923381805e-03
3.783783875405788422e-03
3.783783875405788422e-03
4.864864982664585114e-03
2.702702768146991730e-03
2.702702768146991730e-03
1.621621660888195038e-03
2.702702768146991730e-03
1.621621660888195038e-03
4.864864982664585114e-03
3.783783875405788422e-03
3.783783875405788422e-03
