4.887585528194904327e-04
6.109481910243630409e-04
7.331378292292356491e-04
6.109481910243630409e-04
1.099706743843853474e-03
6.109481910243630409e-04
8.553274674341082573e-04
9.775171056389808655e-04
7.331378292292356491e-04
4.887585528194904327e-04
3.665689146146178246e-04
4.887585528194904327e-04
7.331378292292356491e-04
8.553274674341082573e-04
3.665689146146178246e-04
4.887585528194904327e-04
7.331378292292356491e-04
9.775171056389808655e-04
1.221896382048726082e-04
3.665689146146178246e-04
4.887585528194904327e-04
3.665689146146178246e-04
4.887585528194904327e-04
7.331378292292356491e-04
3.665689146146178246e-04
3.665689146146178246e-04
8.553274674341082573e-04
4.887585528194904327e-04
2.443792764097452164e-04
4.887585528194904327e-04
0.000000000000000000e+00
2.443792764097452164e-04
7.331378292292356491e-04
2.443792764097452164e-04
6.109481910243630409e-04
1.221896382048726082e-04
3.665689146146178246e-04
8.553274674341082573e-04
8.553274674341082573e-04
4.887585528194904327e-04
8.553274674341082573e-04
4.887585528194904327e-04
1.344086020253598690e-03
6.109481910243630409e-04
1.099706743843853474e-03
4.887585528194904327e-04
7.331378292292356491e-04
9.775171056389808655e-04
1.221896382048726082e-03
8.553274674341082573e-04
6.109481910243630409e-04
9.775171056389808655e-04
8.553274674341082573e-04
9.775171056389808655e-04
1.099706743843853474e-03
8.553274674341082573e-04
1.099706743843853474e-03
1.099706743843853474e-03
7.331378292292356491e-04
1.466275658458471298e-03
6.109481910243630409e-04
8.553274674341082573e-04
4.887585528194904327e-04
1.955034211277961731e-03
1.832844573073089123e-03
1.832844573073089123e-03
2.565982518717646599e-03
1.221896382048726082e-03
1.588465296663343906e-03
2.443792764097452164e-03
1.710654934868216515e-03
2.443792764097452164e-03
2.321603242307901382e-03
1.221896382048726082e-03
2.810361795127391815e-03
2.077223965898156166e-03
2.810361795127391815e-03
2.443792764097452164e-03
3.665689146146178246e-03
4.154447931796312332e-03
2.810361795127391815e-03
4.398826975375413895e-03
3.543499624356627464e-03
4.643206484615802765e-03
6.353861186653375626e-03
6.109482143074274063e-03
5.131965037435293198e-03
4.521016497164964676e-03
5.987292155623435974e-03
8.553274907171726227e-03
7.331378292292356491e-03
8.553274907171726227e-03
1.173020526766777039e-02
1.429618801921606064e-02
1.344086043536663055e-02
1.820625551044940948e-02
2.480449713766574860e-02
2.688172087073326111e-02
5.877321586012840271e-02
6.823069453239440918e-01
