8.571165204048156738e-01
4.277286306023597717e-02
1.382743380963802338e-02
1.124631240963935852e-02
5.346607882529497147e-03
5.899704992771148682e-03
4.977876320481300354e-03
3.134218277409672737e-03
3.134218277409672737e-03
3.134218277409672737e-03
1.659292029216885567e-03
2.212389372289180756e-03
2.212389372289180756e-03
2.212389372289180756e-03
9.218289051204919815e-04
1.106194686144590378e-03
1.290560467168688774e-03
1.290560467168688774e-03
1.106194686144590378e-03
3.687315620481967926e-04
7.374631240963935852e-04
3.687315620481967926e-04
3.687315620481967926e-04
5.530973430722951889e-04
7.374631240963935852e-04
3.687315620481967926e-04
7.374631240963935852e-04
7.374631240963935852e-04
5.530973430722951889e-04
1.843657810240983963e-04
1.843657810240983963e-04
7.374631240963935852e-04
1.843657810240983963e-04
3.687315620481967926e-04
9.218289051204919815e-04
3.687315620481967926e-04
0.000000000000000000e+00
5.530973430722951889e-04
3.687315620481967926e-04
3.687315620481967926e-04
3.687315620481967926e-04
1.843657810240983963e-04
3.687315620481967926e-04
3.687315620481967926e-04
7.374631240963935852e-04
1.843657810240983963e-04
5.530973430722951889e-04
0.000000000000000000e+00
7.374631240963935852e-04
1.843657810240983963e-04
1.843657810240983963e-04
5.530973430722951889e-04
3.687315620481967926e-04
0.000000000000000000e+00
1.843657810240983963e-04
1.843657810240983963e-04
1.843657810240983963e-04
3.687315620481967926e-04
5.530973430722951889e-04
5.530973430722951889e-04
5.530973430722951889e-04
5.530973430722951889e-04
3.687315620481967926e-04
1.843657810240983963e-04
1.843657810240983963e-04
3.687315620481967926e-04
3.687315620481967926e-04
3.687315620481967926e-04
5.530973430722951889e-04
0.000000000000000000e+00
3.687315620481967926e-04
7.374631240963935852e-04
3.687315620481967926e-04
0.000000000000000000e+00
1.106194686144590378e-03
1.843657810240983963e-04
0.000000000000000000e+00
5.530973430722951889e-04
7.374631240963935852e-04
7.374631240963935852e-04
1.843657810240983963e-04
7.374631240963935852e-04
7.374631240963935852e-04
1.843657810240983963e-04
1.843657810240983963e-04
1.843657810240983963e-04
3.687315620481967926e-04
3.687315620481967926e-04
1.843657810240983963e-04
1.843657810240983963e-04
0.000000000000000000e+00
0.000000000000000000e+00
1.106194686144590378e-03
1.843657810240983963e-04
9.218289051204919815e-04
3.687315620481967926e-04
7.374631240963935852e-04
7.374631240963935852e-04
9.218289051204919815e-04
