4.074089527130126953e-01
1.207818314433097839e-01
6.369027495384216309e-02
4.568994045257568359e-02
3.357835114002227783e-02
2.910958975553512573e-02
2.342966943979263306e-02
1.871032454073429108e-02
1.850150339305400848e-02
1.536919549107551575e-02
1.553625054657459259e-02
1.390745118260383606e-02
1.186100859194993973e-02
1.257099863141775131e-02
1.014867983758449554e-02
1.165218837559223175e-02
1.019044406712055206e-02
9.898096323013305664e-03
8.478115312755107880e-03
7.809889968484640121e-03
7.475777063518762589e-03
6.765787489712238312e-03
6.097561214119195938e-03
6.389910355210304260e-03
6.765787489712238312e-03
6.055796518921852112e-03
5.930504761636257172e-03
4.969929810613393784e-03
4.635816905647516251e-03
4.677580669522285461e-03
4.635817371308803558e-03
4.218176007270812988e-03
3.758770413696765900e-03
3.925827331840991974e-03
3.382893512025475502e-03
2.923488151282072067e-03
2.923488151282072067e-03
2.923488151282072067e-03
2.380554564297199249e-03
2.839959925040602684e-03
2.505847020074725151e-03
2.714667702093720436e-03
2.213498111814260483e-03
1.795857097022235394e-03
1.754092867486178875e-03
2.004677662625908852e-03
1.419979962520301342e-03
1.419979962520301342e-03
1.252923626452684402e-03
9.188106050714850426e-04
