4.495887842494994402e-04
4.234195803292095661e-04
2.058096928521990776e-03
2.430198714137077332e-03
2.063739113509654999e-03
2.409671200439333916e-03
1.625434262678027153e-03
1.223562285304069519e-03
1.619792077690362930e-03
2.012421144172549248e-03
2.832070458680391312e-03
2.431218978017568588e-03
1.228183857165277004e-03
2.817185362800955772e-03
2.032948192209005356e-03
2.806921722367405891e-03
8.150279172696173191e-04
3.188266651704907417e-03
1.996515318751335144e-03
1.609528553672134876e-03
1.609528553672134876e-03
2.801279537379741669e-03
2.017042599618434906e-03
2.027306240051984787e-03
2.424556296318769455e-03
1.619792077690362930e-03
1.599265029653906822e-03
3.208793699741363525e-03
2.435840666294097900e-03
3.988409414887428284e-03
2.393765840679407120e-03
3.585516940802335739e-03
1.619792077690362930e-03
4.003294277936220169e-03
2.446104073897004128e-03
4.400544799864292145e-03
2.404029248282313347e-03
4.008936695754528046e-03
3.255489980801939964e-03
2.012421144172549248e-03
3.204172011464834213e-03
3.595780348405241966e-03
8.365755784325301647e-04
4.400544799864292145e-03
2.399407792836427689e-03
2.791016129776835442e-03
3.982767462730407715e-03
3.626571269705891609e-03
3.998672589659690857e-03
2.780752489343285561e-03
4.390280693769454956e-03
3.616307629272341728e-03
5.195045378059148788e-03
4.838849417865276337e-03
4.034085199236869812e-03
6.000830326229333878e-03
1.232805429026484489e-03
5.979282781481742859e-03
5.638991948217153549e-03
4.421071615070104599e-03
5.225836299359798431e-03
5.225836299359798431e-03
3.606043988838791847e-03
4.030484240502119064e-03
5.210950970649719238e-03
4.818321671336889267e-03
4.410807974636554718e-03
4.798815585672855377e-03
6.433492992073297501e-03
5.974660627543926239e-03
6.020336877554655075e-03
6.371911149471998215e-03
8.006588555872440338e-03
8.405880071222782135e-03
5.231478251516819000e-03
6.800972856581211090e-03
4.828585777431726456e-03
7.248520851135253906e-03
8.032757788896560669e-03
1.041163783520460129e-02
1.041061803698539734e-02
9.256320074200630188e-03
1.162853743880987167e-02
8.481326512992382050e-03
1.087149046361446381e-02
9.316880255937576294e-03
1.135547086596488953e-02
1.256876997649669647e-02
1.337251439690589905e-02
1.217151898890733719e-02
1.936512067914009094e-02
1.941439695656299591e-02
2.149302326142787933e-02
1.867889799177646637e-02
1.978898979723453522e-02
3.382563963532447815e-02
3.827288374304771423e-02
3.944908082485198975e-02
5.400158837437629700e-02
