1.389660901622846723e-04
4.632203126675449312e-05
9.264406253350898623e-05
1.389660901622846723e-04
4.632203126675449312e-05
1.389660901622846723e-04
9.264406253350898623e-05
9.264406253350898623e-05
0.000000000000000000e+00
0.000000000000000000e+00
0.000000000000000000e+00
0.000000000000000000e+00
0.000000000000000000e+00
0.000000000000000000e+00
1.389660901622846723e-04
0.000000000000000000e+00
0.000000000000000000e+00
9.264406253350898623e-05
4.632203126675449312e-05
9.264406253350898623e-05
4.632203126675449312e-05
9.264406253350898623e-05
4.632203126675449312e-05
0.000000000000000000e+00
4.632203126675449312e-05
0.000000000000000000e+00
0.000000000000000000e+00
9.264406253350898623e-05
0.000000000000000000e+00
4.632203126675449312e-05
0.000000000000000000e+00
1.389660901622846723e-04
4.632203126675449312e-05
9.264406253350898623e-05
9.264406253350898623e-05
4.632203126675449312e-05
1.852881250670179725e-04
1.852881250670179725e-04
4.632203126675449312e-05
1.389660901622846723e-04
1.389660901622846723e-04
9.264406253350898623e-05
2.316101599717512727e-04
3.705762501340359449e-04
3.705762501340359449e-04
6.485084304586052895e-04
6.948304944671690464e-04
1.806559157557785511e-03
3.149898024275898933e-03
9.899944663047790527e-01
