3.975325226783752441e-01
2.188713848590850830e-01
1.110349521040916443e-01
6.465616077184677124e-02
3.495544940233230591e-02
2.695910632610321045e-02
2.010509558022022247e-02
1.210875064134597778e-02
1.050948258489370346e-02
9.367146529257297516e-03
8.453278802335262299e-03
6.168608088046312332e-03
4.569339565932750702e-03
4.569339565932750702e-03
3.198537742719054222e-03
5.254741292446851730e-03
5.026273895055055618e-03
2.970071043819189072e-03
2.284669782966375351e-03
3.883938537910580635e-03
2.970071043819189072e-03
3.655471606180071831e-03
1.599268871359527111e-03
1.827735803090035915e-03
1.142334891483187675e-03
1.827735803090035915e-03
3.655471606180071831e-03
1.599268871359527111e-03
1.370801939629018307e-03
1.599268871359527111e-03
1.827735803090035915e-03
9.138679015450179577e-04
1.142334891483187675e-03
2.284669753862544894e-04
9.138679015450179577e-04
2.056202851235866547e-03
9.138679015450179577e-04
6.854009698145091534e-04
9.138679015450179577e-04
6.854009698145091534e-04
6.854009698145091534e-04
4.569339507725089788e-04
9.138679015450179577e-04
6.854009698145091534e-04
6.854009698145091534e-04
4.569339507725089788e-04
6.854009698145091534e-04
6.854009698145091534e-04
2.284669753862544894e-04
1.142334891483187675e-03
4.569339507725089788e-04
0.000000000000000000e+00
4.569339507725089788e-04
4.569339507725089788e-04
2.284669753862544894e-04
0.000000000000000000e+00
4.569339507725089788e-04
2.284669753862544894e-04
2.284669753862544894e-04
4.569339507725089788e-04
0.000000000000000000e+00
4.569339507725089788e-04
2.284669753862544894e-04
4.569339507725089788e-04
4.569339507725089788e-04
0.000000000000000000e+00
2.284669753862544894e-04
4.569339507725089788e-04
0.000000000000000000e+00
4.569339507725089788e-04
2.284669753862544894e-04
6.854009698145091534e-04
0.000000000000000000e+00
2.284669753862544894e-04
2.284669753862544894e-04
0.000000000000000000e+00
2.284669753862544894e-04
0.000000000000000000e+00
0.000000000000000000e+00
0.000000000000000000e+00
0.000000000000000000e+00
2.284669753862544894e-04
2.284669753862544894e-04
2.284669753862544894e-04
0.000000000000000000e+00
0.000000000000000000e+00
2.284669753862544894e-04
0.000000000000000000e+00
2.284669753862544894e-04
2.284669753862544894e-04
0.000000000000000000e+00
0.000000000000000000e+00
2.284669753862544894e-04
0.000000000000000000e+00
0.000000000000000000e+00
0.000000000000000000e+00
2.284669753862544894e-04
0.000000000000000000e+00
0.000000000000000000e+00
