4.480858147144317627e-01
1.524740606546401978e-01
3.930769488215446472e-02
3.836289048194885254e-02
8.418690413236618042e-03
1.180243305861949921e-02
5.425546690821647644e-02
1.840008981525897980e-02
1.362346764653921127e-02
4.776622168719768524e-03
6.597656290978193283e-03
0.000000000000000000e+00
4.776622168719768524e-03
1.821034005843102932e-03
8.418689481914043427e-03
6.597655825316905975e-03
0.000000000000000000e+00
3.176523372530937195e-02
0.000000000000000000e+00
9.981399402022361755e-03
2.473942190408706665e-02
0.000000000000000000e+00
1.996279880404472351e-02
1.475802250206470490e-02
0.000000000000000000e+00
0.000000000000000000e+00
0.000000000000000000e+00
3.642068011686205864e-03
1.996279880404472351e-02
1.180243305861949921e-02
0.000000000000000000e+00
1.821034005843102932e-03
0.000000000000000000e+00
0.000000000000000000e+00
0.000000000000000000e+00
9.553244337439537048e-03
4.776622168719768524e-03
9.981399402022361755e-03
0.000000000000000000e+00
0.000000000000000000e+00
0.000000000000000000e+00
0.000000000000000000e+00
0.000000000000000000e+00
0.000000000000000000e+00
0.000000000000000000e+00
0.000000000000000000e+00
0.000000000000000000e+00
0.000000000000000000e+00
1.475802250206470490e-02
4.776622168719768524e-03
