3.542958584148436785e-04
1.771479292074218392e-04
6.200177595019340515e-04
3.542958584148436785e-04
6.200177595019340515e-04
1.771479292074218392e-04
2.657219010870903730e-04
1.771479292074218392e-04
2.657219010870903730e-04
1.771479292074218392e-04
4.428697866387665272e-04
2.657219010870903730e-04
2.657219010870903730e-04
2.657219010870903730e-04
3.542958584148436785e-04
1.771479292074218392e-04
1.771479292074218392e-04
8.857396460371091962e-05
8.857396460371091962e-05
1.771479292074218392e-04
1.771479292074218392e-04
1.771479292074218392e-04
2.657219010870903730e-04
3.542958584148436785e-04
3.542958584148436785e-04
2.657219010870903730e-04
8.857396460371091962e-05
2.657219010870903730e-04
3.542958584148436785e-04
8.857396460371091962e-05
8.857396460371091962e-05
8.857396460371091962e-05
2.657219010870903730e-04
2.657219010870903730e-04
4.428697866387665272e-04
2.657219010870903730e-04
1.771479292074218392e-04
2.657219010870903730e-04
6.200177595019340515e-04
1.771479292074218392e-04
1.771479292074218392e-04
1.771479292074218392e-04
2.657219010870903730e-04
2.657219010870903730e-04
8.857396460371091962e-05
8.857396460371091962e-05
8.857396460371091962e-05
4.428697866387665272e-04
1.771479292074218392e-04
0.000000000000000000e+00
1.771479292074218392e-04
3.542958584148436785e-04
2.657219010870903730e-04
6.200177595019340515e-04
5.314438021741807461e-04
2.657219010870903730e-04
3.542958584148436785e-04
1.771479292074218392e-04
6.200177595019340515e-04
4.428697866387665272e-04
5.314438021741807461e-04
5.314438021741807461e-04
2.657219010870903730e-04
3.542958584148436785e-04
3.542958584148436785e-04
4.428697866387665272e-04
3.542958584148436785e-04
1.771479292074218392e-04
6.200177595019340515e-04
8.857396460371091962e-05
5.314438021741807461e-04
8.857396460371091962e-05
5.314438021741807461e-04
3.542958584148436785e-04
5.314438021741807461e-04
2.657219010870903730e-04
5.314438021741807461e-04
7.971656741574406624e-04
7.085917168296873569e-04
6.200177595019340515e-04
7.085917168296873569e-04
8.857395732775330544e-04
8.857395732775330544e-04
1.151461619883775711e-03
1.062887604348361492e-03
1.505757332779467106e-03
1.860053278505802155e-03
1.948627061210572720e-03
2.125775208696722984e-03
1.948627061210572720e-03
2.125775208696722984e-03
2.745792735368013382e-03
3.542958293110132217e-03
3.011514665558934212e-03
5.491585470736026764e-03
6.200177595019340515e-03
6.820195354521274567e-03
1.266607642173767090e-02
2.382639423012733459e-02
