7.984902858734130859e-01
5.251066386699676514e-02
2.034788392484188080e-02
9.189366362988948822e-03
8.861174806952476501e-03
4.594683647155761719e-03
7.220217026770114899e-03
3.938300069421529770e-03
3.938300069421529770e-03
3.610108280554413795e-03
3.938300069421529770e-03
1.969150034710764885e-03
3.938300069421529770e-03
2.297341823577880859e-03
1.969150034710764885e-03
1.312766689807176590e-03
6.563833449035882950e-04
1.640958362258970737e-03
1.969150034710764885e-03
2.625533379614353180e-03
2.297341823577880859e-03
1.312766689807176590e-03
1.312766689807176590e-03
1.969150034710764885e-03
6.563833449035882950e-04
2.297341590747237206e-03
1.312766689807176590e-03
2.297341823577880859e-03
1.969150034710764885e-03
2.297341823577880859e-03
1.640958362258970737e-03
3.281916724517941475e-04
1.640958362258970737e-03
1.969150034710764885e-03
1.640958362258970737e-03
1.312766689807176590e-03
9.845750173553824425e-04
6.563833449035882950e-04
1.312766689807176590e-03
1.312766689807176590e-03
1.969150034710764885e-03
2.953724935650825500e-03
9.845750173553824425e-04
1.312766689807176590e-03
2.625533379614353180e-03
1.969150034710764885e-03
1.312766689807176590e-03
4.266491625458002090e-03
3.938300069421529770e-03
1.312766596674919128e-02
