8.989675641059875488e-01
2.728613838553428650e-02
8.665192872285842896e-03
8.296459913253784180e-03
4.056047182530164719e-03
4.609144758433103561e-03
2.765486948192119598e-03
2.949852496385574341e-03
2.396755153313279152e-03
3.134218277409672737e-03
1.659292029216885567e-03
2.765486715361475945e-03
9.218289051204919815e-04
1.659292029216885567e-03
1.474926248192787170e-03
5.530973430722951889e-04
1.106194686144590378e-03
3.687315620481967926e-04
7.374631240963935852e-04
9.218289051204919815e-04
1.290560467168688774e-03
5.530973430722951889e-04
1.290560467168688774e-03
9.218289051204919815e-04
0.000000000000000000e+00
5.530973430722951889e-04
7.374631240963935852e-04
7.374631240963935852e-04
1.843657810240983963e-04
5.530973430722951889e-04
7.374631240963935852e-04
3.687315620481967926e-04
3.687315620481967926e-04
1.843657810240983963e-04
1.843657810240983963e-04
9.218289051204919815e-04
7.374631240963935852e-04
7.374631240963935852e-04
1.843657810240983963e-04
5.530973430722951889e-04
5.530973430722951889e-04
3.687315620481967926e-04
3.687315620481967926e-04
3.687315620481967926e-04
1.106194686144590378e-03
7.374631240963935852e-04
1.290560467168688774e-03
1.290560467168688774e-03
2.765486715361475945e-03
4.056047182530164719e-03
