0.000000000000000000e+00
6.689858855679631233e-05
6.689858855679631233e-05
1.337971771135926247e-04
1.337971771135926247e-04
0.000000000000000000e+00
6.689858855679631233e-05
0.000000000000000000e+00
6.689858855679631233e-05
0.000000000000000000e+00
0.000000000000000000e+00
6.689858855679631233e-05
6.689858855679631233e-05
6.689858855679631233e-05
6.689858855679631233e-05
0.000000000000000000e+00
0.000000000000000000e+00
0.000000000000000000e+00
6.689858855679631233e-05
0.000000000000000000e+00
6.689858855679631233e-05
0.000000000000000000e+00
0.000000000000000000e+00
6.689858855679631233e-05
0.000000000000000000e+00
0.000000000000000000e+00
6.689858855679631233e-05
6.689858855679631233e-05
0.000000000000000000e+00
0.000000000000000000e+00
0.000000000000000000e+00
1.337971771135926247e-04
0.000000000000000000e+00
0.000000000000000000e+00
0.000000000000000000e+00
0.000000000000000000e+00
6.689858855679631233e-05
0.000000000000000000e+00
6.689858855679631233e-05
0.000000000000000000e+00
1.337971771135926247e-04
0.000000000000000000e+00
0.000000000000000000e+00
0.000000000000000000e+00
0.000000000000000000e+00
2.006957656703889370e-04
2.006957656703889370e-04
2.675943542271852493e-04
4.013915313407778740e-04
9.973909258842468262e-01
