7.043383717536926270e-01
5.402841791510581970e-02
3.581441938877105713e-02
1.274194754660129547e-02
0.000000000000000000e+00
1.274194754660129547e-02
3.491549566388130188e-02
0.000000000000000000e+00
0.000000000000000000e+00
6.370973773300647736e-03
1.670149527490139008e-02
4.128646850585937500e-02
6.370973773300647736e-03
6.370973773300647736e-03
0.000000000000000000e+00
0.000000000000000000e+00
0.000000000000000000e+00
0.000000000000000000e+00
0.000000000000000000e+00
0.000000000000000000e+00
0.000000000000000000e+00
0.000000000000000000e+00
0.000000000000000000e+00
0.000000000000000000e+00
0.000000000000000000e+00
0.000000000000000000e+00
0.000000000000000000e+00
0.000000000000000000e+00
0.000000000000000000e+00
0.000000000000000000e+00
0.000000000000000000e+00
0.000000000000000000e+00
0.000000000000000000e+00
0.000000000000000000e+00
0.000000000000000000e+00
0.000000000000000000e+00
0.000000000000000000e+00
0.000000000000000000e+00
0.000000000000000000e+00
0.000000000000000000e+00
0.000000000000000000e+00
0.000000000000000000e+00
0.000000000000000000e+00
0.000000000000000000e+00
0.000000000000000000e+00
1.670149527490139008e-02
1.670149527490139008e-02
0.000000000000000000e+00
3.491549566388130188e-02
0.000000000000000000e+00
