6.202090382575988770e-01
3.135888278484344482e-02
1.393728237599134445e-02
0.000000000000000000e+00
1.045296154916286469e-02
1.393728237599134445e-02
1.393728237599134445e-02
3.484320593997836113e-03
3.484320593997836113e-03
1.393728237599134445e-02
1.045296154916286469e-02
6.968641187995672226e-03
3.484320593997836113e-03
3.484320593997836113e-03
3.484320593997836113e-03
0.000000000000000000e+00
1.393728237599134445e-02
3.484320593997836113e-03
0.000000000000000000e+00
0.000000000000000000e+00
6.968641187995672226e-03
3.484320593997836113e-03
3.484320593997836113e-03
6.968641187995672226e-03
1.742160320281982422e-02
0.000000000000000000e+00
0.000000000000000000e+00
0.000000000000000000e+00
0.000000000000000000e+00
3.484320593997836113e-03
6.968641187995672226e-03
3.484320593997836113e-03
6.968641187995672226e-03
0.000000000000000000e+00
0.000000000000000000e+00
3.484320593997836113e-03
6.968641187995672226e-03
3.484320593997836113e-03
6.968641187995672226e-03
1.045296154916286469e-02
3.484320593997836113e-03
1.045296154916286469e-02
6.968641187995672226e-03
6.968641187995672226e-03
6.968641187995672226e-03
1.742160320281982422e-02
1.045296154916286469e-02
1.393728237599134445e-02
1.742160320281982422e-02
4.529616609215736389e-02
