5.133667903773860616e-04
1.298956192091035226e-04
9.855887744230934594e-07
4.253238727274027628e-06
1.703578958829441461e-05
1.263076791164259520e-05
3.481712447711302012e-05
1.251917892037606665e-05
1.678933854635744979e-05
1.250177319342303361e-05
3.396076887178781138e-05
1.255616803116861284e-05
1.680404679121433954e-05
4.292955519851040604e-06
1.009519302551941451e-06
4.374250215583407623e-06
1.744867770131435745e-05
1.719626827178452678e-05
5.013798720683784055e-05
1.278114970352241085e-05
1.021593574398957043e-06
4.208904431683653138e-06
1.687193885189335187e-05
8.589036685332389532e-06
1.744203886726155160e-05
4.275519312004947246e-06
1.039825591704693463e-06
8.548012336819081714e-06
3.483111558193188934e-05
8.381225453780241234e-06
1.049244659126760125e-06
4.302137392796960566e-06
1.745518693780619550e-05
1.686977873249726612e-05
5.124091035547812521e-05
2.146008349647383532e-05
3.348284030014281136e-05
3.362170606354096942e-05
1.034702037165848579e-04
5.425074650444417456e-05
1.174360352319864145e-04
6.482283038426976533e-05
1.391153788521904897e-04
1.064176186450452880e-04
2.916591975745102400e-04
1.703798199347364970e-04
3.949363675630670339e-04
6.399211906088743407e-02
2.462161977347400443e-01
