2.034132664617821774e+03
2.815607213267421116e+02
1.379073002677395436e+02
1.379073002677395436e+02
1.120496778847042094e+02
8.331899510603737724e+01
5.171523043473397507e+01
6.033444028430187700e+01
6.033444028430187700e+01
8.906513022863707363e+01
6.033444028430187700e+01
5.746137272300202881e+01
6.033444028430187700e+01
4.596909531213427869e+01
3.734988904540055898e+01
3.734989262823473410e+01
1.723841253346744296e+01
3.160375750563504127e+01
3.734989262823473410e+01
2.298454944748423046e+01
3.734989262823473410e+01
1.149227472374211523e+01
2.298454944748423046e+01
2.873068636150101440e+01
2.298454944748423046e+01
1.723841253346744296e+01
3.160375392280086260e+01
1.723841253346744296e+01
2.585761880020116621e+01
2.585761880020116621e+01
2.298454944748423046e+01
2.011148009476729115e+01
2.873068680935528807e+00
1.149227472374211523e+01
1.149227472374211523e+01
1.436534318075050720e+01
8.619206266733721478e+00
1.149227472374211523e+01
8.619206266733721478e+00
8.619206266733721478e+00
2.873068680935528807e+00
5.746137361871057614e+00
5.746137361871057614e+00
5.746137361871057614e+00
0.000000000000000000e+00
0.000000000000000000e+00
0.000000000000000000e+00
5.746137361871057614e+00
2.873068680935528807e+00
