2.561852472008734549e+04
6.408057808680006929e+03
2.860109559394205903e+01
1.512843590682015282e+01
3.257887359847592279e+01
1.668426841768652480e+01
3.383490431697235579e+01
1.177941709730781028e+01
1.287141449152861661e+01
8.174376809180479597e+00
2.004287848296875651e+01
1.217283650709985032e+01
2.680436465026234671e+01
1.310852673052416506e+01
2.583355157274851521e+01
1.333870902372437861e+01
2.768729354034267587e+01
1.173300553225113241e+01
1.858289467668831563e+01
1.171042956262240509e+01
2.832315849663027763e+01
1.431316666388425141e+01
2.693071274772527701e+01
1.123993091656706333e+01
1.733983203022942732e+01
8.350857498954885827e+00
1.617797195009423561e+01
8.829478882535550355e+00
1.911579471677057285e+01
1.280590284011242197e+01
3.142578585287634141e+01
1.323018027634580740e+01
2.004135700789736774e+01
1.033375527830314233e+01
2.196941503640858784e+01
1.051580237008312402e+01
2.052904730729404292e+01
1.033079958562861655e+01
1.986650004247113799e+01
1.019938518054363819e+01
2.115682289130887739e+01
1.124797179263223335e+01
2.302120275998053955e+01
1.186360184183901367e+01
2.506047588811123816e+01
1.007604102687438186e+01
1.563763393223877252e+01
1.613065658991659035e+01
4.675456276777870102e+01
