3.495448231697082520e-01
1.254326254129409790e-01
7.548593729734420776e-02
4.889690876007080078e-02
3.429836779832839966e-02
2.750758640468120575e-02
1.942097954452037811e-02
1.674731448292732239e-02
1.422127429395914078e-02
1.203969493508338928e-02
1.085868943482637405e-02
8.988764137029647827e-03
8.135816082358360291e-03
8.152218535542488098e-03
6.757976021617650986e-03
7.184450048953294754e-03
6.643156055361032486e-03
6.380710285156965256e-03
5.757401697337627411e-03
6.101861596107482910e-03
5.987041629850864410e-03
5.724595859646797180e-03
5.527761764824390411e-03
5.248913541436195374e-03
5.199704784899950027e-03
5.576970521360635757e-03
5.347330588847398758e-03
4.937259014695882797e-03
4.674813244491815567e-03
4.888050723820924759e-03
5.002870690077543259e-03
4.822439048439264297e-03
4.559993278235197067e-03
4.871647804975509644e-03
4.674813244491815567e-03
4.248339217156171799e-03
4.215533379465341568e-03
4.084310494363307953e-03
3.674239385873079300e-03
4.297547973692417145e-03
4.035102203488349915e-03
3.100139321759343147e-03
3.280570730566978455e-03
3.247765125706791878e-03
3.132945159450173378e-03
3.050930798053741455e-03
3.116542240604758263e-03
2.624456770718097687e-03
2.919707912951707840e-03
2.788485260680317879e-03
3.100139321759343147e-03
2.804887946695089340e-03
2.804887946695089340e-03
2.329205395653843880e-03
2.411219524219632149e-03
2.197982510551810265e-03
2.427622443065047264e-03
1.935536740347743034e-03
1.919133937917649746e-03
2.230788115411996841e-03
1.951939659193158150e-03
1.804313971661031246e-03
1.607479644007980824e-03
1.755105331540107727e-03
1.558271120302379131e-03
1.394242630340158939e-03
1.705896807834506035e-03
1.591076841577887535e-03
1.869925414212048054e-03
1.541868317872285843e-03
1.443451154045760632e-03
1.755105331540107727e-03
1.263019745238125324e-03
1.410645432770252228e-03
1.295825466513633728e-03
1.049782615154981613e-03
1.263019745238125324e-03
1.345033990219235420e-03
1.328631187789142132e-03
1.213811221532523632e-03
1.016977010294795036e-03
9.513655095361173153e-04
1.148199778981506824e-03
1.295825466513633728e-03
9.677683701738715172e-04
1.230214023962616920e-03
8.201426826417446136e-04
1.263019745238125324e-03
9.349627071060240269e-04
1.000574091449379921e-03
7.709341589361429214e-04
8.365455432794988155e-04
6.397113320417702198e-04
6.725169951096177101e-04
9.021569858305156231e-04
9.349627071060240269e-04
8.529484039172530174e-04
7.217255770228803158e-04
8.037398220039904118e-04
