2.409812732366845012e-04
6.747475708834826946e-04
5.301588098518550396e-04
7.711400976404547691e-04
6.747475708834826946e-04
6.747475708834826946e-04
5.060606636106967926e-04
5.783550441265106201e-04
8.193363319151103497e-04
5.301588098518550396e-04
4.337662830948829651e-04
5.783550441265106201e-04
6.265513366088271141e-04
3.373737854417413473e-04
2.409812732366845012e-04
6.265513366088271141e-04
6.747475708834826946e-04
4.819625464733690023e-04
4.819625464733690023e-04
4.578644293360412121e-04
5.301588098518550396e-04
5.783550441265106201e-04
5.060606636106967926e-04
4.578644293360412121e-04
4.819625464733690023e-04
3.132756683044135571e-04
3.373737854417413473e-04
4.337662830948829651e-04
5.060606636106967926e-04
3.614719025790691376e-04
4.819625464733690023e-04
6.747475708834826946e-04
2.650794049259275198e-04
3.614719025790691376e-04
5.542569560930132866e-04
5.542569560930132866e-04
4.578644293360412121e-04
5.783550441265106201e-04
8.193363319151103497e-04
7.470419513992965221e-04
6.024531903676688671e-04
5.542569560930132866e-04
5.783550441265106201e-04
5.783550441265106201e-04
6.265513366088271141e-04
5.301588098518550396e-04
5.783550441265106201e-04
6.024531903676688671e-04
7.711400976404547691e-04
6.265513366088271141e-04
7.470419513992965221e-04
6.024531903676688671e-04
6.506494246423244476e-04
6.988457171246409416e-04
8.193363319151103497e-04
8.916307124309241772e-04
5.301588098518550396e-04
5.301588098518550396e-04
6.747475708834826946e-04
7.229438051581382751e-04
7.711400976404547691e-04
8.675325661897659302e-04
7.229438051581382751e-04
7.229438051581382751e-04
9.157288586720824242e-04
8.434344781562685966e-04
8.916307124309241772e-04
8.675325661897659302e-04
9.880232391878962517e-04
1.132612000219523907e-03
1.108513912186026573e-03
1.060317619703710079e-03
1.132612000219523907e-03
1.445887610316276550e-03
1.253102673217654228e-03
1.277200761251151562e-03
1.518181990832090378e-03
1.566378283314406872e-03
1.903752097859978676e-03
2.096537034958600998e-03
2.168831415474414825e-03
2.120635239407420158e-03
2.530303318053483963e-03
2.843579044565558434e-03
2.530303318053483963e-03
3.060462186112999916e-03
3.566522849723696709e-03
3.421934088692069054e-03
4.289466887712478638e-03
4.819625522941350937e-03
5.566667299717664719e-03
7.446321193128824234e-03
9.301877580583095551e-03
1.221775077283382416e-02
1.462756376713514328e-02
2.137503959238529205e-02
3.168903663754463196e-02
5.357013642787933350e-02
1.108272895216941833e-01
