3.245073556900024414e-01
2.618676722049713135e-01
1.136317476630210876e-01
5.884743109345436096e-02
3.636486828327178955e-02
2.241484448313713074e-02
1.699735969305038452e-02
1.523667667061090469e-02
1.029322110116481781e-02
8.261664770543575287e-03
8.735693991184234619e-03
6.230107508599758148e-03
6.704137660562992096e-03
6.094670388847589493e-03
3.724520793184638023e-03
4.333987832069396973e-03
4.537143744528293610e-03
3.589083673432469368e-03
3.453646553680300713e-03
2.979616634547710419e-03
3.724520793184638023e-03
3.182772314175963402e-03
2.166993916034698486e-03
2.370149595662951469e-03
2.573305275291204453e-03
2.166993916034698486e-03
2.776460954919457436e-03
2.911898074671626091e-03
2.573305275291204453e-03
2.099275356158614159e-03
1.286652637645602226e-03
2.099275356158614159e-03
1.354371197521686554e-03
2.573305275291204453e-03
1.422089757397770882e-03
1.557526877149939537e-03
1.625245437026023865e-03
1.286652637645602226e-03
1.083496958017349243e-03
1.015778398141264915e-03
1.015778398141264915e-03
1.015778398141264915e-03
1.557526877149939537e-03
1.151215517893433571e-03
1.218934077769517899e-03
1.422089757397770882e-03
8.126227185130119324e-04
1.151215517893433571e-03
8.126227185130119324e-04
8.803412783890962601e-04
1.083496958017349243e-03
8.126227185130119324e-04
8.126227185130119324e-04
9.480598382651805878e-04
1.354371197521686554e-03
1.015778398141264915e-03
6.094670388847589493e-04
6.094670388847589493e-04
9.480598382651805878e-04
8.803412783890962601e-04
6.771855987608432770e-04
1.286652637645602226e-03
5.417484790086746216e-04
1.015778398141264915e-03
6.771855987608432770e-04
5.417484790086746216e-04
8.126227185130119324e-04
6.094670388847589493e-04
4.740299191325902939e-04
5.417484790086746216e-04
5.417484790086746216e-04
5.417484790086746216e-04
4.740299191325902939e-04
3.385927993804216385e-04
8.126227185130119324e-04
9.480598382651805878e-04
2.031556796282529831e-04
6.771855987608432770e-04
6.771855987608432770e-04
7.449041586369276047e-04
4.063113592565059662e-04
4.063113592565059662e-04
6.094670388847589493e-04
3.385927993804216385e-04
3.385927993804216385e-04
4.063113592565059662e-04
4.063113592565059662e-04
2.708742395043373108e-04
3.385927993804216385e-04
6.771855987608432770e-05
1.354371197521686554e-04
2.708742395043373108e-04
4.740299191325902939e-04
3.385927993804216385e-04
1.354371197521686554e-04
2.031556796282529831e-04
4.063113592565059662e-04
2.031556796282529831e-04
2.708742395043373108e-04
