1.189909526146948338e-03
1.427891431376338005e-03
2.379819052293896675e-03
3.569728694856166840e-03
1.665873336605727673e-03
3.807710716500878334e-03
3.569728694856166840e-03
3.569728694856166840e-03
3.331746673211455345e-03
2.617801073938608170e-03
2.855782862752676010e-03
2.141837263479828835e-03
2.617801073938608170e-03
3.093764884397387505e-03
2.617801073938608170e-03
2.141837263479828835e-03
1.903855358250439167e-03
2.379819052293896675e-03
1.903855358250439167e-03
3.093764884397387505e-03
3.807710716500878334e-03
3.093764884397387505e-03
4.283674526959657669e-03
4.759638104587793350e-03
3.807710716500878334e-03
2.855782862752676010e-03
3.569728694856166840e-03
4.759638104587793350e-03
3.807710716500878334e-03
3.569728694856166840e-03
4.045692738145589828e-03
4.521656315773725510e-03
4.045692738145589828e-03
4.283674526959657669e-03
3.569728694856166840e-03
4.283674526959657669e-03
4.997620359063148499e-03
5.949547979980707169e-03
5.711565725505352020e-03
4.521656315773725510e-03
4.521656315773725510e-03
2.855782862752676010e-03
5.235602147877216339e-03
6.187529768794775009e-03
6.187529768794775009e-03
8.805330842733383179e-03
3.569728694856166840e-03
6.187529768794775009e-03
4.997620359063148499e-03
5.711565725505352020e-03
5.235602147877216339e-03
5.473583936691284180e-03
5.473583936691284180e-03
5.949547979980707169e-03
5.949547979980707169e-03
7.615421433001756668e-03
5.711565725505352020e-03
6.425511557608842850e-03
4.521656315773725510e-03
7.377439178526401520e-03
6.187529768794775009e-03
5.235602147877216339e-03
4.997620359063148499e-03
7.377439178526401520e-03
5.949547979980707169e-03
5.235602147877216339e-03
8.567349053919315338e-03
7.377439178526401520e-03
9.043312631547451019e-03
6.663493346422910690e-03
8.805330842733383179e-03
1.047120429575443268e-02
6.187529768794775009e-03
7.853402756154537201e-03
1.070918608456850052e-02
1.023322250694036484e-02
1.166111417114734650e-02
1.189909595996141434e-02
1.380295120179653168e-02
1.189909595996141434e-02
1.308900490403175354e-02
1.189909595996141434e-02
1.546882465481758118e-02
1.618277095258235931e-02
1.689671538770198822e-02
1.951451599597930908e-02
1.951451599597930908e-02
1.903855241835117340e-02
1.832460798323154449e-02
2.046644501388072968e-02
2.141837216913700104e-02
1.975249871611595154e-02
2.546406537294387817e-02
2.594002895057201385e-02
3.450737893581390381e-02
3.165159374475479126e-02
4.069490730762481689e-02
4.783436283469200134e-02
6.377915292978286743e-02
