3.675417602062225342e-01
1.515513062477111816e-01
6.563245505094528198e-02
4.295942559838294983e-02
3.818615898489952087e-02
2.983293496072292328e-02
1.789976097643375397e-02
2.147971279919147491e-02
8.353222161531448364e-03
7.159904576838016510e-03
7.159904576838016510e-03
1.193317398428916931e-02
1.312649156898260117e-02
4.773269873112440109e-03
5.966586992144584656e-03
7.159904576838016510e-03
3.579952288419008255e-03
4.773269873112440109e-03
7.159904576838016510e-03
3.579952288419008255e-03
1.193317468278110027e-03
1.073985639959573746e-02
2.386634936556220055e-03
5.966586992144584656e-03
7.159904576838016510e-03
3.579952288419008255e-03
5.966586992144584656e-03
2.386634936556220055e-03
2.386634936556220055e-03
0.000000000000000000e+00
4.773269873112440109e-03
4.773269873112440109e-03
5.966586992144584656e-03
1.193317468278110027e-03
0.000000000000000000e+00
3.579952288419008255e-03
3.579952288419008255e-03
1.193317468278110027e-03
0.000000000000000000e+00
4.773269873112440109e-03
1.193317468278110027e-03
1.193317468278110027e-03
4.773269873112440109e-03
0.000000000000000000e+00
4.773269873112440109e-03
1.193317468278110027e-03
3.579952288419008255e-03
4.773269873112440109e-03
1.193317468278110027e-03
0.000000000000000000e+00
1.193317468278110027e-03
1.193317468278110027e-03
2.386634936556220055e-03
1.193317468278110027e-03
1.193317468278110027e-03
2.386634936556220055e-03
0.000000000000000000e+00
2.386634936556220055e-03
1.193317468278110027e-03
3.579952288419008255e-03
0.000000000000000000e+00
2.386634936556220055e-03
0.000000000000000000e+00
1.193317468278110027e-03
1.193317468278110027e-03
0.000000000000000000e+00
0.000000000000000000e+00
0.000000000000000000e+00
1.193317468278110027e-03
2.386634936556220055e-03
0.000000000000000000e+00
2.386634936556220055e-03
3.579952288419008255e-03
2.386634936556220055e-03
3.579952288419008255e-03
2.386634936556220055e-03
1.193317468278110027e-03
1.193317468278110027e-03
2.386634936556220055e-03
2.386634936556220055e-03
1.193317468278110027e-03
2.386634936556220055e-03
0.000000000000000000e+00
0.000000000000000000e+00
2.386634936556220055e-03
0.000000000000000000e+00
0.000000000000000000e+00
3.579952288419008255e-03
2.386634936556220055e-03
2.386634936556220055e-03
0.000000000000000000e+00
4.773269873112440109e-03
3.579952288419008255e-03
0.000000000000000000e+00
1.193317468278110027e-03
2.386634936556220055e-03
2.386634936556220055e-03
2.386634936556220055e-03
4.773269873112440109e-03
