1.450413954444229603e-03
3.323865355923771858e-03
3.082129638642072678e-03
3.142563626170158386e-03
3.202997613698244095e-03
3.323865355923771858e-03
4.049072507768869400e-03
2.840393921360373497e-03
3.928204532712697983e-03
2.961261896416544914e-03
3.202997613698244095e-03
2.477790461853146553e-03
2.961261896416544914e-03
3.505167085677385330e-03
3.565601073205471039e-03
2.961261896416544914e-03
2.538224449381232262e-03
3.082129638642072678e-03
3.202997613698244095e-03
3.686468815430998802e-03
3.202997613698244095e-03
3.384299343451857567e-03
4.411675967276096344e-03
4.411675967276096344e-03
4.653411451727151871e-03
3.384299343451857567e-03
4.049072507768869400e-03
4.109506029635667801e-03
5.016014911234378815e-03
4.411675967276096344e-03
4.713845439255237579e-03
5.016014911234378815e-03
4.532543476670980453e-03
5.559920333325862885e-03
4.774279426783323288e-03
5.076448898762464523e-03
4.834713414311408997e-03
4.774279426783323288e-03
5.801655817776918411e-03
5.499486345797777176e-03
5.318184383213520050e-03
5.378618370741605759e-03
4.592977464199066162e-03
5.801655817776918411e-03
5.439052358269691467e-03
4.713845439255237579e-03
5.680787842720746994e-03
6.164259277284145355e-03
6.103825289756059647e-03
7.856409065425395966e-03
6.949900183826684952e-03
7.131202146410942078e-03
7.010334171354770660e-03
6.526862736791372299e-03
6.285127252340316772e-03
5.982957780361175537e-03
6.829032674431800842e-03
6.949900183826684952e-03
6.466428749263286591e-03
5.982957780361175537e-03
6.466428749263286591e-03
6.043391767889261246e-03
6.889466196298599243e-03
7.916842587292194366e-03
7.856409065425395966e-03
7.372937630861997604e-03
7.493805605918169022e-03
7.433371618390083313e-03
8.702483959496021271e-03
8.158578537404537201e-03
8.460748009383678436e-03
9.790293872356414795e-03
9.246389381587505341e-03
9.185954928398132324e-03
9.971596300601959229e-03
1.118027418851852417e-02
1.057593524456024170e-02
1.335589494556188583e-02
1.069680321961641312e-02
1.335589494556188583e-02
1.329546142369508743e-02
1.341632939875125885e-02
1.359763089567422867e-02
1.613585464656352997e-02
1.643802411854267120e-02
1.716323196887969971e-02
1.595455408096313477e-02
1.553151663392782211e-02
1.661932654678821564e-02
2.115187048912048340e-02
2.223968133330345154e-02
2.133317291736602783e-02
2.006405964493751526e-02
2.592615038156509399e-02
2.991478890180587769e-02
3.233214467763900757e-02
3.746902942657470703e-02
4.725932329893112183e-02
6.200519576668739319e-02
