9.804227352142333984e-01
6.780133116990327835e-03
2.978552132844924927e-03
1.761185354553163052e-03
1.191565068438649178e-03
8.725231746211647987e-04
6.727654254063963890e-04
5.376030458137392998e-04
4.416602314449846745e-04
3.706402785610407591e-04
3.163270594086498022e-04
2.735971647780388594e-04
2.393798495177179575e-04
2.115203096764162183e-04
1.885320234578102827e-04
1.691173092694953084e-04
1.526691630715504289e-04
1.387087977491319180e-04
1.265240134671330452e-04
1.159452949650585651e-04
1.066987024387344718e-04
9.854551899479702115e-05
9.126987424679100513e-05
8.481890836264938116e-05
7.905438542366027832e-05
7.379678572760894895e-05
6.911155651323497295e-05
6.484349432867020369e-05
6.097287769080139697e-05
5.740562846767716110e-05
5.417033753474242985e-05
5.120225250720977783e-05
4.844916111323982477e-05
4.591226752381771803e-05
4.357591024017892778e-05
4.142714169574901462e-05
3.939998714486137033e-05
3.751693657250143588e-05
3.579422627808526158e-05
3.415225364733487368e-05
3.262461541453376412e-05
3.120116525678895414e-05
2.986735853482969105e-05
2.860135100490879267e-05
2.742193100857548416e-05
2.631677125464193523e-05
2.525037962186615914e-05
2.426618084427900612e-05
2.332918302272446454e-05
2.244767347292508930e-05
2.159944415325298905e-05
2.080733429465908557e-05
2.005667738558258861e-05
1.933490057126618922e-05
1.865009653556626290e-05
1.800279642338864505e-05
1.739319486659951508e-05
1.679879642324522138e-05
1.623323259991593659e-05
1.570774838910438120e-05
1.519101169833447784e-05
1.470082952437223867e-05
1.423288267687894404e-05
1.379296372761018574e-05
1.335874458163743839e-05
1.295022411795798689e-05
1.256143332284409553e-05
1.217676162923453376e-05
1.181853986054193228e-05
1.147126386058516800e-05
1.114025144488550723e-05
1.081514892575796694e-05
1.050878290698165074e-05
1.021460866468260065e-05
9.926760867529083043e-06
9.650298125052358955e-06
9.386313649883959442e-06
9.135335858445614576e-06
8.886230716598220170e-06
8.646659807709511369e-06
8.423151484748814255e-06
8.199350304494146258e-06
7.985270713106729090e-06
7.778791768942028284e-06
7.583746537420665845e-06
7.387977802864043042e-06
7.202769666037056595e-06
7.025277682259911671e-06
6.846888936706818640e-06
6.680404112557880580e-06
6.517345354950521141e-06
6.361615760397398844e-06
6.204717919899849221e-06
6.058281087462091818e-06
5.916669124417239800e-06
5.774773853772785515e-06
5.639331902784761041e-06
5.509379207069287077e-06
5.383610186981968582e-06
5.258949386188760400e-06
