9.293456673622131348e-01
2.498096227645874023e-02
1.093735825270414352e-02
6.441669538617134094e-03
4.343573935329914093e-03
3.164850175380706787e-03
2.430678112432360649e-03
1.933717518113553524e-03
1.582048716954886913e-03
1.322613796219229698e-03
1.123455120250582695e-03
9.680880466476082802e-04
8.444224949926137924e-04
7.427403470501303673e-04
6.591620622202754021e-04
5.898639210499823093e-04
5.303578218445181847e-04
4.802338662557303905e-04
4.363933112472295761e-04
3.985672083217650652e-04
3.658921923488378525e-04
3.365619340911507607e-04
3.108575474470853806e-04
2.882073749788105488e-04
2.675496507436037064e-04
2.491665072739124298e-04
2.328677364857867360e-04
2.177359710913151503e-04
2.043308777501806617e-04
1.918172347359359264e-04
1.805088249966502190e-04
1.703558664303272963e-04
1.607374433660879731e-04
1.520163932582363486e-04
1.440889463992789388e-04
1.365055213682353497e-04
1.296463160542771220e-04
1.233574002981185913e-04
1.173094060504809022e-04
1.118698637583293021e-04
1.066104814526624978e-04
1.017682370729744434e-04
9.736014180816709995e-05
9.304538980359211564e-05
8.907839946914464235e-05
8.542613795725628734e-05
8.182676538126543164e-05
7.854194700485095382e-05
7.549634756287559867e-05
7.248853944474831223e-05
6.977540760999545455e-05
6.707127613481134176e-05
6.459930591518059373e-05
6.230099097592756152e-05
6.000767461955547333e-05
5.788678026874549687e-05
5.591282388195395470e-05
5.395449989009648561e-05
5.213118856772780418e-05
5.044048884883522987e-05
4.873873695032671094e-05
4.720597280538640916e-05
4.564393020700663328e-05
4.421511403052136302e-05
4.288250056561082602e-05
4.152517794864252210e-05
4.026759415864944458e-05
3.909460792783647776e-05
3.790974005823954940e-05
3.684135299408808351e-05
3.574356742319650948e-05
3.472656317171640694e-05
3.377772372914478183e-05
3.281190220150165260e-05
3.191085488651879132e-05
3.107657539658248425e-05
3.021059637831058353e-05
2.940281410701572895e-05
2.866698559955693781e-05
2.789295649563428015e-05
2.720528573263436556e-05
2.648553527251351625e-05
2.581969965831376612e-05
2.519912050047423691e-05
2.455700814607553184e-05
2.395852243353147060e-05
2.340573882975149900e-05
2.282151763211004436e-05
2.227725599368568510e-05
2.178381328121758997e-05
2.125486025761347264e-05
2.078942088701296598e-05
2.029354436672292650e-05
1.983203765121288598e-05
1.941466325661167502e-05
1.896347930596675724e-05
1.854759102570824325e-05
1.816487383621279150e-05
1.774966040102299303e-05
1.737423917802516371e-05
