6.725583125721007471e-02
1.742141313262890803e-02
1.560317213768680792e-03
8.636426995888533964e-04
1.892964501231834051e-03
8.495104981868730918e-04
1.597688593730619026e-03
6.920454370969773925e-04
1.275455250558121334e-03
1.232458216372128625e-03
3.811662174620717141e-03
1.278212994092488156e-03
1.234463688938406637e-03
7.815416057849132979e-04
1.899604786243097587e-03
1.384991618953823871e-03
3.699706102550507671e-03
1.822867459401081129e-03
3.513678997226867169e-03
1.505114963602468756e-03
2.501714567138762970e-03
1.271576100190077328e-03
2.474145761457290961e-03
1.194013690689372945e-03
2.174643003881871362e-03
1.771590654343046514e-03
4.811764441999550300e-03
2.073078249247602492e-03
3.815271306397533934e-03
2.695933630501305862e-03
7.033673584962266828e-03
2.732723850203427028e-03
3.723945035611998799e-03
3.170572827369470652e-03
8.741084718968311629e-03
4.358576870556194263e-03
8.340620162301717183e-03
4.857839412380620184e-03
1.109428495352968343e-02
5.556995272049016464e-03
1.132340032799790397e-02
7.897347126886772664e-03
2.080207465320135438e-02
1.281599796440434022e-02
3.105074504378358899e-02
2.544788887741723099e-02
6.758015209170994964e-02
1.030279882422988402e+00
4.033053232206044392e+00
