6.124210269823415587e+01
1.481514345390883136e+01
1.587687604244545844e-02
7.994354994069207548e-03
1.551573622288721262e-02
7.506012654872835053e-03
1.449199101919987180e-02
6.979593007279670004e-03
1.336839071422470278e-02
6.598671534682369957e-03
1.317178699740732296e-02
6.406567604352934181e-03
1.211389989057683886e-02
6.026085551515098816e-03
1.178849996526611967e-02
5.843575253829313629e-03
1.099968888847338393e-02
5.348250808058106244e-03
1.087328762251174759e-02
5.098919769346031694e-03
1.029468785124846610e-02
4.882945799720816993e-03
9.623321681732719540e-03
4.693588481719140545e-03
9.228852447215664737e-03
4.618477338825016827e-03
8.814005659343298466e-03
4.472894244990361159e-03
8.508172377330860611e-03
4.141226573702319613e-03
8.198208015989007225e-03
4.104499458161222671e-03
7.862635261449127735e-03
3.915473029667672009e-03
7.682303663795613663e-03
3.753499495548812473e-03
7.382112555301537093e-03
3.574681506502640303e-03
7.229954139588650776e-03
3.557431259377300242e-03
6.744547916090204605e-03
3.388837668660141592e-03
6.579277658276678521e-03
3.340258488634452374e-03
6.357951845577596364e-03
3.084165549578051294e-03
6.195507068413591036e-03
3.104411515676338499e-03
6.120631019707149616e-03
