2.283072045198253266e-03
9.784594479421086354e-04
6.523062986280724236e-04
6.523062986280724236e-04
0.000000000000000000e+00
1.304612597256144847e-03
0.000000000000000000e+00
6.523062986280724236e-04
6.523062986280724236e-04
1.304612597256144847e-03
9.784594479421086354e-04
3.261531493140362118e-04
9.784595092339298632e-04
6.523062986280724236e-04
0.000000000000000000e+00
9.784594479421086354e-04
6.523062986280724236e-04
3.261531493140362118e-04
0.000000000000000000e+00
1.304612597256144847e-03
1.630765746570180842e-03
3.261531493140362118e-04
9.784594479421086354e-04
0.000000000000000000e+00
3.261531493140362118e-04
6.523062986280724236e-04
0.000000000000000000e+00
1.304612597256144847e-03
6.523062986280724236e-04
9.784595092339298632e-04
6.523062986280724236e-04
1.304612597256144847e-03
9.784595092339298632e-04
1.304612597256144847e-03
6.523062986280724236e-04
9.784594479421086354e-04
2.283072045198253266e-03
9.784594479421086354e-04
1.956918895884217271e-03
1.956918895884217271e-03
2.935378343826325689e-03
4.239991186249755448e-03
2.609225194512289694e-03
4.239990695915185626e-03
5.544603293171329605e-03
8.153829468352760679e-03
1.859072926573277634e-02
5.479373104609636114e-02
8.288204103974978310e+00
