7.129511330276727676e-03
4.941488616168498993e-03
4.621889907866716385e-03
3.835185430943965912e-03
3.638509195297956467e-03
3.687678137794137001e-03
4.056446254253387451e-03
3.638509195297956467e-03
3.958107903599739075e-03
4.154784139245748520e-03
3.392664017155766487e-03
3.933523315936326981e-03
3.589340252801775932e-03
3.589340252801775932e-03
3.515586489811539650e-03
3.466417547315359116e-03
3.810600843280553818e-03
3.491002134978771210e-03
3.663093782961368561e-03
3.810600843280553818e-03
3.859769785776734352e-03
3.761431900784373283e-03
3.884354373440146446e-03
3.982692491263151169e-03
4.376044962555170059e-03
3.835185430943965912e-03
3.982692491263151169e-03
4.105614963918924332e-03
3.343494841828942299e-03
3.589340252801775932e-03
3.908938728272914886e-03
3.613924607634544373e-03
3.761431900784373283e-03
4.130199551582336426e-03
4.081030376255512238e-03
4.203953314572572708e-03
3.908938728272914886e-03
3.663093782961368561e-03
3.712262725457549095e-03
4.105614963918924332e-03
4.154784139245748520e-03
4.449798259884119034e-03
4.695643670856952667e-03
4.843150731176137924e-03
4.523552022874355316e-03
4.818566143512725830e-03
4.671059083193540573e-03
5.064411554485559464e-03
5.457763560116291046e-03
4.744812846183776855e-03
4.892319906502962112e-03
4.966073203831911087e-03
5.556101910769939423e-03
5.285671912133693695e-03
5.064411554485559464e-03
5.629855673760175705e-03
5.408594850450754166e-03
5.875700619071722031e-03
5.506932735443115234e-03
6.047792267054319382e-03
5.875700619071722031e-03
6.662405561655759811e-03
5.998623091727495193e-03
5.531517323106527328e-03
6.441144738346338272e-03
5.703608971089124680e-03
6.982004269957542419e-03
7.129511330276727676e-03
7.178680505603551865e-03
6.293637678027153015e-03
8.260399103164672852e-03
8.678335696458816528e-03
8.162060752511024475e-03
9.342118166387081146e-03
9.317534044384956360e-03
8.825843222439289093e-03
1.091552712023258209e-02
1.005506888031959534e-02
1.062051299959421158e-02
1.096469629555940628e-02
1.084177382290363312e-02
1.253810618072748184e-02
1.302979607135057449e-02
1.271019782871007919e-02
1.285770442336797714e-02
1.602910831570625305e-02
1.602910831570625305e-02
1.802045479416847229e-02
1.715999655425548553e-02
1.932343468070030212e-02
2.018389292061328888e-02
2.163437940180301666e-02
2.451076731085777283e-02
2.787884697318077087e-02
3.124692663550376892e-02
3.783557936549186707e-02
4.294915869832038879e-02
4.943947121500968933e-02
5.664273723959922791e-02
