4.941073656082153320e-01
1.331296414136886597e-01
5.063291266560554504e-02
2.924487181007862091e-02
2.793539874255657196e-02
1.658664271235466003e-02
1.702313311398029327e-02
1.484068110585212708e-02
9.166303090751171112e-03
9.602793492376804352e-03
1.134875603020191193e-02
8.293321356177330017e-03
6.547359284013509750e-03
6.983849685639142990e-03
4.364906344562768936e-03
6.983849685639142990e-03
3.928415477275848389e-03
2.618943806737661362e-03
4.801396746188402176e-03
4.364906344562768936e-03
4.364906344562768936e-03
4.364906344562768936e-03
3.055434208363294601e-03
4.364906344562768936e-03
2.618943806737661362e-03
1.745962421409785748e-03
5.237887613475322723e-03
2.618943806737661362e-03
2.618943806737661362e-03
1.745962421409785748e-03
1.745962421409785748e-03
2.618943806737661362e-03
8.729812107048928738e-04
8.729812107048928738e-04
1.745962421409785748e-03
4.364906053524464369e-04
2.182453172281384468e-03
1.309471903368830681e-03
2.618943806737661362e-03
2.182453172281384468e-03
3.928415477275848389e-03
2.182453172281384468e-03
1.309471903368830681e-03
1.745962421409785748e-03
4.364906344562768936e-03
3.055434208363294601e-03
3.491924842819571495e-03
2.182453172281384468e-03
1.309471903368830681e-03
8.729812107048928738e-04
1.309471903368830681e-03
1.309471903368830681e-03
1.309471903368830681e-03
0.000000000000000000e+00
1.309471903368830681e-03
1.309471903368830681e-03
1.309471903368830681e-03
1.745962421409785748e-03
2.182453172281384468e-03
1.745962421409785748e-03
2.182453172281384468e-03
4.364906053524464369e-04
1.309471903368830681e-03
4.364906053524464369e-04
4.364906053524464369e-04
2.182453172281384468e-03
4.364906053524464369e-04
2.618943806737661362e-03
8.729812107048928738e-04
8.729812107048928738e-04
4.364906053524464369e-04
1.309471903368830681e-03
0.000000000000000000e+00
3.491924842819571495e-03
1.745962421409785748e-03
1.745962421409785748e-03
2.182453172281384468e-03
4.364906053524464369e-04
2.182453172281384468e-03
1.745962421409785748e-03
1.745962421409785748e-03
1.309471903368830681e-03
1.745962421409785748e-03
8.729812107048928738e-04
2.618943806737661362e-03
8.729812107048928738e-04
2.182453172281384468e-03
1.309471903368830681e-03
1.309471903368830681e-03
1.745962421409785748e-03
8.729812107048928738e-04
8.729812107048928738e-04
1.309471903368830681e-03
8.729812107048928738e-04
4.364906053524464369e-04
1.745962421409785748e-03
0.000000000000000000e+00
1.309471903368830681e-03
0.000000000000000000e+00
