5.959663391113281250e-01
1.068984344601631165e-01
4.294107109308242798e-02
2.683059871196746826e-02
1.714008860290050507e-02
1.338501647114753723e-02
1.144691463559865952e-02
8.721458725631237030e-03
8.903155103325843811e-03
7.267882116138935089e-03
8.297498337924480438e-03
7.812973111867904663e-03
5.632608663290739059e-03
5.208648741245269775e-03
5.693174432963132858e-03
5.269214510917663574e-03
5.390346050262451172e-03
5.874871276319026947e-03
4.905820358544588089e-03
3.391678212210536003e-03
3.936769440770149231e-03
2.967718522995710373e-03
3.815638134256005287e-03
3.936769440770149231e-03
3.633941058069467545e-03
3.512809751555323601e-03
3.209981136023998260e-03
2.301495987921953201e-03
2.786021446809172630e-03
2.846587216481566429e-03
2.604324370622634888e-03
2.786021446809172630e-03
1.877536182291805744e-03
2.846587216481566429e-03
1.877536182291805744e-03
2.240930218249559402e-03
2.301495987921953201e-03
2.725455677136778831e-03
1.877536182291805744e-03
2.483193064108490944e-03
1.574707799591124058e-03
1.998667605221271515e-03
1.211313647218048573e-03
1.393010723404586315e-03
1.453576376661658287e-03
1.514142029918730259e-03
1.816970529034733772e-03
1.332445070147514343e-03
1.029616571031510830e-03
1.271879300475120544e-03
1.211313647218048573e-03
1.393010723404586315e-03
1.029616571031510830e-03
1.695839106105268002e-03
1.271879300475120544e-03
1.574707799591124058e-03
7.873538997955620289e-04
1.090182340703904629e-03
1.211313647218048573e-03
1.150747993960976601e-03
6.056568236090242863e-04
9.690509177744388580e-04
9.690509177744388580e-04
6.662225350737571716e-04
5.450911703519523144e-04
5.450911703519523144e-04
9.690509177744388580e-04
7.873538997955620289e-04
3.633940941654145718e-04
7.873538997955620289e-04
6.056568236090242863e-04
4.845254588872194290e-04
7.873538997955620289e-04
6.056568236090242863e-04
4.845254588872194290e-04
6.056568236090242863e-04
7.873538997955620289e-04
4.239597765263170004e-04
4.239597765263170004e-04
5.450911703519523144e-04
6.056568236090242863e-04
5.450911703519523144e-04
9.690509177744388580e-04
4.239597765263170004e-04
3.633940941654145718e-04
6.056568236090242863e-05
5.450911703519523144e-04
3.633940941654145718e-04
4.845254588872194290e-04
1.816970470827072859e-04
3.633940941654145718e-04
3.028284118045121431e-04
6.056568236090242863e-05
1.211313647218048573e-04
2.422627294436097145e-04
2.422627294436097145e-04
2.422627294436097145e-04
1.211313647218048573e-04
6.056568236090242863e-05
