0.000000000000000000e+00
1.892863947432488203e-04
3.785727894864976406e-04
1.892863947432488203e-04
0.000000000000000000e+00
0.000000000000000000e+00
0.000000000000000000e+00
0.000000000000000000e+00
0.000000000000000000e+00
0.000000000000000000e+00
0.000000000000000000e+00
0.000000000000000000e+00
0.000000000000000000e+00
0.000000000000000000e+00
0.000000000000000000e+00
0.000000000000000000e+00
0.000000000000000000e+00
1.892863947432488203e-04
0.000000000000000000e+00
0.000000000000000000e+00
0.000000000000000000e+00
0.000000000000000000e+00
1.892863947432488203e-04
0.000000000000000000e+00
1.892863947432488203e-04
1.892863947432488203e-04
1.892863947432488203e-04
0.000000000000000000e+00
0.000000000000000000e+00
0.000000000000000000e+00
0.000000000000000000e+00
3.785727894864976406e-04
0.000000000000000000e+00
5.678591551259160042e-04
0.000000000000000000e+00
0.000000000000000000e+00
0.000000000000000000e+00
1.892863947432488203e-04
0.000000000000000000e+00
0.000000000000000000e+00
0.000000000000000000e+00
0.000000000000000000e+00
0.000000000000000000e+00
0.000000000000000000e+00
0.000000000000000000e+00
1.892863947432488203e-04
0.000000000000000000e+00
0.000000000000000000e+00
0.000000000000000000e+00
0.000000000000000000e+00
0.000000000000000000e+00
0.000000000000000000e+00
0.000000000000000000e+00
1.892863947432488203e-04
0.000000000000000000e+00
0.000000000000000000e+00
0.000000000000000000e+00
1.892863947432488203e-04
0.000000000000000000e+00
0.000000000000000000e+00
1.892863947432488203e-04
0.000000000000000000e+00
1.892863947432488203e-04
0.000000000000000000e+00
0.000000000000000000e+00
1.892863947432488203e-04
1.892863947432488203e-04
0.000000000000000000e+00
1.892863947432488203e-04
1.892863947432488203e-04
1.892863947432488203e-04
0.000000000000000000e+00
1.892863947432488203e-04
0.000000000000000000e+00
0.000000000000000000e+00
3.785727894864976406e-04
3.785727894864976406e-04
0.000000000000000000e+00
0.000000000000000000e+00
5.678591551259160042e-04
5.678591551259160042e-04
5.678591551259160042e-04
1.892863947432488203e-04
5.678591551259160042e-04
1.325004734098911285e-03
5.678591551259160042e-04
5.678591551259160042e-04
1.703577465377748013e-03
9.464319446124136448e-04
2.082150196656584740e-03
2.082150196656584740e-03
2.271436620503664017e-03
2.271436620503664017e-03
2.839295892044901848e-03
2.650009468197822571e-03
6.246450822800397873e-03
6.057164631783962250e-03
1.211432926356792450e-02
3.198939934372901917e-02
