5.486611127853393555e-01
8.642659336328506470e-02
4.302862286567687988e-02
3.120960295200347900e-02
2.271468192338943481e-02
1.625115424394607544e-02
1.311172638088464737e-02
1.181902084499597549e-02
9.418282657861709595e-03
1.034164335578680038e-02
8.310249075293540955e-03
9.048937819898128510e-03
8.125577121973037720e-03
6.832871586084365845e-03
5.724838469177484512e-03
5.724838469177484512e-03
7.017544005066156387e-03
6.832871586084365845e-03
6.278855260461568832e-03
4.247460979968309402e-03
3.878116374835371971e-03
4.801477305591106415e-03
4.247460979968309402e-03
4.247460979968309402e-03
5.170821677893400192e-03
3.324099816381931305e-03
4.801477305591106415e-03
2.031394280493259430e-03
2.954755211248993874e-03
3.693444188684225082e-03
2.770083025097846985e-03
2.216066466644406319e-03
1.662049908190965652e-03
2.216066466644406319e-03
2.400738652795553207e-03
1.846722094342112541e-03
1.662049908190965652e-03
1.108033233322203159e-03
1.662049908190965652e-03
2.770083025097846985e-03
9.233610471710562706e-04
2.031394280493259430e-03
2.216066466644406319e-03
1.477377605624496937e-03
2.031394280493259430e-03
1.477377605624496937e-03
1.477377605624496937e-03
2.031394280493259430e-03
1.292705419473350048e-03
1.477377605624496937e-03
2.031394280493259430e-03
1.477377605624496937e-03
2.031394280493259430e-03
1.108033233322203159e-03
2.031394280493259430e-03
2.031394280493259430e-03
2.585410838946700096e-03
1.108033233322203159e-03
2.031394280493259430e-03
2.031394280493259430e-03
1.292705419473350048e-03
1.477377605624496937e-03
1.662049908190965652e-03
9.233610471710562706e-04
1.108033233322203159e-03
3.693444014061242342e-04
1.292705419473350048e-03
1.108033233322203159e-03
1.292705419473350048e-03
1.292705419473350048e-03
1.292705419473350048e-03
1.477377605624496937e-03
9.233610471710562706e-04
1.477377605624496937e-03
7.386888028122484684e-04
1.846722094342112541e-03
7.386888028122484684e-04
1.108033233322203159e-03
1.292705419473350048e-03
1.108033233322203159e-03
1.108033233322203159e-03
1.108033233322203159e-03
7.386888028122484684e-04
1.108033233322203159e-03
7.386888028122484684e-04
1.662049908190965652e-03
5.540166166611015797e-04
3.693444014061242342e-04
1.477377605624496937e-03
7.386888028122484684e-04
7.386888028122484684e-04
1.662049908190965652e-03
1.108033233322203159e-03
9.233610471710562706e-04
1.662049908190965652e-03
3.693444014061242342e-04
9.233610471710562706e-04
7.386888028122484684e-04
9.233610471710562706e-04
