5.530877709388732910e-01
8.450704067945480347e-02
3.737811371684074402e-02
2.600216679275035858e-02
2.383532002568244934e-02
1.950162462890148163e-02
1.570964232087135315e-02
1.191766001284122467e-02
1.191766001284122467e-02
1.137594785541296005e-02
8.125676773488521576e-03
1.625135354697704315e-02
7.042253389954566956e-03
5.417118314653635025e-03
8.667388930916786194e-03
4.875406157225370407e-03
6.500541698187589645e-03
2.166847232729196548e-03
3.791982773691415787e-03
4.333694465458393097e-03
4.875406157225370407e-03
5.417118314653635025e-03
5.958830006420612335e-03
4.875406157225370407e-03
4.333694465458393097e-03
1.083423616364598274e-03
4.333694465458393097e-03
3.250270849093794823e-03
4.333694465458393097e-03
3.250270849093794823e-03
1.625135424546897411e-03
2.708559157326817513e-03
3.250270849093794823e-03
3.250270849093794823e-03
3.791982773691415787e-03
1.083423616364598274e-03
2.708559157326817513e-03
3.250270849093794823e-03
2.166847232729196548e-03
1.625135424546897411e-03
2.708559157326817513e-03
2.708559157326817513e-03
1.083423616364598274e-03
5.417118081822991371e-04
5.417118081822991371e-04
2.708559157326817513e-03
1.625135424546897411e-03
5.417118081822991371e-04
1.083423616364598274e-03
3.250270849093794823e-03
2.708559157326817513e-03
1.625135424546897411e-03
1.625135424546897411e-03
1.083423616364598274e-03
2.166847232729196548e-03
1.625135424546897411e-03
1.625135424546897411e-03
5.417118081822991371e-04
2.166847232729196548e-03
1.083423616364598274e-03
5.417118081822991371e-04
5.417118081822991371e-04
1.083423616364598274e-03
5.417118081822991371e-04
0.000000000000000000e+00
1.083423616364598274e-03
3.250270849093794823e-03
2.166847232729196548e-03
5.417118081822991371e-04
1.083423616364598274e-03
5.417118081822991371e-04
0.000000000000000000e+00
5.417118081822991371e-04
1.083423616364598274e-03
5.417118081822991371e-04
1.625135424546897411e-03
1.625135424546897411e-03
1.083423616364598274e-03
5.417118081822991371e-04
1.083423616364598274e-03
1.083423616364598274e-03
5.417118081822991371e-04
5.417118081822991371e-04
2.166847232729196548e-03
2.166847232729196548e-03
1.083423616364598274e-03
1.083423616364598274e-03
5.417118081822991371e-04
5.417118081822991371e-04
1.083423616364598274e-03
1.083423616364598274e-03
5.417118081822991371e-04
1.083423616364598274e-03
1.083423616364598274e-03
5.417118081822991371e-04
5.417118081822991371e-04
5.417118081822991371e-04
5.417118081822991371e-04
5.417118081822991371e-04
