4.828981614237312897e+03
1.161893114656288162e+03
2.781769271584459080e+00
1.802574172526220986e+00
4.537767994838542762e+00
1.784162985838128046e+00
2.749338581405855741e+00
6.869231758913723063e-01
1.821483295506154051e-02
1.117353092897773292e+00
4.565674423515323710e+00
1.574582515377370928e+00
1.796514775853564228e+00
6.811423498038525759e-01
9.198869347320828282e-01
2.339979219955608536e-01
2.009495832792768458e-02
4.659563448249135487e-01
1.855931446048805000e+00
6.829819733951485450e-01
9.134349819439548934e-01
2.263538950666669769e-01
1.993577463390640639e-02
2.303716350544821878e-01
8.989812901787663790e-01
1.120344428412061166e+00
3.614857828027578712e+00
1.633232263389002847e+00
2.798149775410267992e+00
1.572701031150739892e+00
3.605170512704605201e+00
1.590697230772918580e+00
2.684519511995020036e+00
9.059145921067792706e-01
9.049665710424200649e-01
2.322611270547807472e-01
1.950596281346891545e-02
1.971912736494532692e-02
1.917751846991736300e-02
6.863440998689100958e-01
2.795343004548079602e+00
1.134031800638413356e+00
1.829948044893815462e+00
1.123766699573157002e+00
2.770831693504227200e+00
2.103355762638914328e+00
5.581113155334719522e+00
3.186651076840245178e+00
7.162136823169580779e+00
