5.493209101772074791e+04
1.412578511481332316e+04
2.011031043263851643e+02
8.636691109908940689e+01
1.518911297651197572e+02
7.894230737321383629e+01
1.735797328455813897e+02
7.042909332319169380e+01
1.124944603532133698e+02
6.199617314101914189e+01
1.308605237378454831e+02
6.233944130735280709e+01
1.195345145451971831e+02
7.664235825097917143e+01
1.832124679047543907e+02
8.493800053019890584e+01
1.586163360324237885e+02
8.613430691338398049e+01
1.751203886912180963e+02
7.736762618333693808e+01
1.339377712384419112e+02
6.710999306250062091e+01
1.392582166365783110e+02
6.971532398136001518e+01
1.342246944920747183e+02
7.848944276496632710e+01
1.735484609781886434e+02
7.339892648884161019e+01
1.214061964253221362e+02
7.248716408447539550e+01
1.708186812571062774e+02
8.327965181377537363e+01
1.673589049466720837e+02
8.926808021274314342e+01
1.918046209558193311e+02
9.410735486650328596e+01
1.823175204660128088e+02
8.366320749951549374e+01
1.641880794093512179e+02
9.529160915642145824e+01
2.260653913423467429e+02
1.124327201034242592e+02
2.257285064801849330e+02
1.242057119687267317e+02
2.601370799735068431e+02
1.478494230016964082e+02
3.405685648717520166e+02
2.471883632115613523e+02
6.763239087652847275e+02
