5.320405960083007812e-01
8.698061108589172363e-02
5.355493724346160889e-02
3.859648853540420532e-02
2.493074908852577209e-02
2.234533801674842834e-02
1.772853359580039978e-02
1.366574317216873169e-02
1.348107121884822845e-02
1.163434889167547226e-02
1.237303763628005981e-02
1.034164335578680038e-02
1.108033210039138794e-02
1.015697140246629715e-02
9.972299449145793915e-03
8.679593913257122040e-03
8.125577121973037720e-03
6.832871586084365845e-03
4.986149258911609650e-03
3.878116374835371971e-03
5.170822143554687500e-03
3.878116374835371971e-03
4.801477305591106415e-03
3.508771769702434540e-03
4.432132933288812637e-03
3.139427397400140762e-03
4.432132933288812637e-03
3.139427397400140762e-03
4.247460514307022095e-03
2.954755211248993874e-03
3.324099816381931305e-03
3.693444188684225082e-03
3.508771769702434540e-03
3.693444188684225082e-03
3.324099816381931305e-03
1.846722094342112541e-03
2.954755444079637527e-03
2.031394280493259430e-03
2.216066466644406319e-03
2.400738652795553207e-03
2.031394280493259430e-03
1.292705419473350048e-03
2.585410838946700096e-03
3.324099816381931305e-03
2.585410838946700096e-03
2.216066466644406319e-03
3.878116142004728317e-03
2.954755444079637527e-03
4.986149258911609650e-03
4.062788560986518860e-03
