1.922440143290984338e+01
5.130812689875392074e+00
1.085307619138507373e+00
5.844233305861115113e-01
1.256025637469432965e+00
6.881413563436180603e-01
1.493923165903667805e+00
6.842735344649990559e-01
1.273979454587310656e+00
6.794884393676733358e-01
1.479419661072811198e+00
7.920201886356615928e-01
1.690171534445186641e+00
8.664692905166774262e-01
1.860816353065114725e+00
9.127011140115152132e-01
1.813616032983285997e+00
9.315866468492843833e-01
1.764629138944795228e+00
9.798998649990591225e-01
2.192007696276493167e+00
1.192087548323024659e+00
2.557665809588867578e+00
1.320682587007113495e+00
2.861268752494744216e+00
1.409105274251805096e+00
2.709829669256206941e+00
1.451269890573491761e+00
2.992375385087764350e+00
1.497250455586955686e+00
3.140265736762098747e+00
1.614279017113207315e+00
3.419283868767756029e+00
1.732134593854360194e+00
3.655043967375570357e+00
1.959096886826380723e+00
4.066597155945749442e+00
2.204587204224995656e+00
4.686498915147174316e+00
2.521900612276096076e+00
5.186422159856755698e+00
3.110421572167036963e+00
7.087237428495899216e+00
4.186695556277286734e+00
9.803824349163424046e+00
6.216387176059603448e+00
1.529560639200019345e+01
1.039163391899738897e+01
2.677204453407258100e+01
