8.242164693022244319e+04
2.074535115485563438e+04
4.303522660020112198e+02
1.907794272857535987e+02
3.146114272148628288e+02
1.597396842979575524e+02
3.183218417291960236e+02
1.534223663902239991e+02
3.003450022134179562e+02
1.586815507287010973e+02
3.333137981612136400e+02
1.617777570715323634e+02
3.114269662630150037e+02
1.472101500118051263e+02
2.654417967608092113e+02
1.446035870287518037e+02
3.042603616816123804e+02
1.494712899101856181e+02
2.950072525534000647e+02
1.490206173739388760e+02
3.010551644806595277e+02
1.443025971797581235e+02
2.755123293144405352e+02
1.471793109729685511e+02
3.039546513869973410e+02
1.415576483478841112e+02
2.698253366446768382e+02
1.315754126195536742e+02
2.519223358448093677e+02
1.234713754987380980e+02
2.333447707531865660e+02
1.214226554033223380e+02
2.412045042567307576e+02
1.140537854551029397e+02
2.044176702107143626e+02
1.061487209079592162e+02
2.256113341861493780e+02
1.107273842185885258e+02
2.375849047824478930e+02
1.104533656921536675e+02
2.193329656603304727e+02
1.062761714928402625e+02
2.038649947440929111e+02
1.084590254131135225e+02
2.314276091107361424e+02
1.164897891580966132e+02
2.419353115384782598e+02
1.209988792065468459e+02
2.475154967425271195e+02
