1.763842562192474361e+04
4.414788287903294076e+03
7.307928223677643942e+00
3.495798026649633350e+00
6.814271026172558088e+00
3.275441070472214111e+00
6.565013793143505971e+00
3.161584182580253977e+00
6.191679926215993390e+00
2.995119065523042856e+00
5.974517412345226930e+00
2.842556561502504131e+00
5.681141503329324216e+00
2.699750711807664239e+00
5.287687799862505145e+00
2.608695219524052700e+00
4.930386417504898589e+00
2.430734055938228444e+00
4.906272918029313423e+00
2.380012875865572308e+00
4.535444150880640457e+00
2.284208836587428681e+00
4.438955294340740210e+00
2.191128696770323625e+00
4.183187694393610379e+00
2.063561695376785465e+00
4.039352428175523535e+00
1.930708466741560381e+00
3.845381160082950611e+00
1.910949834853874929e+00
3.652876597220193311e+00
1.785482904510868440e+00
3.560318139396641435e+00
1.741412456359928917e+00
3.435440201369681645e+00
1.718012452199859874e+00
3.243094569546907113e+00
1.643713231446042089e+00
3.255474159857323802e+00
1.603729501239411048e+00
3.005621625237907768e+00
1.542820226616245849e+00
2.962489319129837817e+00
1.431182699174754713e+00
2.815083018420657890e+00
1.388574917951869603e+00
2.779018628470028673e+00
1.384840193878629444e+00
2.630426594213463254e+00
