2.205304459394275085e+01
5.750085154534401610e+00
1.148657035843871688e+00
6.265601926478177042e-01
1.346888332661544618e+00
7.394432314709250553e-01
1.581673166953819321e+00
7.584941268724740837e-01
1.412218710114357512e+00
7.416516109631630105e-01
1.616795510639967626e+00
8.417496019327163070e-01
1.861075881512308960e+00
9.757183531029229862e-01
2.014997010481243578e+00
9.982074829744908007e-01
1.992453441320684027e+00
1.011393967526312165e+00
1.992592247924100946e+00
1.108034500192704774e+00
2.387745237619241845e+00
1.275081296544390508e+00
2.722105787206061223e+00
1.433732109191131032e+00
3.134345491878387513e+00
1.504833336272670463e+00
3.012863350065701606e+00
1.605960630529195354e+00
3.336019146255348566e+00
1.716672535769305119e+00
3.450627505569903164e+00
1.777153886806274619e+00
3.741478233074599480e+00
1.996866803990509753e+00
4.280718981732967165e+00
2.166348765300754486e+00
4.494953222618617517e+00
2.524241821758107296e+00
5.452041533250293170e+00
2.815631274563540121e+00
6.118101109457427356e+00
3.659729294744896055e+00
8.531466686119875575e+00
5.115706024563683840e+00
1.174186895996983893e+01
7.951294408759618904e+00
1.956317576457032104e+01
2.357261508027478669e+01
7.568402117803003648e+01
