2.016207518327061621e+01
2.894962200693746508e-04
2.791097028561850780e-04
2.690715483565498506e-04
2.595503801185790761e-04
2.504435529366572230e-04
2.417287622057040974e-04
2.333852624418828305e-04
2.254849199632066046e-04
2.177328040582579040e-04
2.103918192538572303e-04
2.033514146825555720e-04
1.965966961508289852e-04
1.901134481414594620e-04
1.839394747589454969e-04
1.779076565486117445e-04
1.721844342888276681e-04
1.666395388140676107e-04
1.613297588227921857e-04
1.562226279079357118e-04
1.513510068425254424e-04
1.465779405822925023e-04
1.420247471025659093e-04
1.376570065090751936e-04
1.334149769442989435e-04
1.293445699432006670e-04
1.254565617849617571e-04
1.216375493273881033e-04
1.179896641832151385e-04
1.144707091945589206e-04
1.110747413580921716e-04
1.078102074424328055e-04
1.046333053119464867e-04
1.016077204837699261e-04
