3.046560101211071014e-03
1.504980958998203278e-03
9.493320249021053314e-04
8.347756229341030121e-04
6.409460911527276039e-04
7.365542696788907051e-04
5.190330557525157928e-04
8.403254905715584755e-04
2.864834968931972980e-04
5.862058605998754501e-04
3.984265495091676712e-04
3.605128149501979351e-04
4.682125872932374477e-04
5.258982419036328793e-04
4.750865919049829245e-04
2.873072808142751455e-04
2.907355083152651787e-04
5.461617256514728069e-04
4.079050268046557903e-04
2.248692908324301243e-04
5.258983001112937927e-04
4.953413153998553753e-04
3.997331368736922741e-04
4.092116141691803932e-04
4.695191746577620506e-04
6.004191236570477486e-04
2.804333053063601255e-04
5.745970411226153374e-04
3.739110543392598629e-04
7.813419215381145477e-04
5.956842796877026558e-04
5.427334690466523170e-04
4.079050268046557903e-04
5.379898939281702042e-04
6.077847210690379143e-04
7.094255415722727776e-04
6.478113355115056038e-04
7.555111660622060299e-04
1.070762053132057190e-03
1.219812664203345776e-03
7.994751213118433952e-04
1.346469274722039700e-03
1.788377063348889351e-03
1.763878855854272842e-03
2.457310678437352180e-03
2.960823709145188332e-03
4.615696147084236145e-03
8.125091902911663055e-03
1.475500874221324921e-02
9.354516863822937012e-01
