6.442518234252929688e-01
8.619758486747741699e-02
2.802530117332935333e-02
2.288144081830978394e-02
9.396812878549098969e-03
1.111143361777067184e-02
0.000000000000000000e+00
1.714620855636894703e-03
9.396812878549098969e-03
1.714620855636894703e-03
1.111143361777067184e-02
1.714620855636894703e-03
1.879362575709819794e-02
0.000000000000000000e+00
0.000000000000000000e+00
2.393748611211776733e-02
0.000000000000000000e+00
0.000000000000000000e+00
9.396812878549098969e-03
1.714620855636894703e-03
0.000000000000000000e+00
1.111143361777067184e-02
0.000000000000000000e+00
9.396812878549098969e-03
0.000000000000000000e+00
0.000000000000000000e+00
0.000000000000000000e+00
0.000000000000000000e+00
9.396812878549098969e-03
0.000000000000000000e+00
0.000000000000000000e+00
1.560630928725004196e-02
0.000000000000000000e+00
1.714620855636894703e-03
1.714620855636894703e-03
0.000000000000000000e+00
0.000000000000000000e+00
0.000000000000000000e+00
0.000000000000000000e+00
4.494875669479370117e-03
4.494875669479370117e-03
3.429241711273789406e-03
8.989751338958740234e-03
0.000000000000000000e+00
0.000000000000000000e+00
1.714620855636894703e-03
0.000000000000000000e+00
9.396812878549098969e-03
9.396812878549098969e-03
2.778337895870208740e-02
