8.368200622498989105e-03
6.276150234043598175e-03
2.092050155624747276e-03
4.184100311249494553e-03
0.000000000000000000e+00
2.092050155624747276e-03
0.000000000000000000e+00
0.000000000000000000e+00
2.092050155624747276e-03
2.092050155624747276e-03
0.000000000000000000e+00
0.000000000000000000e+00
2.092050155624747276e-03
0.000000000000000000e+00
6.276150234043598175e-03
4.184100311249494553e-03
2.092050155624747276e-03
0.000000000000000000e+00
0.000000000000000000e+00
0.000000000000000000e+00
0.000000000000000000e+00
2.092050155624747276e-03
0.000000000000000000e+00
0.000000000000000000e+00
2.092050155624747276e-03
0.000000000000000000e+00
0.000000000000000000e+00
0.000000000000000000e+00
0.000000000000000000e+00
6.276150234043598175e-03
2.092050155624747276e-03
2.092050155624747276e-03
0.000000000000000000e+00
0.000000000000000000e+00
6.276150234043598175e-03
2.092050155624747276e-03
0.000000000000000000e+00
2.092050155624747276e-03
4.184100311249494553e-03
8.368200622498989105e-03
4.184100311249494553e-03
1.046025101095438004e-02
1.464435085654258728e-02
2.301255241036415100e-02
3.347280248999595642e-02
3.556485474109649658e-02
5.648535490036010742e-02
6.903766095638275146e-02
1.401673555374145508e-01
5.334727764129638672e-01
