5.626463890075683594e-01
5.913348495960235596e-02
2.927400544285774231e-02
2.400468289852142334e-02
1.814988255500793457e-02
1.814988255500793457e-02
1.639344170689582825e-02
6.440280936658382416e-03
1.053864136338233948e-02
5.854800809174776077e-03
9.367681108415126801e-03
7.611241191625595093e-03
7.025760598480701447e-03
9.953161701560020447e-03
7.611241191625595093e-03
3.512880299240350723e-03
1.756440149620175362e-03
5.269320681691169739e-03
4.098360426723957062e-03
4.683840554207563400e-03
8.196720853447914124e-03
7.025760598480701447e-03
2.341920277103781700e-03
2.341920277103781700e-03
4.683840554207563400e-03
2.927400404587388039e-03
6.440280936658382416e-03
5.854800809174776077e-03
2.341920277103781700e-03
4.683840554207563400e-03
2.927400404587388039e-03
2.927400404587388039e-03
3.512880532070994377e-03
6.440280936658382416e-03
5.854800809174776077e-03
5.269320681691169739e-03
5.269320681691169739e-03
3.512880299240350723e-03
2.341920277103781700e-03
2.341920277103781700e-03
2.341920277103781700e-03
3.512880299240350723e-03
5.269320681691169739e-03
5.269320681691169739e-03
5.854800809174776077e-03
5.854800809174776077e-03
6.440280936658382416e-03
9.367681108415126801e-03
1.170960161834955215e-02
4.566744714975357056e-02
