2.195814857259392738e-03
1.033324748277664185e-03
6.888831267133355141e-04
5.166623741388320923e-04
4.305519396439194679e-04
5.166623159311711788e-04
3.874967515002936125e-04
7.319382857531309128e-04
4.305519541958346963e-05
4.736071277875453234e-04
3.013863461092114449e-04
3.013863461092114449e-04
3.013863461092114449e-04
4.736071277875453234e-04
3.013863461092114449e-04
1.291655935347080231e-04
2.152759698219597340e-04
4.305519396439194679e-04
3.013863461092114449e-04
8.611039083916693926e-05
4.736071277875453234e-04
3.444415633566677570e-04
2.583311579655855894e-04
2.583311870694160461e-04
2.583311870694160461e-04
5.166623159311711788e-04
1.291655789827927947e-04
4.305519396439194679e-04
1.722207816783338785e-04
5.166623159311711788e-04
4.736071277875453234e-04
3.444415633566677570e-04
3.013863461092114449e-04
3.874967515002936125e-04
3.013863461092114449e-04
4.736071568913757801e-04
5.166623159311711788e-04
5.166623159311711788e-04
8.611038210801780224e-04
8.611038792878389359e-04
4.305519396439194679e-04
8.611038792878389359e-04
1.205545384436845779e-03
9.041590383276343346e-04
1.420821528881788254e-03
1.808318193070590496e-03
2.755532274022698402e-03
5.855506286025047302e-03
9.558252990245819092e-03
9.569448232650756836e-01
