8.312010765075683594e-01
6.186747550964355469e-02
2.501432038843631744e-02
1.661256328225135803e-02
9.929349645972251892e-03
5.346572026610374451e-03
2.864235080778598785e-03
3.246133215725421906e-03
2.673286013305187225e-03
1.909489976242184639e-03
2.864235080778598785e-03
1.527592074126005173e-03
1.336643006652593613e-03
2.482336945831775665e-03
1.145693939179182053e-03
5.728469695895910263e-04
1.145693939179182053e-03
7.637960370630025864e-04
9.547449881210923195e-04
1.336643006652593613e-03
1.718540908768773079e-03
1.527592074126005173e-03
1.336643006652593613e-03
9.547449881210923195e-04
1.145693939179182053e-03
3.818979894276708364e-04
7.637959788553416729e-04
7.637959788553416729e-04
5.728469695895910263e-04
3.818979894276708364e-04
5.728470277972519398e-04
3.818979894276708364e-04
9.547449881210923195e-04
5.728469695895910263e-04
5.728469695895910263e-04
9.547449881210923195e-04
7.637959788553416729e-04
1.909489947138354182e-04
9.547449881210923195e-04
3.818979894276708364e-04
1.145693939179182053e-03
5.728469695895910263e-04
5.728470277972519398e-04
7.637959788553416729e-04
3.818979894276708364e-04
1.145693939179182053e-03
9.547449881210923195e-04
9.547449881210923195e-04
1.909489947138354182e-04
2.673286013305187225e-03
