9.112459442517936736e+01
2.399225125487887311e+01
4.907286609090506957e+00
2.656534346009783221e+00
5.809574968761609171e+00
2.772601686705094437e+00
5.160439986940364321e+00
2.585405153951806589e+00
5.172304875764455190e+00
2.528590786885388741e+00
4.999713931459117688e+00
2.548855628149689689e+00
5.376363419263236132e+00
2.556691602264931973e+00
5.017913820028772953e+00
2.953311054313032091e+00
6.923435014142754085e+00
3.443859151730416901e+00
6.747469262987838334e+00
3.767898871405158889e+00
8.479558843984685623e+00
3.728977813859069013e+00
6.393965124368746977e+00
3.770157224766645943e+00
8.998462940610643557e+00
4.922620094495122167e+00
1.016552222722262400e+01
5.526105675929862571e+00
1.147929968483925123e+01
5.735613514415397240e+00
1.129244067835305820e+01
6.226069670264274158e+00
1.409962111519199368e+01
7.469184362549402323e+00
1.658467296660245793e+01
8.540883239306474195e+00
1.761535209961554571e+01
8.980227660200149842e+00
1.846396339122905772e+01
9.719593785757490778e+00
1.987501960298887838e+01
1.167310672979686004e+01
2.591613438033624917e+01
1.501281914276333218e+01
3.520363262989173592e+01
2.325261585225521443e+01
5.509888102328391568e+01
8.716454488745347362e+01
2.968352969294227250e+02
