2.062479840381842587e+04
5.221207724648643307e+03
9.937038204109161654e+01
6.112445322250318469e+01
1.380763813251585077e+02
5.477891018505710719e+01
7.745952896176729041e+01
4.364798973656738923e+01
9.560900973972898953e+01
4.822852963221873779e+01
9.973247481131689085e+01
5.043417376416586251e+01
9.995229553404172407e+01
4.750585717770890426e+01
8.908830192855023711e+01
4.152204585617045041e+01
7.525056152037396373e+01
3.722367073033516505e+01
7.390331815132324778e+01
3.123879170591515475e+01
5.387732604531549896e+01
2.542187454565532079e+01
4.667532412416816356e+01
3.223182886439366968e+01
8.036301562165536438e+01
3.924946723114538116e+01
7.673369023051175475e+01
3.443297069493034712e+01
5.708663218972480280e+01
3.296623053115287405e+01
7.772433977151270312e+01
3.741172849470140704e+01
7.452323620080555600e+01
3.109466981224603543e+01
5.312024714535534997e+01
2.761199938787743946e+01
5.796314026422607668e+01
2.957209389046670012e+01
5.853622048092370278e+01
2.507799096932304650e+01
3.978941930982066566e+01
2.261489418502589643e+01
5.028988841065500992e+01
2.715822766467926641e+01
5.847361766909310887e+01
2.930976712804332251e+01
6.169651267630690938e+01
2.882806580093145499e+01
5.477365703784317930e+01
