4.575426796503846708e+04
1.125740454303690603e+04
8.455034760202553912e+01
4.723965762690640702e+01
1.019311594708362918e+02
4.759970555327849695e+01
9.028147540844621233e+01
4.725428760958560304e+01
9.516417867547066578e+01
3.995084042270141111e+01
6.334991384289189398e+01
2.994979846133617940e+01
5.225176950223119832e+01
3.092476007981772312e+01
7.167142798611367027e+01
4.064154995286327932e+01
9.369555550194846205e+01
4.143495099377282997e+01
7.431544518397426202e+01
2.990475587398631063e+01
4.542482393846626820e+01
2.533021631676369267e+01
6.009443592977726922e+01
2.467533291313460708e+01
4.216951070870833718e+01
2.936681594164985043e+01
7.856573473129036245e+01
3.409382273988524759e+01
5.545242467455032909e+01
2.790228356903579510e+01
5.595481758333004052e+01
2.932103987644300958e+01
6.154244519007546899e+01
2.849932328670259807e+01
5.412228893822091891e+01
2.697500679912766230e+01
5.204362333134069019e+01
2.508482065214292689e+01
4.495178536126507396e+01
2.019394017518763107e+01
3.565597205136663916e+01
1.251465831523106331e+01
1.404258888185836618e+01
8.986183505480779488e+00
2.209326132592885372e+01
1.251410306128992644e+01
2.782196960036286626e+01
1.060157864952852513e+01
1.374183216741913860e+01
