7.958911643083305876e+01
2.089606567931804904e+01
4.589540388220402889e+00
2.401564411148745304e+00
5.231442825641607897e+00
2.521004173901087775e+00
4.853169641488541686e+00
2.423928126567164387e+00
4.765346798357044555e+00
2.283552063775725394e+00
4.487359083531530679e+00
2.351186325636770214e+00
4.790708198145131824e+00
2.334629269243126970e+00
4.461821907132914156e+00
2.610437984563596547e+00
6.326004135055779187e+00
3.056392409063404703e+00
6.087549480139387015e+00
3.401092642925129805e+00
7.507597666583234464e+00
3.345420968355184765e+00
5.622194921945801838e+00
3.433819224647406188e+00
8.180822009064213418e+00
4.397472447003186069e+00
9.299439702834233046e+00
4.768948916510518998e+00
1.003142004924375286e+01
4.932213571094634652e+00
9.771770870608429860e+00
5.510980163251755215e+00
1.246822683886185068e+01
6.699660353819059111e+00
1.405916112683012287e+01
7.369205230347989577e+00
1.528128243806766129e+01
7.794014830429903284e+00
1.528366402101264221e+01
7.692339521335450847e+00
1.621267748263250752e+01
8.961090621030733061e+00
2.018216650614277796e+01
1.164474720635732474e+01
2.633191515429851748e+01
1.527030327879332638e+01
3.537631124634503266e+01
2.520673162348607121e+01
6.330254503437836888e+01
