6.053214244161792834e+01
1.551930930477092119e+01
1.592426694615346749e-02
7.823176913180619058e-03
1.555201629650860250e-02
7.614933494313461636e-03
1.469678621246624933e-02
7.149610771143829167e-03
1.381225961829721585e-02
6.561907022918384708e-03
1.321046216858949747e-02
6.491570893547017086e-03
1.234438809093674552e-02
5.989576573583918137e-03
1.202745034741907124e-02
5.923067229655919891e-03
1.124447098384738324e-02
5.408252844131745951e-03
1.068369175350922240e-02
5.220779403272668776e-03
1.016916940659594489e-02
5.065865161826263452e-03
9.771724192529227665e-03
4.974563497964055829e-03
9.717386433362380435e-03
4.700652914814582202e-03
9.010047884572785007e-03
4.382459123044735866e-03
8.539413153501214382e-03
4.379149968490428195e-03
8.373040510094314007e-03
4.164515581895998977e-03
8.206343353652906930e-03
4.061724911713278721e-03
7.871293454593754693e-03
3.882924707921269619e-03
7.554893286335645324e-03
3.661659691147306755e-03
7.428596802402719773e-03
3.592394372971732114e-03
7.090624856744357114e-03
3.405160262151747316e-03
6.880837390563297740e-03
3.420703251452106731e-03
6.473868752762392161e-03
3.266242604814915095e-03
6.249355337754398942e-03
3.218677081557082351e-03
6.059198356282777601e-03
