4.781141481062683852e+03
1.219614818968725331e+03
9.344798066798547520e-01
9.448416557237191427e-01
2.722281073892300007e+00
7.103868736607719114e-01
1.967476798155719936e-02
6.860709713786857789e-01
2.838451896610278524e+00
6.854123724750259550e-01
1.911769030030361152e-02
4.703853069295161893e-01
1.842843743689369207e+00
1.418567313573300570e+00
3.663625299297217364e+00
1.381152861371947926e+00
1.884328193104305660e+00
7.054769685536480539e-01
9.227495602930415597e-01
6.965525780369266062e-01
1.856513038205842792e+00
9.439841118259413300e-01
1.852504800273950147e+00
1.174907997826819539e+00
2.747584838484944836e+00
1.659267969493918082e+00
3.750491940320094475e+00
9.465382513127699182e-01
2.004649646855689166e-02
4.655187888113314632e-01
1.838164822365425000e+00
4.554218175399319946e-01
1.866718239585197711e-02
2.375943151903365524e-01
9.254579563381455376e-01
1.591622597258264937e+00
5.647509372116775950e+00
1.400652804044883126e+00
2.007023214841030870e-02
9.442270928416762743e-01
3.702325179252512921e+00
1.399412538483135959e+00
1.826316906262713369e+00
1.173194609935814592e+00
2.767363484865975387e+00
9.081143955140099644e-01
9.401303198902296598e-01
1.416171258847493952e+00
4.600939780740194607e+00
