4.887800866641506953e-02
1.243724568259552826e-02
4.648826076273660680e-06
4.676270941061963331e-04
1.936610590113222894e-03
4.698997334609729144e-04
4.839226645616937468e-06
4.558015164056747582e-06
4.642879142501384198e-06
4.484382990423531004e-06
4.668401905906896666e-06
4.666537693847754154e-06
4.508003982907372311e-06
4.560374808795191655e-06
4.747773784584674945e-06
9.731204112141391901e-04
3.818976672371675665e-03
9.611047177276288000e-04
4.458221235718899726e-06
4.629397034833180706e-06
4.459534892603242652e-06
1.942232983494335133e-03
7.743287296381407003e-03
2.836420933353863902e-03
3.897378633410588256e-03
9.472728747678435361e-04
4.731680807825809999e-06
9.506268440422781154e-04
3.899607019130629185e-03
9.693342606776484934e-04
4.897707857105257974e-06
4.215285721751811134e-03
1.696420993499800356e-02
8.632971533532114022e-03
1.752223683559803874e-02
9.789462092186925271e-03
2.131284392964772137e-02
1.070589331437422562e-02
2.090611588959655209e-02
1.591787689287004967e-02
4.277005878091789948e-02
2.427849595652130724e-02
5.443058714789283936e-02
3.272783770495356348e-02
7.462133073263055305e-02
5.014460439440829309e-02
1.284965739787719274e-01
2.104399572626285686e-01
7.369567625194335392e-01
