6.073995744525732127e-02
1.544631777030499621e-02
2.329675152681003980e-04
6.033288180900394856e-04
2.250487944963334812e-03
5.910187868766502220e-04
1.565018088698524705e-04
9.962106902361512529e-05
2.384235984771198625e-04
1.508246658968418494e-04
3.671813534222364704e-04
1.383118248722472598e-04
1.993531359668696402e-04
1.772086708258924356e-04
5.161821294595330583e-04
1.181128750010460244e-03
4.317524461446277557e-03
1.141307619713166892e-03
3.217194481948071013e-04
1.922933616008095270e-04
4.314264819055755565e-04
2.111382921993313917e-03
8.173914268318852386e-03
3.144133159157882964e-03
4.436159625513086922e-03
1.181522987071241104e-03
3.944357116602908650e-04
1.221745562600067220e-03
4.387953745494085726e-03
1.260025331225987514e-03
6.570696295882052802e-04
4.851282139180527510e-03
1.818225643993377771e-02
9.461386175406373902e-03
1.862286657765573408e-02
1.012285472153934447e-02
2.215132321837317425e-02
1.132847324390205343e-02
2.303016653261962324e-02
1.716989899359180546e-02
4.590530607744074815e-02
2.587307661818516458e-02
5.917294394706962973e-02
3.456749346140810392e-02
8.200105530650343699e-02
5.562746165654511993e-02
1.389745135663316422e-01
5.783439983217050218e-01
2.229646395641939449e+00
