5.889692902565002441e-01
9.656928479671478271e-02
4.731415957212448120e-02
3.125708922743797302e-02
2.152705937623977661e-02
1.736785098910331726e-02
1.520001981407403946e-02
1.214993372559547424e-02
1.086435932666063309e-02
9.755237028002738953e-03
8.444455452263355255e-03
7.713443133980035782e-03
6.780771538615226746e-03
6.654734723269939423e-03
6.604320369660854340e-03
6.175796035677194595e-03
5.369161255657672882e-03
5.596027709543704987e-03
5.444783251732587814e-03
5.217917263507843018e-03
5.016258917748928070e-03
4.486904479563236237e-03
4.360868129879236221e-03
4.058380145579576492e-03
4.159209318459033966e-03
3.705477342009544373e-03
3.982758149504661560e-03
4.134002141654491425e-03
2.722391625866293907e-03
3.503818530589342117e-03
2.772806212306022644e-03
2.722391858696937561e-03
2.445111051201820374e-03
2.596355043351650238e-03
2.823221031576395035e-03
2.621562220156192780e-03
2.596355043351650238e-03
2.067001070827245712e-03
2.142623066902160645e-03
2.243452239781618118e-03
2.092208247631788254e-03
2.268659882247447968e-03
1.764513086527585983e-03
1.789720496162772179e-03
2.117415890097618103e-03
1.991379074752330780e-03
2.117415657266974449e-03
1.966171897947788239e-03
1.764513086527585983e-03
1.991379074752330780e-03
