1.543448161100968719e-04
1.543448161100968719e-04
1.543448161100968719e-04
0.000000000000000000e+00
4.630344337783753872e-04
1.543448161100968719e-04
3.086896322201937437e-04
1.543448161100968719e-04
3.086896322201937437e-04
3.086896322201937437e-04
0.000000000000000000e+00
1.543448161100968719e-04
0.000000000000000000e+00
0.000000000000000000e+00
3.086896322201937437e-04
1.543448161100968719e-04
0.000000000000000000e+00
0.000000000000000000e+00
3.086896322201937437e-04
1.543448161100968719e-04
3.086896322201937437e-04
4.630344337783753872e-04
1.543448161100968719e-04
0.000000000000000000e+00
3.086896322201937437e-04
3.086896322201937437e-04
1.543448161100968719e-04
0.000000000000000000e+00
0.000000000000000000e+00
0.000000000000000000e+00
3.086896322201937437e-04
6.173792062327265739e-04
7.717240368947386742e-04
4.630344337783753872e-04
4.630344337783753872e-04
1.080413698218762875e-03
4.630344337783753872e-04
9.260688675567507744e-04
7.717240368947386742e-04
4.630344337783753872e-04
1.543448073789477348e-03
2.006482565775513649e-03
2.778206951916217804e-03
2.006482565775513649e-03
4.012965131551027298e-03
4.630343988537788391e-03
5.093378946185112000e-03
6.791171617805957794e-03
2.083654887974262238e-02
9.390338063240051270e-01
