7.338426113128662109e-01
6.375066936016082764e-02
2.731205895543098450e-02
1.919956877827644348e-02
1.494050770998001099e-02
1.189832389354705811e-02
1.115467771887779236e-02
8.518118411302566528e-03
6.760410498827695847e-03
7.301243953406810760e-03
6.016765721142292023e-03
5.949161481112241745e-03
5.408328492194414139e-03
4.597079008817672729e-03
4.597079008817672729e-03
4.664683714509010315e-03
4.664683248847723007e-03
3.718225751072168350e-03
3.921038471162319183e-03
4.326662980020046234e-03
3.921038005501031876e-03
3.718225983902812004e-03
4.191454499959945679e-03
3.109788987785577774e-03
3.177393227815628052e-03
2.704164478927850723e-03
2.298539737239480019e-03
2.163331490010023117e-03
2.095727482810616493e-03
1.419686246663331985e-03
1.352082123048603535e-03
1.690102741122245789e-03
1.554894493892788887e-03
1.149269868619740009e-03
1.419686246663331985e-03
1.352082239463925362e-03
1.419686246663331985e-03
8.112493669614195824e-04
1.081665745005011559e-03
1.216873992234468460e-03
5.408328725025057793e-04
1.149269868619740009e-03
6.084369961172342300e-04
6.760411197319626808e-04
7.436452433466911316e-04
4.056246543768793344e-04
5.408328725025057793e-04
3.380205598659813404e-04
2.704164362512528896e-04
3.380205598659813404e-04
