5.436350107192993164e-01
9.680476784706115723e-02
4.919690638780593872e-02
3.141266480088233948e-02
2.375380322337150574e-02
1.814626902341842651e-02
1.514253113418817520e-02
1.299770921468734741e-02
1.082990877330303192e-02
1.023361459374427795e-02
8.577143773436546326e-03
9.413962252438068390e-03
7.794547360390424728e-03
6.685391068458557129e-03
6.535523571074008942e-03
6.624239496886730194e-03
6.396356038749217987e-03
6.249957252293825150e-03
6.290949881076812744e-03
5.765028297901153564e-03
5.216015502810478210e-03
5.035823211073875427e-03
5.810519680380821228e-03
5.388077348470687866e-03
5.021793302148580551e-03
4.664737265557050705e-03
4.705531522631645203e-03
4.830371588468551636e-03
4.236931446939706802e-03
4.261694848537445068e-03
4.314550198614597321e-03
3.914599306881427765e-03
3.975322004407644272e-03
4.256363958120346069e-03
3.619368653744459152e-03
3.776303725317120552e-03
3.897742368280887604e-03
3.558718832209706306e-03
3.289110260084271431e-03
2.971481066197156906e-03
3.342533949762582779e-03
3.059760667383670807e-03
2.833476522937417030e-03
3.006608225405216217e-03
3.109280485659837723e-03
2.791050355881452560e-03
2.820278983563184738e-03
3.496602643281221390e-03
2.981646917760372162e-03
3.327400889247655869e-03
