6.788128614425659180e-01
6.997025758028030396e-02
3.441049158573150635e-02
2.217414788901805878e-02
1.541373692452907562e-02
1.169551070779561996e-02
1.074905321002006531e-02
8.315305225551128387e-03
8.044889196753501892e-03
7.842076942324638367e-03
5.813953466713428497e-03
5.205516703426837921e-03
6.084369961172342300e-03
3.988642711192369461e-03
3.718225983902812004e-03
3.921038471162319183e-03
3.853434231132268906e-03
3.244997235015034676e-03
3.109788987785577774e-03
2.501351991668343544e-03
3.177393227815628052e-03
3.650621976703405380e-03
2.568956231698393822e-03
3.109788987785577774e-03
2.568956231698393822e-03
2.433747984468936920e-03
2.636560238897800446e-03
2.704164478927850723e-03
2.163331490010023117e-03
2.568956231698393822e-03
2.366143977269530296e-03
2.636560238897800446e-03
2.704164478927850723e-03
1.690102741122245789e-03
2.906976733356714249e-03
2.366143977269530296e-03
1.892915111966431141e-03
1.216873992234468460e-03
1.352082239463925362e-03
2.230935730040073395e-03
2.230935730040073395e-03
1.014061621390283108e-03
1.081665745005011559e-03
2.095727482810616493e-03
1.487290370278060436e-03
1.216873992234468460e-03
1.757706864736974239e-03
1.014061621390283108e-03
1.487290370278060436e-03
6.760411197319626808e-04
8.788534323684871197e-04
1.014061621390283108e-03
6.760411197319626808e-04
1.081665745005011559e-03
1.284478115849196911e-03
5.408328725025057793e-04
6.760411197319626808e-04
8.788534323684871197e-04
8.788534323684871197e-04
1.014061621390283108e-03
1.081665745005011559e-03
5.408328725025057793e-04
8.112493087537586689e-04
4.732287779916077852e-04
6.760411197319626808e-04
6.084369961172342300e-04
6.760411197319626808e-04
8.112493087537586689e-04
2.704164362512528896e-04
6.760411197319626808e-04
8.112493087537586689e-04
1.014061621390283108e-03
6.760411197319626808e-04
9.464575559832155704e-04
5.408328725025057793e-04
7.436451851390302181e-04
3.380205598659813404e-04
4.732287779916077852e-04
4.732287779916077852e-04
4.056246543768793344e-04
6.760411197319626808e-04
4.732287779916077852e-04
1.014061621390283108e-03
6.084369961172342300e-04
4.732287779916077852e-04
2.704164362512528896e-04
3.380205598659813404e-04
2.704164362512528896e-04
2.028123271884396672e-04
2.704164362512528896e-04
2.704164362512528896e-04
2.704164362512528896e-04
1.352082181256264448e-04
1.352082181256264448e-04
1.352082181256264448e-04
2.028123271884396672e-04
1.352082181256264448e-04
1.352082181256264448e-04
6.760410906281322241e-05
