4.734629988670349121e-01
9.287951141595840454e-02
5.051920190453529358e-02
3.873413428664207458e-02
3.049282915890216827e-02
2.299324236810207367e-02
1.887258887290954590e-02
1.590571925044059753e-02
1.211471855640411377e-02
1.335091516375541687e-02
1.063128374516963959e-02
8.406131528317928314e-03
1.030163187533617020e-02
9.477500803768634796e-03
6.428218446671962738e-03
7.911653257906436920e-03
6.593044381588697433e-03
6.263392046093940735e-03
5.521674640476703644e-03
5.439261440187692642e-03
4.203065764158964157e-03
5.768913775682449341e-03
4.697544034570455551e-03
4.532718099653720856e-03
4.038239829242229462e-03
3.955826628953218460e-03
3.461348358541727066e-03
3.049283055588603020e-03
3.873413661494851112e-03
3.955826628953218460e-03
2.637217752635478973e-03
3.296522190794348717e-03
2.802043920382857323e-03
3.296522190794348717e-03
2.225152449682354927e-03
2.307565417140722275e-03
2.884456887841224670e-03
3.131696023046970367e-03
1.977913314476609230e-03
2.307565417140722275e-03
2.307565417140722275e-03
1.730674179270863533e-03
3.296522190794348717e-03
2.719630720093846321e-03
2.060326281934976578e-03
2.307565417140722275e-03
2.060326281934976578e-03
1.730674179270863533e-03
1.813087146729230881e-03
1.648261095397174358e-03
1.813087146729230881e-03
1.648261095397174358e-03
1.565848011523485184e-03
1.730674179270863533e-03
1.895500230602920055e-03
2.060326281934976578e-03
1.895500230602920055e-03
9.065435733646154404e-04
1.401021960191428661e-03
1.483434927649796009e-03
1.648261095397174358e-03
1.071369741111993790e-03
9.065435733646154404e-04
1.648261095397174358e-03
1.895500230602920055e-03
8.241305476985871792e-04
1.565848011523485184e-03
1.401021960191428661e-03
1.483434927649796009e-03
9.065435733646154404e-04
1.401021960191428661e-03
1.153782708570361137e-03
9.889566572383046150e-04
1.236195792444050312e-03
1.483434927649796009e-03
1.318608876317739487e-03
9.065435733646154404e-04
9.889566572383046150e-04
9.889566572383046150e-04
1.071369741111993790e-03
1.401021960191428661e-03
1.318608876317739487e-03
1.236195792444050312e-03
1.236195792444050312e-03
9.889566572383046150e-04
1.071369741111993790e-03
9.065435733646154404e-04
1.483434927649796009e-03
9.065435733646154404e-04
8.241305476985871792e-04
1.071369741111993790e-03
8.241305476985871792e-04
6.593044381588697433e-04
1.401021960191428661e-03
8.241305476985871792e-04
1.401021960191428661e-03
8.241305476985871792e-04
1.236195792444050312e-03
1.071369741111993790e-03
1.648261095397174358e-03
