0.000000000000000000e+00
0.000000000000000000e+00
0.000000000000000000e+00
0.000000000000000000e+00
1.557389769004657865e-04
0.000000000000000000e+00
0.000000000000000000e+00
1.557389769004657865e-04
0.000000000000000000e+00
0.000000000000000000e+00
1.557389769004657865e-04
1.557389769004657865e-04
0.000000000000000000e+00
0.000000000000000000e+00
0.000000000000000000e+00
3.114779538009315729e-04
1.557389769004657865e-04
1.557389769004657865e-04
0.000000000000000000e+00
0.000000000000000000e+00
0.000000000000000000e+00
0.000000000000000000e+00
0.000000000000000000e+00
0.000000000000000000e+00
0.000000000000000000e+00
1.557389769004657865e-04
3.114779538009315729e-04
0.000000000000000000e+00
0.000000000000000000e+00
0.000000000000000000e+00
0.000000000000000000e+00
1.557389769004657865e-04
1.557389769004657865e-04
0.000000000000000000e+00
0.000000000000000000e+00
1.557389769004657865e-04
1.557389769004657865e-04
0.000000000000000000e+00
0.000000000000000000e+00
0.000000000000000000e+00
0.000000000000000000e+00
0.000000000000000000e+00
0.000000000000000000e+00
0.000000000000000000e+00
0.000000000000000000e+00
1.557389769004657865e-04
1.557389769004657865e-04
0.000000000000000000e+00
1.557389769004657865e-04
1.557389769004657865e-04
1.557389769004657865e-04
0.000000000000000000e+00
1.557389769004657865e-04
1.557389769004657865e-04
0.000000000000000000e+00
3.114779538009315729e-04
1.557389769004657865e-04
0.000000000000000000e+00
3.114779538009315729e-04
0.000000000000000000e+00
1.557389769004657865e-04
1.557389769004657865e-04
3.114779538009315729e-04
0.000000000000000000e+00
0.000000000000000000e+00
1.557389769004657865e-04
1.557389769004657865e-04
1.557389769004657865e-04
1.557389769004657865e-04
0.000000000000000000e+00
1.557389769004657865e-04
6.229559076018631458e-04
4.672169452533125877e-04
1.557389769004657865e-04
1.557389769004657865e-04
3.114779538009315729e-04
0.000000000000000000e+00
1.557389769004657865e-04
3.114779538009315729e-04
1.557389769004657865e-04
1.557389769004657865e-04
7.786949281580746174e-04
1.557389769004657865e-04
1.557389769004657865e-04
7.786949281580746174e-04
1.557389769004657865e-04
4.672169452533125877e-04
1.557389769004657865e-04
3.114779538009315729e-04
4.672169452533125877e-04
1.090172911062836647e-03
9.344338905066251755e-04
6.229559076018631458e-04
2.024606801569461823e-03
2.803301671519875526e-03
1.557389856316149235e-03
2.803301671519875526e-03
7.631210144609212875e-03
1.853293925523757935e-02
9.504749774932861328e-01
