4.434898495674133301e-03
3.082552691921591759e-03
2.525704447180032730e-03
2.684803912416100502e-03
2.605254296213388443e-03
3.142215078696608543e-03
2.963228151202201843e-03
2.724578836932778358e-03
3.022890537977218628e-03
2.525704447180032730e-03
2.824016148224473000e-03
2.764353761449456215e-03
2.545591909438371658e-03
2.664916682988405228e-03
2.903565764427185059e-03
2.724578836932778358e-03
3.201877465471625328e-03
3.201877465471625328e-03
2.565479371696710587e-03
3.380864392966032028e-03
3.122327616438269615e-03
3.440526546910405159e-03
3.341089468449354172e-03
3.181990003213286400e-03
3.380864392966032028e-03
3.082552691921591759e-03
3.122327616438269615e-03
2.963228151202201843e-03
3.022890537977218628e-03
3.539963858202099800e-03
3.718950785696506500e-03
3.798500401899218559e-03
3.758725710213184357e-03
3.838275326415896416e-03
4.236023873090744019e-03
3.878050250932574272e-03
4.236023873090744019e-03
3.878050250932574272e-03
4.693435039371252060e-03
4.415011033415794373e-03
4.474673420190811157e-03
4.236023873090744019e-03
4.693435039371252060e-03
4.633772652596235275e-03
4.613885190337896347e-03
4.474673420190811157e-03
4.574110731482505798e-03
4.951972048729658127e-03
5.111071281135082245e-03
4.733209963887929916e-03
4.753097426146268845e-03
5.091183818876743317e-03
4.593998193740844727e-03
5.130958743393421173e-03
4.315573722124099731e-03
5.349720362573862076e-03
5.190621130168437958e-03
5.270170979201793671e-03
4.932084586471319199e-03
5.389495287090539932e-03
5.369607824832201004e-03
5.827018991112709045e-03
5.449157673865556717e-03
6.304317619651556015e-03
5.687807220965623856e-03
6.383867468684911728e-03
6.562854163348674774e-03
6.244655232876539230e-03
6.423642393201589584e-03
7.179365027695894241e-03
7.219139486551284790e-03
7.358351722359657288e-03
7.616888266056776047e-03
8.253286592662334442e-03
8.452161215245723724e-03
8.770359680056571960e-03
8.153849281370639801e-03
8.849909529089927673e-03
9.744844399392604828e-03
1.073921564966440201e-02
1.036135479807853699e-02
1.201201230287551880e-02
1.274784747511148453e-02
1.266829762607812881e-02
1.356323249638080597e-02
1.519400160759687424e-02
1.728218235075473785e-02
1.600938662886619568e-02
1.773959398269653320e-02
2.048406004905700684e-02
2.042439766228199005e-02
2.342740073800086975e-02
2.668894082307815552e-02
2.875723317265510559e-02
3.193922340869903564e-02
3.800489380955696106e-02
4.100789502263069153e-02
5.150846391916275024e-02
7.626832276582717896e-02
