1.934379921294748783e-03
1.711182179860770702e-03
2.083178376778960228e-03
1.934379921294748783e-03
1.562383724376559258e-03
1.562383724376559258e-03
2.083178376778960228e-03
1.562383724376559258e-03
2.008779207244515419e-03
1.934379921294748783e-03
2.231976715847849846e-03
2.157577546313405037e-03
1.636783010326325893e-03
1.859980635344982147e-03
1.487984554842114449e-03
2.008779207244515419e-03
1.413585268892347813e-03
1.711182179860770702e-03
1.785581465810537338e-03
1.562383724376559258e-03
2.231976715847849846e-03
1.934379921294748783e-03
1.711182179860770702e-03
2.380775287747383118e-03
2.157577546313405037e-03
2.306376118212938309e-03
2.380775287747383118e-03
2.380775287747383118e-03
2.827170537784695625e-03
2.008779207244515419e-03
3.571162931621074677e-03
3.422364359721541405e-03
3.645562101155519485e-03
2.752771368250250816e-03
2.529573626816272736e-03
2.306376118212938309e-03
2.380775287747383118e-03
2.678372198715806007e-03
3.422364359721541405e-03
2.827170537784695625e-03
2.827170537784695625e-03
2.306376118212938309e-03
3.124767448753118515e-03
3.422364359721541405e-03
3.273566020652651787e-03
3.422364359721541405e-03
3.943158779293298721e-03
4.538352601230144501e-03
3.719961270689964294e-03
3.124767448753118515e-03
3.571162931621074677e-03
4.240755923092365265e-03
4.687151405960321426e-03
5.207946058362722397e-03
4.463953431695699692e-03
3.496763529255986214e-03
4.761550575494766235e-03
4.166356753557920456e-03
4.984748084098100662e-03
4.017558414489030838e-03
4.315155092626810074e-03
4.240755923092365265e-03
5.059147253632545471e-03
4.091957584023475647e-03
4.910348914563655853e-03
5.059147253632545471e-03
4.538352601230144501e-03
4.835949745029211044e-03
5.654341075569391251e-03
6.100736558437347412e-03
4.984748084098100662e-03
4.984748084098100662e-03
7.365523371845483780e-03
6.844728719443082809e-03
6.026337388902902603e-03
8.183915168046951294e-03
8.109515532851219177e-03
8.332713507115840912e-03
7.365523371845483780e-03
8.927906863391399384e-03
9.895097464323043823e-03
9.299903176724910736e-03
9.820697829127311707e-03
1.086228713393211365e-02
9.448701515793800354e-03
1.190387643873691559e-02
1.532624103128910065e-02
1.428465172648429871e-02
1.540063973516225815e-02
1.554943807423114777e-02
1.874860562384128571e-02
1.919499970972537994e-02
2.038538828492164612e-02
2.618852816522121429e-02
2.737891487777233124e-02
3.340525180101394653e-02
3.586042672395706177e-02
5.185626074671745300e-02
7.551521807909011841e-02
