0.000000000000000000e+00
0.000000000000000000e+00
0.000000000000000000e+00
0.000000000000000000e+00
1.644196017878130078e-04
0.000000000000000000e+00
3.288392035756260157e-04
0.000000000000000000e+00
0.000000000000000000e+00
0.000000000000000000e+00
0.000000000000000000e+00
0.000000000000000000e+00
0.000000000000000000e+00
0.000000000000000000e+00
0.000000000000000000e+00
1.644196017878130078e-04
1.644196017878130078e-04
0.000000000000000000e+00
0.000000000000000000e+00
0.000000000000000000e+00
0.000000000000000000e+00
0.000000000000000000e+00
1.644196017878130078e-04
0.000000000000000000e+00
0.000000000000000000e+00
0.000000000000000000e+00
0.000000000000000000e+00
1.644196017878130078e-04
0.000000000000000000e+00
0.000000000000000000e+00
0.000000000000000000e+00
0.000000000000000000e+00
0.000000000000000000e+00
0.000000000000000000e+00
0.000000000000000000e+00
1.644196017878130078e-04
0.000000000000000000e+00
0.000000000000000000e+00
0.000000000000000000e+00
0.000000000000000000e+00
0.000000000000000000e+00
0.000000000000000000e+00
0.000000000000000000e+00
0.000000000000000000e+00
0.000000000000000000e+00
1.644196017878130078e-04
0.000000000000000000e+00
1.644196017878130078e-04
0.000000000000000000e+00
1.644196017878130078e-04
0.000000000000000000e+00
3.288392035756260157e-04
0.000000000000000000e+00
3.288392035756260157e-04
0.000000000000000000e+00
1.644196017878130078e-04
0.000000000000000000e+00
0.000000000000000000e+00
3.288392035756260157e-04
0.000000000000000000e+00
1.644196017878130078e-04
0.000000000000000000e+00
1.644196017878130078e-04
1.644196017878130078e-04
0.000000000000000000e+00
1.644196017878130078e-04
0.000000000000000000e+00
0.000000000000000000e+00
1.644196017878130078e-04
3.288392035756260157e-04
0.000000000000000000e+00
0.000000000000000000e+00
1.644196017878130078e-04
4.932588199153542519e-04
1.644196017878130078e-04
1.644196017878130078e-04
4.932588199153542519e-04
4.932588199153542519e-04
0.000000000000000000e+00
1.644196017878130078e-04
1.644196017878130078e-04
3.288392035756260157e-04
1.150937168858945370e-03
4.932588199153542519e-04
4.932588199153542519e-04
1.150937168858945370e-03
9.865176398307085037e-04
6.576784071512520313e-04
1.315356814302504063e-03
9.865176398307085037e-04
1.150937168858945370e-03
1.150937168858945370e-03
1.644195988774299622e-03
1.315356814302504063e-03
2.795133274048566818e-03
2.795133274048566818e-03
4.110489971935749054e-03
7.892141118645668030e-03
2.088128961622714996e-02
