5.296229720115661621e-01
6.463195383548736572e-02
4.608019068837165833e-02
4.009575024247169495e-02
2.932375855743885040e-02
2.034709788858890533e-02
2.094554156064987183e-02
1.915020868182182312e-02
1.436265744268894196e-02
8.976660668849945068e-03
1.137043721973896027e-02
9.575104340910911560e-03
5.984440445899963379e-03
1.017354894429445267e-02
1.077199261635541916e-02
4.787552170455455780e-03
1.017354894429445267e-02
4.189108498394489288e-03
2.992220222949981689e-03
4.189108498394489288e-03
5.984440445899963379e-03
1.795332180336117744e-03
4.189108498394489288e-03
5.385996308177709579e-03
6.582884583622217178e-03
2.393776085227727890e-03
5.984440445899963379e-03
2.992220222949981689e-03
1.196888042613863945e-03
1.795332180336117744e-03
4.787552170455455780e-03
5.984440213069319725e-04
2.393776085227727890e-03
2.393776085227727890e-03
1.795332180336117744e-03
3.590664360672235489e-03
2.393776085227727890e-03
2.992220222949981689e-03
1.196888042613863945e-03
2.992220222949981689e-03
1.196888042613863945e-03
1.795332180336117744e-03
1.196888042613863945e-03
0.000000000000000000e+00
3.590664360672235489e-03
2.393776085227727890e-03
5.984440213069319725e-04
5.984440213069319725e-04
1.196888042613863945e-03
5.984440213069319725e-04
1.196888042613863945e-03
5.984440213069319725e-04
2.992220222949981689e-03
1.795332180336117744e-03
1.196888042613863945e-03
0.000000000000000000e+00
5.984440213069319725e-04
5.984440213069319725e-04
1.196888042613863945e-03
5.984440213069319725e-04
1.196888042613863945e-03
1.196888042613863945e-03
2.393776085227727890e-03
1.196888042613863945e-03
2.393776085227727890e-03
3.590664360672235489e-03
2.393776085227727890e-03
5.984440213069319725e-04
1.795332180336117744e-03
2.393776085227727890e-03
1.196888042613863945e-03
1.196888042613863945e-03
1.196888042613863945e-03
1.795332180336117744e-03
5.984440213069319725e-04
1.196888042613863945e-03
0.000000000000000000e+00
5.984440213069319725e-04
1.795332180336117744e-03
5.984440213069319725e-04
2.393776085227727890e-03
0.000000000000000000e+00
5.984440213069319725e-04
1.196888042613863945e-03
1.795332180336117744e-03
0.000000000000000000e+00
1.196888042613863945e-03
0.000000000000000000e+00
1.196888042613863945e-03
2.393776085227727890e-03
5.984440213069319725e-04
0.000000000000000000e+00
5.984440213069319725e-04
0.000000000000000000e+00
0.000000000000000000e+00
0.000000000000000000e+00
5.984440213069319725e-04
5.984440213069319725e-04
1.196888042613863945e-03
