1.157953403890132904e-03
8.577432599849998951e-04
5.146459443494677544e-04
3.430973156355321407e-04
6.433074595406651497e-04
5.146459443494677544e-04
2.573229721747338772e-04
4.717588017228990793e-04
3.430973156355321407e-04
3.430973156355321407e-04
2.573229721747338772e-04
4.288716299924999475e-04
2.573229721747338772e-04
2.573229721747338772e-04
2.573229721747338772e-04
4.288716299924999475e-04
3.002101439051330090e-04
2.573229721747338772e-04
3.859844873659312725e-04
2.573229721747338772e-04
3.859844873659312725e-04
5.146459443494677544e-04
2.144358149962499738e-04
3.859844873659312725e-04
3.430973156355321407e-04
3.859844873659312725e-04
3.859844873659312725e-04
3.002101439051330090e-04
2.573229721747338772e-04
3.002101439051330090e-04
3.002101439051330090e-04
4.288716299924999475e-04
4.288716299924999475e-04
3.430973156355321407e-04
3.430973156355321407e-04
4.288716299924999475e-04
1.715486578177660704e-04
5.146459443494677544e-04
4.288716299924999475e-04
2.144358149962499738e-04
5.146459443494677544e-04
3.859844873659312725e-04
3.002101439051330090e-04
3.430973156355321407e-04
3.430973156355321407e-04
5.146459443494677544e-04
3.430973156355321407e-04
5.146459443494677544e-04
5.146459443494677544e-04
3.859844873659312725e-04
4.288716299924999475e-04
3.002101439051330090e-04
1.286614860873669386e-04
2.144358149962499738e-04
2.573229721747338772e-04
4.288716299924999475e-04
6.861946312710642815e-04
5.575331160798668861e-04
2.573229721747338772e-04
3.430973156355321407e-04
2.144358149962499738e-04
5.575331160798668861e-04
5.146459443494677544e-04
7.290818030014634132e-04
6.433074595406651497e-04
4.717588017228990793e-04
4.288716299924999475e-04
4.288716299924999475e-04
4.717588017228990793e-04
3.430973156355321407e-04
6.433074595406651497e-04
6.004202878102660179e-04
1.115066232159733772e-03
9.006304317153990269e-04
6.433074595406651497e-04
1.286614919081330299e-03
1.157953403890132904e-03
8.148560882546007633e-04
9.864047169685363770e-04
1.329502090811729431e-03
1.286614919081330299e-03
1.157953403890132904e-03
1.286614919081330299e-03
1.329502090811729431e-03
1.715486519969999790e-03
1.758373691700398922e-03
1.887035206891596317e-03
2.315906807780265808e-03
2.530342666432261467e-03
2.616117009893059731e-03
3.173650242388248444e-03
3.559634555131196976e-03
4.031393211334943771e-03
5.661105737090110779e-03
6.690397392958402634e-03
8.148561231791973114e-03
1.359523087739944458e-02
2.002830617129802704e-02
5.000643432140350342e-02
