5.381513237953186035e-01
9.215799719095230103e-02
5.167502537369728088e-02
3.251745551824569702e-02
2.503087930381298065e-02
1.946005970239639282e-02
1.635955646634101868e-02
1.272970158606767654e-02
1.149454247206449509e-02
8.898187428712844849e-03
8.444455452263355255e-03
7.385747972875833511e-03
6.301832385361194611e-03
6.226210389286279678e-03
5.873308051377534866e-03
5.343954078853130341e-03
5.898515228182077408e-03
4.915429279208183289e-03
4.713770933449268341e-03
4.537319298833608627e-03
4.058380145579576492e-03
4.234831314533948898e-03
3.806306980550289154e-03
3.781099570915102959e-03
3.352575004100799561e-03
3.554233582690358162e-03
3.302160184830427170e-03
2.722391625866293907e-03
2.671977039426565170e-03
2.823221031576395035e-03
2.545940456911921501e-03
2.798013621941208839e-03
2.470318460837006569e-03
2.646769629791378975e-03
2.193037653341889381e-03
2.520733047276735306e-03
2.041793661192059517e-03
3.050087019801139832e-03
2.268659649416804314e-03
2.092208480462431908e-03
1.991379074752330780e-03
2.016586484387516975e-03
2.193037653341889381e-03
1.739305793307721615e-03
1.991379074752330780e-03
1.537647098302841187e-03
1.840135082602500916e-03
1.638476504012942314e-03
1.865342492237687111e-03
1.840135082602500916e-03
1.663683797232806683e-03
1.613269094377756119e-03
1.462025102227926254e-03
1.134329824708402157e-03
1.512439805082976818e-03
1.134329824708402157e-03
1.285573816858232021e-03
1.235159230418503284e-03
1.386403222568333149e-03
1.386403222568333149e-03
1.184744527563452721e-03
1.159537234343588352e-03
1.235159230418503284e-03
1.209951820783317089e-03
1.184744527563452721e-03
1.235159230418503284e-03
1.335988519713282585e-03
9.578785393387079239e-04
9.830858325585722923e-04
1.159537234343588352e-03
1.462025102227926254e-03
1.310781226493418217e-03
1.184744527563452721e-03
9.578785393387079239e-04
1.083915238268673420e-03
8.822565432637929916e-04
1.285573816858232021e-03
1.109122531488537788e-03
1.209951820783317089e-03
8.822565432637929916e-04
1.134329824708402157e-03
1.083915238268673420e-03
1.033500535413622856e-03
9.830858325585722923e-04
9.074638946913182735e-04
7.562199025414884090e-04
1.109122531488537788e-03
7.562199025414884090e-04
7.814272539690136909e-04
7.562199025414884090e-04
9.578785393387079239e-04
8.066345471888780594e-04
1.134329824708402157e-03
6.301832618191838264e-04
6.553906132467091084e-04
7.310125511139631271e-04
9.074638946913182735e-04
7.562199025414884090e-04
7.562199025414884090e-04
