5.587301850318908691e-01
1.034509986639022827e-01
4.758745804429054260e-02
2.983495220541954041e-02
2.231698669493198395e-02
1.653636433184146881e-02
1.457790285348892212e-02
1.411987654864788055e-02
1.298270560801029205e-02
1.189291570335626602e-02
1.154544763267040253e-02
1.164021156728267670e-02
9.997630491852760315e-03
1.017136499285697937e-02
8.497195318341255188e-03
8.734107017517089844e-03
8.070757612586021423e-03
6.649293005466461182e-03
6.001736968755722046e-03
5.543709732592105865e-03
5.133064463734626770e-03
5.164653062820434570e-03
4.817184060811996460e-03
3.948511090129613876e-03
3.806365188211202621e-03
3.980099689215421677e-03
3.569454420357942581e-03
3.221984952688217163e-03
3.427307587116956711e-03
3.174602985382080078e-03
2.953486517071723938e-03
3.064044751226902008e-03
2.921898383647203445e-03
2.795545849949121475e-03
2.700781915336847305e-03
2.353312913328409195e-03
2.416488947346806526e-03
1.800521160475909710e-03
2.021637745201587677e-03
2.005843911319971085e-03
1.990049611777067184e-03
1.800521044060587883e-03
1.800521160475909710e-03
1.705756876617670059e-03
1.705756876617670059e-03
1.721550943329930305e-03
1.832109293900430202e-03
1.468846225179731846e-03
1.184553373605012894e-03
6.317618535831570625e-04
