4.084967542439699173e-03
2.042483771219849586e-03
4.493464250117540359e-03
1.633987063542008400e-03
2.859477186575531960e-03
2.246732125058770180e-03
2.859477186575531960e-03
2.655228832736611366e-03
3.676470834761857986e-03
6.535947788506746292e-03
2.859477186575531960e-03
5.106209311634302139e-03
3.880719188600778580e-03
5.106209311634302139e-03
5.514706019312143326e-03
5.923202261328697205e-03
7.557189557701349258e-03
6.535947788506746292e-03
7.148693315684795380e-03
4.289215896278619766e-03
6.740196608006954193e-03
8.374183438718318939e-03
1.041666604578495026e-02
1.021241862326860428e-02
8.374183438718318939e-03
7.761438377201557159e-03
7.965685799717903137e-03
6.331699434667825699e-03
7.761437911540269852e-03
8.374183438718318939e-03
8.374183438718318939e-03
8.782680146396160126e-03
1.021241769194602966e-02
1.184640545397996902e-02
1.266339886933565140e-02
1.327614393085241318e-02
1.531862840056419373e-02
1.613562181591987610e-02
1.654411852359771729e-02
2.001634053885936737e-02
2.083333209156990051e-02
1.940359547734260559e-02
2.267156913876533508e-02
2.634803950786590576e-02
3.186274692416191101e-02
3.758170083165168762e-02
5.228758230805397034e-02
7.026143372058868408e-02
1.006944403052330017e-01
3.155637085437774658e-01
