4.179728217422962189e-03
6.530825630761682987e-04
7.183908019214868546e-04
4.571577883325517178e-04
4.571577883325517178e-04
5.224660271778702736e-04
3.265412815380841494e-04
1.959247601917013526e-04
1.959247747436165810e-04
2.612330135889351368e-04
3.918495494872331619e-04
3.265412815380841494e-04
1.959247747436165810e-04
2.612330135889351368e-04
1.306165067944675684e-04
6.530825339723378420e-05
6.530825339723378420e-05
2.612330135889351368e-04
0.000000000000000000e+00
3.918495203834027052e-04
2.612330135889351368e-04
6.530825339723378420e-05
2.612330135889351368e-04
2.612330135889351368e-04
1.306165067944675684e-04
6.530825339723378420e-05
3.265412815380841494e-04
2.612330135889351368e-04
3.265412815380841494e-04
1.306165067944675684e-04
1.959247601917013526e-04
3.918495203834027052e-04
1.959247601917013526e-04
3.265412815380841494e-04
1.306165067944675684e-04
5.224660271778702736e-04
2.612330135889351368e-04
1.959247601917013526e-04
5.877743242308497429e-04
7.183908019214868546e-04
7.183908019214868546e-04
9.143155766651034355e-04
7.183908019214868546e-04
9.796237573027610779e-04
1.175548648461699486e-03
1.632706495001912117e-03
2.873563207685947418e-03
3.526645712554454803e-03
7.836990989744663239e-03
9.639498591423034668e-01
