2.194246090948581696e-02
7.331649307161569595e-03
5.233209580183029175e-03
4.685286432504653931e-03
3.782794112339615822e-03
3.735240548849105835e-03
2.427656669169664383e-03
3.149867989122867584e-03
2.779502887278795242e-03
2.731516957283020020e-03
2.606922993436455727e-03
1.924151787534356117e-03
1.564322737976908684e-03
1.763534964993596077e-03
2.523477654904127121e-03
1.499396050348877907e-03
2.286534057930111885e-03
1.678099390119314194e-03
1.196530647575855255e-03
1.553505309857428074e-03
1.933974213898181915e-03
1.195817138068377972e-03
1.487714354880154133e-03
2.162090502679347992e-03
1.973564736545085907e-03
2.429214539006352425e-03
2.455414971336722374e-03
1.678099506534636021e-03
1.934124855324625969e-03
1.214185263961553574e-03
2.457274124026298523e-03
2.701899502426385880e-03
2.751312451437115669e-03
2.816671272739768028e-03
2.163085620850324631e-03
2.027392620220780373e-03
2.410152927041053772e-03
2.153695328161120415e-03
3.128232900053262711e-03
3.098615445196628571e-03
2.558675594627857208e-03
4.568393807858228683e-03
5.006821826100349426e-03
5.043426528573036194e-03
5.782447755336761475e-03
7.051174994558095932e-03
9.340021759271621704e-03
1.554408855736255646e-02
3.123226761817932129e-02
7.933045029640197754e-01
