3.531675371782724282e-01
1.548809327646030631e+01
4.841550268811288760e+01
1.057180043141545012e+00
1.842906704789058026e+01
4.806194121853137347e+01
1.228568356654998611e-02
4.452664303089245434e-01
3.304862936487162894e+00
1.076440557721671104e-01
9.792034185690664527e-01
3.233293052722139294e+00
1.228746567617989248e-02
4.573865986399225370e-01
3.583124272145513434e+00
8.363062599661208463e-02
1.140786444109348485e+00
3.484049467800053090e+00
2.400646313194230649e-02
5.419809235405308456e-01
3.431572359715136855e+00
9.567541044776954606e-02
1.244536090974031284e+00
3.597600304691538131e+00
4.263495700001270882e-04
4.936577540944947495e-01
3.799830859761779589e+00
1.911125641185368595e-01
2.095298462753681701e+00
4.988324139012452640e+00
2.433807010950922445e-02
8.433445292206966926e-01
4.028775374094688111e+00
2.032924295429537342e-01
2.085698528987371514e+00
5.214740072076167188e+00
3.640968781207278709e-02
1.191934335053360661e+00
4.990055820863370961e+00
2.632682871362947985e-01
2.339946686612113247e+00
6.393428647321607983e+00
3.678866765699788377e-02
1.540759077890583306e+00
6.284017913385427256e+00
3.353699368000869208e-01
2.803384383116949152e+00
7.849046969220797365e+00
6.077055097999090050e-02
1.940309677919739517e+00
8.292120560706004895e+00
4.076730065562740313e-01
3.604758191511129084e+00
1.024625009773810014e+01
7.552509327157801433e-01
2.873466460304076708e+00
1.384675185511788698e+01
6.014555843276284675e-01
5.890460829711877899e+00
1.479873536015392865e+01
5.328454726155371191e+00
2.475751458699469865e+01
3.614792170473815247e+01
5.112442264266797487e+00
2.253532603341984597e+01
6.155470243160050359e+01
