4.767905388749853722e-04
9.532786583205829457e-04
9.469750883879696516e-04
1.015856177865379854e-03
2.583958417437466452e-03
7.390210360723309651e-04
4.540862274999860559e-05
3.125482943933793607e-04
7.730408839554904954e-05
4.416765983398625647e-05
2.848458038528434350e-04
5.834376337856479505e-05
3.393840119021874894e-04
2.118397018490184467e-05
9.663012157942403363e-05
6.625149143467538350e-05
1.220767696835542112e-04
1.944792158518380914e-04
3.393840119021874894e-04
6.355191282879367497e-05
1.352821657771985516e-04
4.628108337180608114e-04
1.831151664121567302e-04
1.944792158518380914e-04
3.393840119021874894e-04
4.236794036980368934e-05
1.546081767910980991e-04
8.833531966797251295e-05
3.865764888408317122e-04
1.944792158518380914e-04
3.393840119021874894e-04
1.271038074648821951e-04
4.251725083454952294e-04
1.104191411664856202e-04
4.069225973100484188e-04
2.722709049465465926e-04
6.811293412499790838e-05
1.482877844720484762e-04
1.932602431588480673e-04
4.416765983398625647e-05
6.510761366771568954e-04
2.722709049465465926e-04
6.811293412499790838e-05
1.694717614792147573e-04
3.478684199499461663e-04
1.325029828693507670e-04
6.714222451463735478e-04
3.500626078111213632e-04
9.081724549999721117e-05
3.601275090619483190e-04
9.276490607465885403e-04
3.754250934356191368e-04
1.261460056415880269e-03
6.612293641899552599e-04
1.362258682499958168e-04
4.872312801414202315e-04
2.009906386964176953e-03
7.066825573437801036e-04
2.990881225738665529e-03
1.419698219261966276e-03
3.384985338614330264e-01
3.101757001752830645e-01
8.990466070123701026e-02
4.602270490228307920e-01
3.988858857484849918e-01
1.139259144205040514e-01
