5.749129056930541992e-01
3.832752630114555359e-02
1.393728237599134445e-02
4.529616981744766235e-02
2.090592309832572937e-02
1.393728237599134445e-02
1.045296154916286469e-02
1.393728237599134445e-02
0.000000000000000000e+00
1.045296154916286469e-02
6.968641187995672226e-03
6.968641187995672226e-03
1.045296154916286469e-02
3.484320593997836113e-03
3.484320593997836113e-03
6.968641187995672226e-03
0.000000000000000000e+00
6.968641187995672226e-03
0.000000000000000000e+00
1.045296154916286469e-02
0.000000000000000000e+00
1.742160320281982422e-02
6.968641187995672226e-03
3.484320593997836113e-03
6.968641187995672226e-03
0.000000000000000000e+00
0.000000000000000000e+00
3.484320593997836113e-03
3.484320593997836113e-03
3.484320593997836113e-03
0.000000000000000000e+00
3.484320593997836113e-03
0.000000000000000000e+00
0.000000000000000000e+00
6.968641187995672226e-03
3.484320593997836113e-03
3.484320593997836113e-03
3.484320593997836113e-03
6.968641187995672226e-03
0.000000000000000000e+00
1.045296154916286469e-02
6.968641187995672226e-03
6.968641187995672226e-03
3.484320593997836113e-03
0.000000000000000000e+00
6.968641187995672226e-03
6.968641187995672226e-03
1.742160320281982422e-02
2.439024299383163452e-02
4.529616981744766235e-02
