1.963621471077203751e-03
5.167424678802490234e-04
2.066969755105674267e-04
7.234393851831555367e-04
5.167424678802490234e-04
2.066969755105674267e-04
7.234393851831555367e-04
2.066969755105674267e-04
4.133939510211348534e-04
3.100454632658511400e-04
5.167424678802490234e-04
3.100454632658511400e-04
2.066969755105674267e-04
4.133939510211348534e-04
0.000000000000000000e+00
2.066969755105674267e-04
3.100454632658511400e-04
3.100454632658511400e-04
3.100454632658511400e-04
3.100454632658511400e-04
5.167424678802490234e-04
1.033484877552837133e-04
2.066969755105674267e-04
3.100454632658511400e-04
1.033484877552837133e-04
3.100454632658511400e-04
1.033484877552837133e-04
4.133939510211348534e-04
3.100454632658511400e-04
3.100454632658511400e-04
3.100454632658511400e-04
4.133939510211348534e-04
1.033484877552837133e-04
6.200909265317022800e-04
7.234393851831555367e-04
4.133939510211348534e-04
5.167424678802490234e-04
2.066969755105674267e-04
9.301364189013838768e-04
9.301364189013838768e-04
6.200909265317022800e-04
8.267879020422697067e-04
9.301364189013838768e-04
1.446878770366311073e-03
1.240181969478726387e-03
2.583712339401245117e-03
2.893757773563265800e-03
4.650682210922241211e-03
7.854484952986240387e-03
9.604175090789794922e-01
