8.005243143998086452e-04
3.825236577540636063e-03
3.373166546225547791e-03
4.299507010728120804e-03
3.722400637343525887e-03
3.250655019655823708e-03
4.698265343904495239e-03
4.644953645765781403e-03
4.613843280822038651e-03
4.606863949447870255e-03
6.555400323122739792e-03
3.621494630351662636e-03
5.116699263453483582e-03
5.608121398836374283e-03
4.599884152412414551e-03
4.097027704119682312e-03
2.672286238521337509e-03
7.584576494991779327e-03
6.681105121970176697e-03
4.702719859778881073e-03
8.573804982006549835e-03
7.591556757688522339e-03
6.716002710163593292e-03
1.158515363931655884e-02
6.164289079606533051e-03
8.062039501965045929e-03
9.526801295578479767e-03
7.582052145153284073e-03
7.599202916026115417e-03
7.172526791691780090e-03
9.126780554652214050e-03
1.113182120025157928e-02
1.173305884003639221e-02
9.816227480769157410e-03
5.820104852318763733e-03
1.322952657938003540e-02
1.343898475170135498e-02
1.495958305895328522e-02
1.696588657796382904e-02
1.767248474061489105e-02
1.471823453903198242e-02
2.515603974461555481e-02
2.872155793011188507e-02
3.280577808618545532e-02
4.208684712648391724e-02
3.757034987211227417e-02
5.793286114931106567e-02
5.773395299911499023e-02
9.773537516593933105e-02
3.119963705539703369e-01
