1.559019926935434341e-02
2.227171324193477631e-03
0.000000000000000000e+00
4.454342648386955261e-03
0.000000000000000000e+00
2.227171324193477631e-03
2.227171324193477631e-03
2.227171324193477631e-03
0.000000000000000000e+00
2.227171324193477631e-03
0.000000000000000000e+00
0.000000000000000000e+00
0.000000000000000000e+00
2.227171324193477631e-03
2.227171324193477631e-03
0.000000000000000000e+00
0.000000000000000000e+00
0.000000000000000000e+00
0.000000000000000000e+00
2.227171324193477631e-03
0.000000000000000000e+00
0.000000000000000000e+00
0.000000000000000000e+00
0.000000000000000000e+00
0.000000000000000000e+00
0.000000000000000000e+00
0.000000000000000000e+00
0.000000000000000000e+00
6.681513972580432892e-03
0.000000000000000000e+00
2.227171324193477631e-03
0.000000000000000000e+00
0.000000000000000000e+00
4.454342648386955261e-03
0.000000000000000000e+00
6.681513972580432892e-03
2.227171324193477631e-03
0.000000000000000000e+00
0.000000000000000000e+00
2.227171324193477631e-03
0.000000000000000000e+00
4.454342648386955261e-03
0.000000000000000000e+00
2.227171324193477631e-03
8.908685296773910522e-03
1.113585662096738815e-02
6.681513972580432892e-03
2.672605589032173157e-02
1.425389796495437622e-01
7.349665760993957520e-01
