1.711640655994415283e-01
2.501477301120758057e-01
1.384676098823547363e-01
8.627142012119293213e-02
5.652943998575210571e-02
3.643884137272834778e-02
3.230253979563713074e-02
2.324207127094268799e-02
1.792396977543830872e-02
1.575733721256256104e-02
1.378766912966966629e-02
1.043923478573560715e-02
1.024226937443017960e-02
8.272601291537284851e-03
7.681701332330703735e-03
8.666534908115863800e-03
9.060469456017017365e-03
4.530234728008508682e-03
5.515067838132381439e-03
3.742367262020707130e-03
3.348433878272771835e-03
4.727201070636510849e-03
3.545400686562061310e-03
1.378766959533095360e-03
2.166633727028965950e-03
4.333267454057931900e-03
2.363600535318255424e-03
2.166633727028965950e-03
3.742367262020707130e-03
1.575733651407063007e-03
1.969667151570320129e-03
2.954500727355480194e-03
3.348433878272771835e-03
2.166633727028965950e-03
1.378766959533095360e-03
1.772700343281030655e-03
2.560567343607544899e-03
2.363600535318255424e-03
1.575733651407063007e-03
9.848335757851600647e-04
1.181800267659127712e-03
1.575733651407063007e-03
2.363600535318255424e-03
9.848335757851600647e-04
7.878668257035315037e-04
1.575733651407063007e-03
5.909001338295638561e-04
5.909001338295638561e-04
1.378766959533095360e-03
5.909001338295638561e-04
5.909001338295638561e-04
9.848335757851600647e-04
1.378766959533095360e-03
7.878668257035315037e-04
3.939334128517657518e-04
3.939334128517657518e-04
7.878668257035315037e-04
7.878668257035315037e-04
5.909001338295638561e-04
2.166633727028965950e-03
1.575733651407063007e-03
1.969667064258828759e-04
3.939334128517657518e-04
3.939334128517657518e-04
5.909001338295638561e-04
7.878668257035315037e-04
3.939334128517657518e-04
5.909001338295638561e-04
1.969667064258828759e-04
7.878668257035315037e-04
1.969667064258828759e-04
5.909001338295638561e-04
1.969667064258828759e-04
3.939334128517657518e-04
1.969667064258828759e-04
1.181800267659127712e-03
0.000000000000000000e+00
7.878668257035315037e-04
1.969667064258828759e-04
1.969667064258828759e-04
1.969667064258828759e-04
5.909001338295638561e-04
3.939334128517657518e-04
9.848335757851600647e-04
3.939334128517657518e-04
1.969667064258828759e-04
7.878668257035315037e-04
1.969667064258828759e-04
3.939334128517657518e-04
1.969667064258828759e-04
7.878668257035315037e-04
5.909001338295638561e-04
7.878668257035315037e-04
1.969667064258828759e-04
5.909001338295638561e-04
5.909001338295638561e-04
3.939334128517657518e-04
1.969667064258828759e-04
0.000000000000000000e+00
