2.214252483099699020e-03
6.861063884571194649e-04
4.054264863952994347e-04
3.430531942285597324e-04
4.989864537492394447e-04
3.742398112080991268e-04
2.806798729579895735e-04
3.118665190413594246e-04
1.871199056040495634e-04
3.118665190413594246e-04
3.118665190413594246e-04
1.247466134373098612e-04
2.806798729579895735e-04
2.183065662393346429e-04
1.871199056040495634e-04
9.355996007798239589e-05
1.559332595206797123e-04
2.494932268746197224e-04
2.183065662393346429e-04
1.559332595206797123e-04
2.494932268746197224e-04
3.742398112080991268e-04
1.247466134373098612e-04
4.054264863952994347e-04
3.430531651247292757e-04
2.494932268746197224e-04
3.118665190413594246e-04
2.183065662393346429e-04
3.430531651247292757e-04
2.183065662393346429e-04
2.494932268746197224e-04
2.806798729579895735e-04
1.871199201559647918e-04
4.677997785620391369e-04
2.494932268746197224e-04
3.430531651247292757e-04
3.742398403119295835e-04
4.677997785620391369e-04
7.172930054366588593e-04
6.861063302494585514e-04
8.420395897701382637e-04
6.861063302494585514e-04
7.172930054366588593e-04
1.247466076165437698e-03
1.185092842206358910e-03
1.559332595206797123e-03
2.214252250269055367e-03
4.303758032619953156e-03
8.950569666922092438e-03
9.638234376907348633e-01
