1.740272651537504711e-01
1.010495599942138689e+01
2.775438017860129847e+01
4.446412029182866266e-01
1.275124535799040970e+01
2.930653129997286044e+01
3.624306982176475449e-03
2.453043374441698232e-01
1.650849187900445436e+00
6.560280214087589601e-02
6.433060583199352589e-01
1.811122709082677140e+00
3.624306982176475449e-03
2.373912962473336552e-01
1.944147391978711559e+00
6.560280214087589601e-02
8.807166852169688864e-01
2.075578643149838420e+00
7.566403052906471062e-03
2.769565022315144120e-01
2.187165836917294381e+00
1.020488003387431536e-01
9.419839144276983545e-01
2.524352437481762301e+00
3.624306982176475449e-03
3.244347494125313092e-01
2.338004779276441791e+00
1.239163965651060850e-01
9.726175290330630885e-01
2.652573729090344834e+00
1.513280610581294212e-02
4.747825924946673104e-01
2.597783088084935077e+00
8.018119513785548769e-02
1.233003328982301250e+00
3.373817223366920803e+00
3.026560883622697595e-02
6.646955812187348434e-01
3.276558831290951712e+00
1.968084019353653347e-01
1.615923738960274303e+00
3.902729299014990438e+00
3.783201104528371994e-02
8.625216714818877417e-01
4.248632611045283447e+00
1.749408057090023894e-01
1.692507548062772038e+00
4.824318600338803442e+00
7.566402209056743988e-02
1.313565080043797462e+00
5.120146872520248138e+00
3.207248164495208886e-01
2.297521701831458429e+00
6.579344533251552996e+00
3.858865126618939434e-01
1.922869372884679295e+00
8.807322954978840102e+00
4.665087912919403945e-01
3.729643298337716129e+00
9.167807927808226509e+00
2.897932370107028088e+00
1.596852099711929718e+01
3.001696594740553437e+01
2.777185205372428189e+00
1.393829873883740333e+01
4.518991671744202421e+01
