1.760055095720274299e-01
1.011308029596664504e+01
2.776543297279931721e+01
4.472607615544706983e-01
1.277103650493208598e+01
2.931755483218553593e+01
8.004026492490194807e-05
2.457717637257719467e-01
1.651573490735983585e+00
6.570915387354561710e-02
6.445829594829202147e-01
1.812015890427858267e+00
5.722646415304761164e-05
2.377730982234574630e-01
1.945168479975647680e+00
6.575952497434517374e-02
8.827208791356050410e-01
2.076391409252611897e+00
7.663535111054954260e-03
2.773657382300377949e-01
2.188476268055955298e+00
1.021943391899086395e-01
9.434200723693217938e-01
2.525430965213421697e+00
5.161901273160808036e-05
3.251247733921851513e-01
2.339669354221169506e+00
1.240507434509869611e-01
9.747640095890343082e-01
2.653737917344498154e+00
1.528144335521463421e-02
4.754435104710788007e-01
2.599843089003994745e+00
8.050582577864172362e-02
1.235721388342192695e+00
3.375440835497117487e+00
3.051088173883978807e-02
6.655876762639776345e-01
3.279719291272803705e+00
1.973177257385453076e-01
1.619157928286524717e+00
3.904556922253950901e+00
3.818601480125746045e-02
8.637527269714525557e-01
4.253395558277380140e+00
1.756236358358747307e-01
1.697040565227027731e+00
4.827296111351548902e+00
7.642403095737364260e-02
1.315969094106864024e+00
5.127341930579985885e+00
3.217770529458938156e-01
2.305047730926797822e+00
6.583509258316755819e+00
3.877716944388220344e-01
1.927917233207038894e+00
8.819197075911217709e+00
4.691338384422599761e-01
3.746574177740524814e+00
9.177024693320179338e+00
3.151402990047600383e+00
1.657354676140509042e+01
3.027532104019472925e+01
3.112487987017527935e+00
1.472332155590076752e+01
4.554638371707312672e+01
