3.147285833225995422e+00
8.481895126119206596e-01
2.348193369977047140e-01
1.068465365952318558e-01
1.928605376806803440e-01
1.064822066035895354e-01
2.274220149841820471e-01
1.246863903437113730e-01
2.564764614206839211e-01
1.222521864101584060e-01
2.336698365941773381e-01
1.210164046075579147e-01
2.594687530750979243e-01
1.352616692823312428e-01
2.926971378341454155e-01
1.445534946523001629e-01
2.944759892089720554e-01
1.425637082077316764e-01
2.896767263821220517e-01
1.433872823076298986e-01
2.896392490647179407e-01
1.539904042254371663e-01
3.445221703967383253e-01
1.812567949154434144e-01
3.933654391661922101e-01
1.968072509326526942e-01
3.901520534278631880e-01
2.008360982223338642e-01
4.075664771965619715e-01
2.251891874994282616e-01
4.891808565066640413e-01
2.437470635253206341e-01
5.228671853038159290e-01
2.733874236611755770e-01
5.453231342189706066e-01
2.940964996474226822e-01
6.202421321155903167e-01
3.122299392704847576e-01
6.694332889020631061e-01
3.779460532802580430e-01
8.406960415993666169e-01
4.883845571937696639e-01
1.118585266335960338e+00
7.018011324879500634e-01
1.627767592627066717e+00
1.029271432000985698e+00
2.567612751056923326e+00
2.589026324638801224e+00
7.566506101554120178e+00
