1.769461340860866039e+04
4.415131598339081393e+03
4.622860217650029746e+00
2.279257254553081147e+00
4.351535514766408319e+00
2.198106310528518570e+00
4.230322977787937866e+00
2.044029348074760666e+00
3.895711679808787409e+00
1.948755490625868836e+00
3.714814229557122705e+00
1.871184157750160670e+00
3.506635014523547422e+00
1.723496198007108848e+00
3.323770526540059667e+00
1.619035751939335244e+00
3.276942813895851181e+00
1.541809990404516384e+00
3.139079437969160224e+00
1.480498087343712577e+00
2.929782683073205440e+00
1.448984435324202957e+00
2.861636851057412390e+00
1.403142339874593914e+00
2.664439745441618435e+00
1.328736517657597815e+00
2.572862822905013225e+00
1.283083498295567004e+00
2.484542642104853094e+00
1.195012672084575733e+00
2.330284869779553514e+00
1.154672329392121277e+00
2.260711359579004931e+00
1.124912099961328016e+00
2.205383558471160743e+00
1.081878788306381400e+00
2.083462617285791740e+00
1.037492305075659926e+00
2.078131447520330077e+00
9.778204885153756187e-01
1.931137785815859376e+00
9.399839373559707445e-01
1.929521203428354204e+00
9.322538120470492684e-01
1.825711422823421692e+00
8.959834008108759074e-01
1.755112974634612577e+00
8.522276631173956174e-01
1.683232091403292552e+00
