2.218247245825215666e-02
5.990823539954293238e-03
1.457735544309106184e-03
6.491940883429672378e-04
1.101522413459785901e-03
5.119239829725634374e-04
8.857858772256704035e-04
4.504595062051025794e-04
9.077513798503769995e-04
5.007634807001090475e-04
1.169058963078702237e-03
6.308629983818156341e-04
1.377212472721055063e-03
6.589970303607035678e-04
1.181723381581478195e-03
7.442370139417391712e-04
1.739116371887580595e-03
7.594037564639759524e-04
1.249977939318994103e-03
7.047732142957907576e-04
1.538626668282335255e-03
7.680764094993780067e-04
1.508074503012332831e-03
9.756795265344874726e-04
2.401490522378982567e-03
1.164251353799058237e-03
2.212818469407049331e-03
1.094889501712273004e-03
2.066223565984132669e-03
1.085006853708594390e-03
2.191751009004839004e-03
1.245311480577615060e-03
2.770481579773555539e-03
1.416787175852118755e-03
2.871199501705558668e-03
1.797353733593992642e-03
4.188407159123228377e-03
2.373301422887351408e-03
5.342595817844578848e-03
2.875984255711058930e-03
6.301292464082533691e-03
3.994404915258481861e-03
1.009364039440412142e-02
6.432929007058258049e-03
1.574824180070382232e-02
1.362807768478601148e-02
3.744684131481646611e-02
2.128576596728614101e-01
8.107868109973322968e-01
