2.125062835925142645e+04
2.312410329362147188e+00
2.256853141829032960e+00
2.207244861492518417e+00
2.155579562091228585e+00
2.118813039857719183e+00
2.062846587848683022e+00
2.016462505455434151e+00
1.975054241957511669e+00
1.931600896275361690e+00
1.892950207208384583e+00
1.853894129276053349e+00
1.814415144718602990e+00
1.787448801414770250e+00
1.743960885286358620e+00
1.708140477104572730e+00
1.676397211239734730e+00
1.642702807990824132e+00
1.612882775113973155e+00
1.582446365132476496e+00
1.558635078879386127e+00
1.524361349362854501e+00
1.496580197693323067e+00
1.468305138213076733e+00
1.443381861775976382e+00
1.416641699104859597e+00
1.393035200114152827e+00
1.375114531874727763e+00
1.344232116629129781e+00
1.322585281365744159e+00
1.299209768764856943e+00
1.278707478814248066e+00
1.257551140824277658e+00
1.235976934502925673e+00
