1.428126063521664105e-03
7.944444313430942817e-03
1.084698202084107173e-02
2.451385037059483022e-03
1.923418379737281206e-02
1.091584752403077473e-02
6.882535999951268227e-05
4.622844780878518941e-04
7.146620331268221634e-04
1.007418523523031481e-04
1.256588719804652837e-03
8.555236314115319610e-04
5.161901157442244561e-05
3.766762082650147139e-04
1.016408292758632335e-03
1.511127719290708072e-04
1.943523576060282327e-03
8.079945689374215100e-04
6.882535037069889051e-05
3.937979005771825814e-04
1.286391685619955134e-03
1.343224742026601364e-04
1.390624897429863522e-03
1.045639965787564405e-03
5.161901157442244561e-05
6.848659029320275371e-04
1.635782050469932391e-03
1.175321632774816355e-04
2.111069167474179196e-03
1.140698175215375948e-03
1.032380424064724747e-04
6.506226461330266459e-04
2.016935282090397130e-03
3.190158547833201017e-04
2.647213704148018362e-03
1.600146004410685349e-03
1.376507007413977810e-04
8.560823147523670537e-04
3.112750286920931957e-03
5.037093277553548369e-04
3.133094771990092842e-03
1.790262423266308434e-03
2.236824091660007000e-04
1.215636958530548744e-03
4.700888687027012826e-03
6.716123314169971780e-04
4.406437373010819308e-03
2.930960598481684165e-03
5.161902312899900114e-04
2.362787403463095705e-03
7.003688730384788341e-03
1.024208860845745575e-03
7.288214453188082871e-03
4.024129542263768164e-03
6.882536673968234599e-04
4.913912655408028511e-03
1.157752595032985297e-02
2.535336316161097316e-03
1.641942763069696720e-02
9.014684650188172638e-03
1.620837298519584857e-01
5.291444966184198906e-01
2.351714795804305536e-01
2.187441344102163676e-01
6.867509438088241769e-01
3.287111738160065633e-01
