6.511372327804565430e-01
8.360783755779266357e-02
4.399999976158142090e-02
2.674509771168231964e-02
1.992156729102134705e-02
1.513725519180297852e-02
1.184313744306564331e-02
9.960783645510673523e-03
9.490195661783218384e-03
7.686275057494640350e-03
9.882353246212005615e-03
7.215686142444610596e-03
6.196078378707170486e-03
5.254901945590972900e-03
5.725489929318428040e-03
4.235294181853532791e-03
5.333333276212215424e-03
6.196078378707170486e-03
4.392156843096017838e-03
4.627450834959745407e-03
3.058823524042963982e-03
2.509803976863622665e-03
3.294117748737335205e-03
3.294117748737335205e-03
3.215686418116092682e-03
2.980392193421721458e-03
2.588235307484865189e-03
2.980392193421721458e-03
1.960784429684281349e-03
2.823529299348592758e-03
2.196078421548008919e-03
2.980391960591077805e-03
2.196078421548008919e-03
1.333333319053053856e-03
2.039215527474880219e-03
1.647058874368667603e-03
1.411764649674296379e-03
2.039215760305523872e-03
1.019607880152761936e-03
1.882352866232395172e-03
1.254901988431811333e-03
1.647058874368667603e-03
1.568627543747425079e-03
2.039215527474880219e-03
1.333333319053053856e-03
1.098039210774004459e-03
1.490196096710860729e-03
1.254901988431811333e-03
9.411764913238584995e-04
1.333333319053053856e-03
