2.015696605667471886e-03
8.577432599849998951e-04
1.157953403890132904e-03
7.290818030014634132e-04
6.861946312710642815e-04
6.861946312710642815e-04
5.146459443494677544e-04
6.861946312710642815e-04
5.575331160798668861e-04
6.433074595406651497e-04
9.006304317153990269e-04
6.004202878102660179e-04
7.290818030014634132e-04
6.861946312710642815e-04
5.575331160798668861e-04
7.290817447938024998e-04
7.719689747318625450e-04
7.719689747318625450e-04
6.861946312710642815e-04
6.433074595406651497e-04
9.006304317153990269e-04
6.433074595406651497e-04
8.577432599849998951e-04
8.577432599849998951e-04
9.006304317153990269e-04
7.290817447938024998e-04
3.430973156355321407e-04
6.861946312710642815e-04
1.243727747350931168e-03
6.004202878102660179e-04
7.719689165242016315e-04
1.243727747350931168e-03
1.115066232159733772e-03
8.577432599849998951e-04
8.148561464622616768e-04
1.243727630935609341e-03
2.015696605667471886e-03
1.929922262206673622e-03
1.972809433937072754e-03
2.315906807780265808e-03
2.444568090140819550e-03
2.616116777062416077e-03
3.473860211670398712e-03
4.202941898256540298e-03
5.146459676325321198e-03
6.733284331858158112e-03
9.692499414086341858e-03
1.483895815908908844e-02
3.362353518605232239e-02
8.795728683471679688e-01
