0.000000000000000000e+00
0.000000000000000000e+00
1.644196017878130078e-04
3.288392035756260157e-04
0.000000000000000000e+00
0.000000000000000000e+00
0.000000000000000000e+00
1.644196017878130078e-04
1.644196017878130078e-04
0.000000000000000000e+00
0.000000000000000000e+00
1.644196017878130078e-04
0.000000000000000000e+00
1.644196017878130078e-04
0.000000000000000000e+00
0.000000000000000000e+00
0.000000000000000000e+00
1.644196017878130078e-04
0.000000000000000000e+00
0.000000000000000000e+00
0.000000000000000000e+00
0.000000000000000000e+00
1.644196017878130078e-04
1.644196017878130078e-04
1.644196017878130078e-04
3.288392035756260157e-04
3.288392035756260157e-04
1.644196017878130078e-04
0.000000000000000000e+00
3.288392035756260157e-04
1.644196017878130078e-04
3.288392035756260157e-04
1.644196017878130078e-04
0.000000000000000000e+00
4.932588199153542519e-04
0.000000000000000000e+00
6.576784071512520313e-04
3.288392035756260157e-04
9.865176398307085037e-04
1.644196017878130078e-04
4.932588199153542519e-04
1.644196105189621449e-03
1.644196105189621449e-03
1.644195988774299622e-03
2.301874570548534393e-03
2.301874570548534393e-03
2.959552919492125511e-03
5.590267013758420944e-03
1.200263109058141708e-02
9.631699919700622559e-01
