0.000000000000000000e+00
2.020202111452817917e-03
0.000000000000000000e+00
2.020202111452817917e-03
0.000000000000000000e+00
0.000000000000000000e+00
0.000000000000000000e+00
4.040404222905635834e-03
0.000000000000000000e+00
0.000000000000000000e+00
0.000000000000000000e+00
0.000000000000000000e+00
2.020202111452817917e-03
0.000000000000000000e+00
0.000000000000000000e+00
0.000000000000000000e+00
0.000000000000000000e+00
2.020202111452817917e-03
0.000000000000000000e+00
2.020202111452817917e-03
0.000000000000000000e+00
0.000000000000000000e+00
0.000000000000000000e+00
0.000000000000000000e+00
0.000000000000000000e+00
0.000000000000000000e+00
0.000000000000000000e+00
2.020202111452817917e-03
0.000000000000000000e+00
2.020202111452817917e-03
0.000000000000000000e+00
4.040404222905635834e-03
0.000000000000000000e+00
0.000000000000000000e+00
0.000000000000000000e+00
2.020202111452817917e-03
6.060605868697166443e-03
2.020202111452817917e-03
0.000000000000000000e+00
0.000000000000000000e+00
0.000000000000000000e+00
0.000000000000000000e+00
0.000000000000000000e+00
6.060605868697166443e-03
2.020202111452817917e-03
2.020202111452817917e-03
0.000000000000000000e+00
0.000000000000000000e+00
4.040404222905635834e-03
2.020202111452817917e-03
4.040404222905635834e-03
2.020202111452817917e-03
2.020202111452817917e-03
0.000000000000000000e+00
2.020202111452817917e-03
0.000000000000000000e+00
4.040404222905635834e-03
4.040404222905635834e-03
0.000000000000000000e+00
4.040404222905635834e-03
4.040404222905635834e-03
6.060605868697166443e-03
4.040404222905635834e-03
0.000000000000000000e+00
2.020202111452817917e-03
4.040404222905635834e-03
8.080808445811271667e-03
2.020202111452817917e-03
0.000000000000000000e+00
8.080808445811271667e-03
6.060605868697166443e-03
2.020202111452817917e-03
4.040404222905635834e-03
6.060605868697166443e-03
2.020202111452817917e-03
2.020202111452817917e-03
4.040404222905635834e-03
6.060605868697166443e-03
1.212121173739433289e-02
1.010101009160280228e-02
0.000000000000000000e+00
1.212121173739433289e-02
8.080808445811271667e-03
1.212121173739433289e-02
6.060605868697166443e-03
2.222222276031970978e-02
1.212121173739433289e-02
1.010101009160280228e-02
2.626262605190277100e-02
2.222222276031970978e-02
1.818181760609149933e-02
2.222222276031970978e-02
3.434343263506889343e-02
2.222222276031970978e-02
2.222222276031970978e-02
4.242424294352531433e-02
3.838383778929710388e-02
6.868686527013778687e-02
1.050505042076110840e-01
