5.288207437843084335e-03
1.057641487568616867e-02
1.110523566603660583e-02
8.461131714284420013e-03
6.345848552882671356e-03
6.874669343233108521e-03
5.817028228193521500e-03
5.288207437843084335e-03
7.403490133583545685e-03
6.345848552882671356e-03
3.172924276441335678e-03
5.288207437843084335e-03
4.759386647492647171e-03
4.230565857142210007e-03
3.701745066791772842e-03
3.172924276441335678e-03
4.759386647492647171e-03
4.230565857142210007e-03
1.586462138220667839e-03
3.701745066791772842e-03
2.115282928571105003e-03
1.586462138220667839e-03
3.172924276441335678e-03
1.586462138220667839e-03
1.586462138220667839e-03
2.644103718921542168e-03
7.403490133583545685e-03
1.586462138220667839e-03
2.644103718921542168e-03
3.172924276441335678e-03
2.644103718921542168e-03
3.172924276441335678e-03
1.057641464285552502e-03
3.172924276441335678e-03
2.644103718921542168e-03
3.701745066791772842e-03
3.172924276441335678e-03
2.644103718921542168e-03
2.644103718921542168e-03
3.701745066791772842e-03
2.644103718921542168e-03
1.586462138220667839e-03
2.115282928571105003e-03
3.172924276441335678e-03
3.701745066791772842e-03
6.345848552882671356e-03
1.586462138220667839e-03
1.057641464285552502e-03
5.288207321427762508e-04
4.759386647492647171e-03
0.000000000000000000e+00
3.701745066791772842e-03
1.586462138220667839e-03
1.057641464285552502e-03
2.115282928571105003e-03
3.172924276441335678e-03
3.701745066791772842e-03
2.115282928571105003e-03
2.644103718921542168e-03
3.701745066791772842e-03
4.230565857142210007e-03
8.989952504634857178e-03
1.057641464285552502e-03
3.701745066791772842e-03
3.701745066791772842e-03
3.701745066791772842e-03
2.115282928571105003e-03
3.701745066791772842e-03
5.288207437843084335e-03
4.759386647492647171e-03
7.932310923933982849e-03
6.345848552882671356e-03
7.932310923933982849e-03
5.288207437843084335e-03
4.759386647492647171e-03
3.172924276441335678e-03
3.172924276441335678e-03
6.874669343233108521e-03
8.461131714284420013e-03
3.701745066791772842e-03
8.461131714284420013e-03
7.932310923933982849e-03
8.461131714284420013e-03
8.989952504634857178e-03
1.057641487568616867e-02
7.932310923933982849e-03
9.518773294985294342e-03
1.216287724673748016e-02
1.480698026716709137e-02
1.163405645638704300e-02
1.533580105751752853e-02
1.639344170689582825e-02
1.797990500926971436e-02
2.273929119110107422e-02
2.802749909460544586e-02
2.802749909460544586e-02
4.336329922080039978e-02
5.711263790726661682e-02
8.989952504634857178e-02
