1.374719664454460144e-03
1.230012276209890842e-03
1.230012276209890842e-03
7.958902860991656780e-04
8.682439802214503288e-04
7.958902860991656780e-04
1.085305004380643368e-03
7.235366501845419407e-04
3.617683250922709703e-04
7.958902860991656780e-04
6.511829560622572899e-04
4.341219901107251644e-04
5.064756260253489017e-04
5.788293201476335526e-04
3.617683250922709703e-04
0.000000000000000000e+00
7.958902860991656780e-04
2.170609950553625822e-04
4.341219901107251644e-04
5.788293201476335526e-04
3.617683250922709703e-04
1.447073300369083881e-04
5.788293201476335526e-04
4.341219901107251644e-04
4.341219901107251644e-04
4.341219901107251644e-04
2.894146600738167763e-04
3.617683250922709703e-04
4.341219901107251644e-04
2.170609950553625822e-04
1.447073300369083881e-04
2.170609950553625822e-04
4.341219901107251644e-04
1.447073300369083881e-04
2.894146600738167763e-04
2.170609950553625822e-04
5.064756260253489017e-04
5.788293201476335526e-04
2.170609950553625822e-04
2.894146600738167763e-04
2.170609950553625822e-04
7.235366501845419407e-04
4.341219901107251644e-04
3.617683250922709703e-04
2.170609950553625822e-04
6.511829560622572899e-04
7.958902860991656780e-04
2.170609950553625822e-04
2.894146600738167763e-04
3.617683250922709703e-04
3.617683250922709703e-04
7.235366501845419407e-04
3.617683250922709703e-04
4.341219901107251644e-04
7.958902860991656780e-04
5.064756260253489017e-04
7.958902860991656780e-04
5.788293201476335526e-04
7.958902860991656780e-04
5.788293201476335526e-04
7.235366501845419407e-04
2.894146600738167763e-04
3.617683250922709703e-04
5.064756260253489017e-04
6.511829560622572899e-04
5.064756260253489017e-04
8.682439802214503288e-04
7.235366501845419407e-04
5.064756260253489017e-04
7.958902860991656780e-04
9.405976161360740662e-04
3.617683250922709703e-04
1.012951252050697803e-03
8.682439802214503288e-04
1.012951252050697803e-03
5.788293201476335526e-04
7.235366501845419407e-04
1.085305004380643368e-03
1.230012276209890842e-03
9.405976161360740662e-04
8.682439802214503288e-04
1.230012276209890842e-03
1.012951252050697803e-03
1.591780572198331356e-03
1.736487960442900658e-03
1.664134324528276920e-03
1.302365912124514580e-03
1.664134324528276920e-03
2.387671032920479774e-03
2.677085576578974724e-03
3.617683192715048790e-03
3.255914896726608276e-03
3.328268649056553841e-03
4.847695585340261459e-03
7.018305361270904541e-03
8.971854113042354584e-03
1.381955016404390335e-02
2.083785459399223328e-02
5.086462572216987610e-02
