3.190866410732269287e-01
1.264636963605880737e-01
6.206088885664939880e-02
4.683840647339820862e-02
3.337236493825912476e-02
2.868852391839027405e-02
1.814988255500793457e-02
1.229508221149444580e-02
1.814988255500793457e-02
1.053864136338233948e-02
1.112412195652723312e-02
1.229508221149444580e-02
6.440280936658382416e-03
7.025761064141988754e-03
5.854800809174776077e-03
2.341920277103781700e-03
4.098360426723957062e-03
4.098360426723957062e-03
6.440280936658382416e-03
5.269320681691169739e-03
5.854800809174776077e-03
5.269320681691169739e-03
5.269320681691169739e-03
5.854800809174776077e-03
5.269320681691169739e-03
7.611241191625595093e-03
4.098360426723957062e-03
5.269320681691169739e-03
3.512880532070994377e-03
2.341920277103781700e-03
3.512880532070994377e-03
5.269320681691169739e-03
2.927400404587388039e-03
1.170960138551890850e-03
2.927400404587388039e-03
4.098360426723957062e-03
2.927400404587388039e-03
2.927400404587388039e-03
1.756440266035497189e-03
2.341920277103781700e-03
4.098360426723957062e-03
2.341920277103781700e-03
2.341920277103781700e-03
1.756440266035497189e-03
2.341920277103781700e-03
2.341920277103781700e-03
2.341920277103781700e-03
5.854800692759454250e-04
2.927400404587388039e-03
2.341920277103781700e-03
2.341920277103781700e-03
1.170960138551890850e-03
4.098360426723957062e-03
2.341920277103781700e-03
1.756440266035497189e-03
2.927400404587388039e-03
1.170960138551890850e-03
1.756440266035497189e-03
2.927400404587388039e-03
1.756440266035497189e-03
1.756440266035497189e-03
1.170960138551890850e-03
3.512880532070994377e-03
5.854800692759454250e-04
1.756440266035497189e-03
3.512880532070994377e-03
2.341920277103781700e-03
1.756440266035497189e-03
2.341920277103781700e-03
3.512880532070994377e-03
5.854800692759454250e-04
2.341920277103781700e-03
2.341920277103781700e-03
5.854800692759454250e-04
2.927400404587388039e-03
1.170960138551890850e-03
2.927400404587388039e-03
5.854800692759454250e-04
1.756440266035497189e-03
2.341920277103781700e-03
2.927400404587388039e-03
4.683840554207563400e-03
4.098360426723957062e-03
2.341920277103781700e-03
2.341920277103781700e-03
2.927400404587388039e-03
5.269320681691169739e-03
1.756440266035497189e-03
2.341920277103781700e-03
3.512880532070994377e-03
2.341920277103781700e-03
4.098360426723957062e-03
4.098360426723957062e-03
1.170960138551890850e-03
4.098360426723957062e-03
4.683840554207563400e-03
5.854800809174776077e-03
7.611241191625595093e-03
8.196720853447914124e-03
