9.118117690086364746e-01
2.924377471208572388e-02
1.393648609519004822e-02
7.082476746290922165e-03
3.883938770741224289e-03
2.741603879258036613e-03
2.513136947527527809e-03
9.138679597526788712e-04
6.854009698145091534e-04
1.370801939629018307e-03
1.142334891483187675e-03
2.284669899381697178e-04
1.827735919505357742e-03
6.854009698145091534e-04
4.569339798763394356e-04
1.142334891483187675e-03
2.284669899381697178e-04
0.000000000000000000e+00
4.569339798763394356e-04
4.569339798763394356e-04
2.284669899381697178e-04
2.284669899381697178e-04
1.142334891483187675e-03
1.142334891483187675e-03
0.000000000000000000e+00
4.569339798763394356e-04
0.000000000000000000e+00
2.284669899381697178e-04
2.284669899381697178e-04
0.000000000000000000e+00
4.569339798763394356e-04
2.284669899381697178e-04
2.284669899381697178e-04
2.284669899381697178e-04
4.569339798763394356e-04
0.000000000000000000e+00
0.000000000000000000e+00
2.284669899381697178e-04
4.569339798763394356e-04
0.000000000000000000e+00
2.284669899381697178e-04
0.000000000000000000e+00
0.000000000000000000e+00
4.569339798763394356e-04
0.000000000000000000e+00
0.000000000000000000e+00
2.284669899381697178e-04
0.000000000000000000e+00
2.284669899381697178e-04
2.284669899381697178e-04
2.284669899381697178e-04
0.000000000000000000e+00
2.284669899381697178e-04
4.569339798763394356e-04
0.000000000000000000e+00
0.000000000000000000e+00
0.000000000000000000e+00
0.000000000000000000e+00
2.284669899381697178e-04
2.284669899381697178e-04
0.000000000000000000e+00
2.284669899381697178e-04
2.284669899381697178e-04
0.000000000000000000e+00
0.000000000000000000e+00
6.854009698145091534e-04
4.569339798763394356e-04
0.000000000000000000e+00
2.284669899381697178e-04
0.000000000000000000e+00
0.000000000000000000e+00
0.000000000000000000e+00
0.000000000000000000e+00
4.569339798763394356e-04
0.000000000000000000e+00
0.000000000000000000e+00
2.284669899381697178e-04
2.284669899381697178e-04
2.284669899381697178e-04
0.000000000000000000e+00
0.000000000000000000e+00
0.000000000000000000e+00
6.854009698145091534e-04
4.569339798763394356e-04
2.284669899381697178e-04
0.000000000000000000e+00
0.000000000000000000e+00
0.000000000000000000e+00
0.000000000000000000e+00
4.569339798763394356e-04
2.284669899381697178e-04
2.284669899381697178e-04
0.000000000000000000e+00
2.284669899381697178e-04
0.000000000000000000e+00
6.854009698145091534e-04
4.569339798763394356e-04
4.569339798763394356e-04
4.569339798763394356e-04
