6.924286484718322754e-01
7.202467322349548340e-02
3.743347898125648499e-02
2.449201792478561401e-02
2.080309763550758362e-02
1.596516743302345276e-02
1.342525519430637360e-02
1.227624714374542236e-02
9.554910473525524139e-03
7.135946303606033325e-03
6.773101165890693665e-03
6.047411821782588959e-03
6.107886321842670441e-03
5.684567149728536606e-03
5.563619080930948257e-03
3.870343556627631187e-03
3.447024617344141006e-03
4.596033133566379547e-03
3.144653979688882828e-03
3.688921453431248665e-03
2.660861238837242126e-03
2.781809773296117783e-03
3.205128479748964310e-03
3.084179945290088654e-03
2.781809307634830475e-03
2.418964868411421776e-03
2.600387204438447952e-03
1.874697627499699593e-03
1.995645929127931595e-03
1.632801257073879242e-03
1.632801257073879242e-03
1.995645929127931595e-03
1.753749442286789417e-03
1.693275291472673416e-03
1.390904886648058891e-03
9.071117965504527092e-04
1.572326989844441414e-03
9.675859473645687103e-04
9.071117965504527092e-04
9.675859473645687103e-04
7.861636113375425339e-04
1.390904653817415237e-03
7.861635531298816204e-04
1.088534248992800713e-03
6.652153097093105316e-04
5.442671244964003563e-04
3.628447302617132664e-04
5.442671244964003563e-04
3.628447302617132664e-04
1.814223651308566332e-04
