6.308030486106872559e-01
7.944437116384506226e-02
4.447060823440551758e-02
2.647891640663146973e-02
2.065049856901168823e-02
1.657151058316230774e-02
1.311429869383573532e-02
1.282734237611293793e-02
1.151364296674728394e-02
8.587832562625408173e-03
6.815492175519466400e-03
5.098053254187107086e-03
6.419951561838388443e-03
6.877722684293985367e-03
4.232121631503105164e-03
3.989482764154672623e-03
3.108604345470666885e-03
4.021470434963703156e-03
3.761789994314312935e-03
4.680238664150238037e-03
3.853332251310348511e-03
3.140592481940984726e-03
4.306391812860965729e-03
2.615938894450664520e-03
3.036720212548971176e-03
1.865918980911374092e-03
1.549009815789759159e-03
2.784077078104019165e-03
2.338636200875043869e-03
4.294062033295631409e-03
2.959833480417728424e-03
1.806654734537005424e-03
4.576366394758224487e-03
2.066335408017039299e-03
2.512066625058650970e-03
1.729768468067049980e-03
1.702782581560313702e-03
1.826312625780701637e-03
1.930475467815995216e-03
1.373543636873364449e-03
3.754461649805307388e-03
2.202485688030719757e-03
3.100986126810312271e-03
2.643215237185359001e-03
2.054005395621061325e-03
4.338379018008708954e-03
2.467458602041006088e-03
3.019388299435377121e-03
5.159993655979633331e-03
5.523836240172386169e-03
