0.000000000000000000e+00
0.000000000000000000e+00
0.000000000000000000e+00
1.926782279042527080e-04
0.000000000000000000e+00
0.000000000000000000e+00
0.000000000000000000e+00
0.000000000000000000e+00
1.926782279042527080e-04
0.000000000000000000e+00
1.926782279042527080e-04
0.000000000000000000e+00
0.000000000000000000e+00
1.926782279042527080e-04
0.000000000000000000e+00
0.000000000000000000e+00
0.000000000000000000e+00
0.000000000000000000e+00
0.000000000000000000e+00
1.926782279042527080e-04
0.000000000000000000e+00
0.000000000000000000e+00
0.000000000000000000e+00
3.853564558085054159e-04
0.000000000000000000e+00
0.000000000000000000e+00
0.000000000000000000e+00
0.000000000000000000e+00
0.000000000000000000e+00
0.000000000000000000e+00
0.000000000000000000e+00
0.000000000000000000e+00
0.000000000000000000e+00
0.000000000000000000e+00
0.000000000000000000e+00
0.000000000000000000e+00
0.000000000000000000e+00
0.000000000000000000e+00
1.926782279042527080e-04
0.000000000000000000e+00
0.000000000000000000e+00
0.000000000000000000e+00
0.000000000000000000e+00
0.000000000000000000e+00
0.000000000000000000e+00
0.000000000000000000e+00
1.926782279042527080e-04
1.926782279042527080e-04
0.000000000000000000e+00
0.000000000000000000e+00
0.000000000000000000e+00
1.926782279042527080e-04
3.853564558085054159e-04
1.926782279042527080e-04
0.000000000000000000e+00
0.000000000000000000e+00
3.853564558085054159e-04
1.926782279042527080e-04
0.000000000000000000e+00
3.853564558085054159e-04
0.000000000000000000e+00
1.926782279042527080e-04
5.780346691608428955e-04
3.853564558085054159e-04
1.926782279042527080e-04
1.926782279042527080e-04
3.853564558085054159e-04
5.780346691608428955e-04
3.853564558085054159e-04
1.926782279042527080e-04
0.000000000000000000e+00
0.000000000000000000e+00
1.926782279042527080e-04
3.853564558085054159e-04
7.707129116170108318e-04
5.780346691608428955e-04
1.926782279042527080e-04
5.780346691608428955e-04
7.707129116170108318e-04
9.633911540731787682e-04
3.853564558085054159e-04
5.780346691608428955e-04
3.853564558085054159e-04
1.348747755400836468e-03
5.780346691608428955e-04
1.734104123897850513e-03
1.734104123897850513e-03
2.697495510801672935e-03
1.734104123897850513e-03
1.734104123897850513e-03
2.312138676643371582e-03
4.046242684125900269e-03
3.853564616292715073e-03
3.468208247795701027e-03
4.624277353286743164e-03
6.358381826430559158e-03
9.441234171390533447e-03
1.406551152467727661e-02
2.967244945466518402e-02
