2.978908584806937597e+03
7.375993308180380836e+02
4.521481407959858423e+00
2.819569543792222799e+00
6.899938876474855931e+00
2.899664806315341181e+00
4.594567136294043230e+00
2.350261407319884643e+00
4.695515667889316624e+00
2.890435982993752706e+00
7.054198291800426013e+00
2.338856481789170161e+00
2.280906319447316033e+00
1.765786719453288800e+00
4.554165137879157221e+00
1.719523052592846657e+00
2.286717392141764726e+00
1.155752331599633642e+00
2.293055580149847117e+00
2.342445818713356331e+00
6.827076651515979755e+00
3.380475011202722868e+00
6.990604478313650283e+00
2.358841683285912261e+00
2.298124688971391993e+00
5.654558479596023535e-01
1.281015978590002539e-02
1.130292441603516274e+00
4.655627503764710795e+00
1.721971030012088288e+00
2.289162682050183584e+00
5.670235535247967196e-01
1.184060095528037884e-02
1.199087017803896101e-02
1.178288499160748751e-02
1.253123629824724056e-02
1.200824685267290817e-02
5.790978910766546583e-01
2.346211590217321064e+00
1.140729113829312968e+00
2.302161371346213237e+00
1.692855597807482848e+00
4.687313662166974204e+00
1.143694379351325230e+00
1.225950509823678716e-02
1.148422361066090636e+00
4.643374841376289197e+00
4.631248437616915403e+00
1.388323757645953016e+01
