1.215794437771590175e+01
3.199746675926407935e+00
4.865922991770547101e-01
2.272623926894938029e-01
4.343080621394868057e-01
2.474004056137194818e-01
5.668973126219604142e-01
3.131598664292330469e-01
6.992700084897391921e-01
2.894678061110265155e-01
4.406628960992756694e-01
2.193959580181339963e-01
4.456954734592206147e-01
2.286085687832265789e-01
4.945153342189030909e-01
2.502483513647237867e-01
5.290148637395057918e-01
2.475310118643369028e-01
4.372161055704408827e-01
2.349093071232608854e-01
4.940836365048923984e-01
3.169516678759465300e-01
7.730597482574665946e-01
3.962739345048945094e-01
8.285884477863119102e-01
4.283911452623944682e-01
8.365105034187430011e-01
4.814442615089157829e-01
1.060741912998875769e+00
4.783343018959614890e-01
8.582895569277440018e-01
4.411322648694440685e-01
8.997217216730645228e-01
6.017426646486331299e-01
1.518748256002277808e+00
8.424619366179738611e-01
1.975350638830519978e+00
1.041224720425175221e+00
2.173696567125692258e+00
1.304781944167787922e+00
2.905617590313909204e+00
2.070216240946812558e+00
5.446590991341434318e+00
3.217698972143970604e+00
7.663590090050206527e+00
5.614299699948856137e+00
1.520623367387255698e+01
1.458662310127003821e+02
5.587533973702240928e+02
