1.080439596506990618e+01
2.843121200118431613e+00
7.262536509500469029e-01
3.322558667159388190e-01
5.709624656173010182e-01
3.436863929745028745e-01
7.510431852879466685e-01
3.947656517374061313e-01
7.855500561344230803e-01
4.248885605360425144e-01
9.169547320616587838e-01
4.350706336039431021e-01
7.933600326405503278e-01
4.050940161501949688e-01
8.200146090621148742e-01
4.480585994623416668e-01
9.830609309492497339e-01
4.720276672930165951e-01
9.103007917082160949e-01
4.957821671643702355e-01
1.055642740165315674e+00
5.138182519638543333e-01
9.501416938611266794e-01
5.239581725307428384e-01
1.145121933655301127e+00
5.994219418038972957e-01
1.224451945828269661e+00
6.712041660686888234e-01
1.434583094717715612e+00
7.306279931820639506e-01
1.469211541698016266e+00
7.651213277803797785e-01
1.605350702696699994e+00
8.288449451146892022e-01
1.666230364229044136e+00
9.042915736399267379e-01
1.923132822229850047e+00
1.022769200273391244e+00
2.076954085211483392e+00
1.122979851241964644e+00
2.337451936109965267e+00
1.315609526794086159e+00
2.869534386078900656e+00
1.778869073129438094e+00
4.345238977178053297e+00
2.593067289814810383e+00
6.307200014384078735e+00
5.356472193272549198e+00
1.517562718418476386e+01
