2.022051200972036895e+03
4.927535943037408401e+02
3.699406531404762499e-01
1.787074984389624699e-01
3.502682818322920832e-01
1.691947358288831416e-01
3.283366253254584310e-01
1.596703791825681285e-01
3.143870860468110928e-01
1.523235933448287838e-01
2.864357755011404660e-01
1.394943789632247799e-01
2.733033660401770204e-01
1.346500044794304018e-01
2.586800072789943172e-01
1.285194624725746193e-01
2.469153645983150347e-01
1.182154383575313994e-01
2.394134622646046096e-01
1.128506760332892295e-01
2.201800228744262844e-01
1.079121785621344615e-01
2.170619748515611180e-01
1.033938104404931585e-01
2.036542899607422796e-01
9.944251335442504114e-02
1.920595469153187906e-01
9.640644321089082702e-02
1.851512541188804761e-01
9.202712385971736908e-02
1.739225899279604470e-01
8.826418953573314519e-02
1.681582679078746645e-01
8.415305672612817534e-02
1.640446718832402340e-01
8.031907825765108311e-02
1.532382628977191907e-01
7.578754024144658541e-02
1.526745758281166099e-01
7.313539030601043378e-02
1.453362554542702856e-01
7.036562404427774975e-02
1.356867082634746202e-01
6.819821646143943428e-02
1.304521393329696466e-01
6.557573789365785111e-02
1.281248753728227996e-01
6.348929672345259012e-02
1.239653405444807732e-01
