3.846575906348562512e+03
9.686165662457794951e+02
1.847337738104667082e+01
7.264707028882780193e+00
1.147077714868587428e+01
7.478989049349017648e+00
1.783852416931059537e+01
8.085132365188355763e+00
1.335228943802729340e+01
7.507988920438319447e+00
1.608647981289203344e+01
7.449310552148848075e+00
1.372000358922568886e+01
9.042035016479704979e+00
2.304302433368605207e+01
8.100283578615917079e+00
9.167892488999433098e+00
5.530494349503578100e+00
1.360771444267250985e+01
6.257368836365992948e+00
1.105335528630953235e+01
4.492554068496317221e+00
6.673347461833095018e+00
6.332457512580371706e+00
1.780445452700503139e+01
7.494543321186127649e+00
1.135721638404722889e+01
6.944431493155435398e+00
1.613260413477090793e+01
7.978238037377507474e+00
1.585561132557838704e+01
6.255464036254519300e+00
9.128096957314623339e+00
6.107531751124991359e+00
1.578735046495952155e+01
5.528113912941098995e+00
6.907931325353191987e+00
3.387418996494180323e+00
6.638592308945095333e+00
5.155452952510333198e+00
1.386614588962025429e+01
9.238942594010586262e+00
2.254467321396245438e+01
9.667586835847831850e+00
1.578051366471235717e+01
5.710871091710164826e+00
6.867292822895755044e+00
6.066954646643817561e+00
1.825820006041083232e+01
