5.244420068918789063e-02
1.418893804153463500e-02
3.417977855870495563e-03
1.706123167702657678e-03
3.524791663364354542e-03
1.086917811229689938e-03
8.531214991250620069e-04
6.358380862046174526e-04
1.727298014413986655e-03
1.071790943030348020e-03
2.620789867898753404e-03
1.293540076366961940e-03
2.579784560701437867e-03
1.981827050229381226e-03
5.261184216967343744e-03
1.959510176992862018e-03
2.556867759586826157e-03
2.224060600466715772e-03
6.123845192717902557e-03
2.140040859322101929e-03
2.580427652650559185e-03
2.159455213850672642e-03
6.100519682751773948e-03
2.781720943647630635e-03
5.220034426384185036e-03
3.057651355455118670e-03
7.007740574153418535e-03
3.311887058692279673e-03
6.021047995290861737e-03
3.956765877546109672e-03
9.540360939833613177e-03
4.471308228454912333e-03
8.867407936076437611e-03
6.302367306633311315e-03
1.661792203902055787e-02
7.721658977372538972e-03
1.397227669010038531e-02
8.120409798601671211e-03
1.909266044343947352e-02
1.141309742964560954e-02
2.683002698005500924e-02
1.990804359604177523e-02
5.401558252577232100e-02
3.489447324167609804e-02
8.924899610441391906e-02
8.418216826734180314e-02
2.484252699576523504e-01
1.008160166980741845e+00
3.747656039203790979e+00
