1.004149928023722282e+03
7.102906153627505659e-02
7.008902205410720565e-02
6.854227978300291013e-02
6.643306980856741872e-02
6.561769217502862184e-02
6.438462086667570694e-02
6.287838107137211363e-02
6.101789830851028079e-02
6.033542354054156898e-02
5.912279010057922696e-02
5.794564206970970882e-02
5.628734965677016644e-02
5.571837550223064650e-02
5.464912917008350052e-02
5.312446052872530494e-02
5.262083632113634390e-02
5.164957465577988543e-02
5.070396187485486095e-02
4.933046393058074935e-02
4.890795079781310589e-02
4.804230003339702432e-02
4.677027052506450844e-02
4.639429059452686299e-02
4.560235155490779957e-02
4.482939759339262670e-02
4.367317413395682690e-02
4.335659393121072541e-02
4.264428024133391087e-02
4.156690267488705876e-02
4.128408795318659619e-02
4.062847333812509565e-02
3.998722195196834778e-02
3.900044799939476892e-02
