2.122930079033272705e+04
5.362696549463681549e+03
9.435641046304311885e+01
4.325344173807336290e+01
7.595275820373545628e+01
3.905491664039332989e+01
8.240405385966617757e+01
4.006871083523127908e+01
8.113524255907938709e+01
3.913869552182594447e+01
7.269344112712315109e+01
3.189777619289928623e+01
5.559104261481023457e+01
2.359936606547675808e+01
4.112913982720888129e+01
2.223151707779333108e+01
4.878678580310857882e+01
3.279467597668548962e+01
8.199303846734827061e+01
3.389549368255328687e+01
5.335130883217090059e+01
2.607829833810426123e+01
5.261101996736639563e+01
2.415042424251068098e+01
4.260601455510941804e+01
2.287300581439139080e+01
5.014046488021876513e+01
2.732085629837353125e+01
5.937458264799819574e+01
2.598381590194718527e+01
4.599379700099881774e+01
1.913255311949517079e+01
3.013738350193362336e+01
1.893107376468826430e+01
4.495875083814110695e+01
2.393767918636828540e+01
5.121377482950196480e+01
2.376529858684152074e+01
4.320666303603139369e+01
2.108409001822526463e+01
3.865320213993850018e+01
1.796242431230776759e+01
3.412329328395226469e+01
1.479793751926860068e+01
2.546488470780526825e+01
1.291771598304754853e+01
2.771997816356132915e+01
1.046030539873509113e+01
1.383643754806664639e+01
