1.347049769141287543e+05
3.504409464907268557e+04
5.421610696390572457e+02
2.870413432628774899e+02
5.776119222924306769e+02
2.753165105791237579e+02
4.997824117309011740e+02
2.351538993827494437e+02
4.381628488385869673e+02
2.203723964721928610e+02
4.369475485712378031e+02
2.234194805235597414e+02
4.425324100351047605e+02
2.086598097884529182e+02
3.886926083123801163e+02
1.954025712422794641e+02
3.925857104065458429e+02
1.774222442716860257e+02
3.303950576090513209e+02
1.639867676876597216e+02
3.232745216890719462e+02
1.590374952191184548e+02
3.030102203141144059e+02
1.378027989795739074e+02
2.485172719154184904e+02
1.212870445867234821e+02
2.416460117447361142e+02
1.279023422748459922e+02
2.613248651853683668e+02
1.216169974130135216e+02
2.245085815483057274e+02
1.143431730009317135e+02
2.224710656799968547e+02
1.095515775945226977e+02
2.249033322619065416e+02
9.156913891209977407e+01
1.447097077416013917e+02
8.156722021902186270e+01
1.802053923071358952e+02
8.464312231332331748e+01
1.497628555100025380e+02
7.631842346298165580e+01
1.564677494851748918e+02
6.736489995377914397e+01
1.167707097080811138e+02
4.866425681901614553e+01
8.097594211666842057e+01
3.518456857442419761e+01
6.299100584061724817e+01
