4.587144850452103856e+04
2.765710260118449241e+03
1.419499915161223953e+03
9.064741969173453526e+02
7.676099686833322266e+02
5.323124416607900002e+02
4.243070133333055196e+02
2.661562208303950001e+02
2.931575911746005545e+02
2.854429177226373895e+02
2.584415739031007888e+02
2.970149146382476602e+02
2.237255301069320126e+02
1.812948128588000714e+02
1.504361323132818882e+02
1.967241597627264298e+02
1.234347752314107680e+02
1.350067721470210245e+02
1.350067721470210245e+02
1.195774385054291855e+02
1.118627650534660063e+02
1.041480916015028413e+02
1.388641088730026354e+02
1.080054283274844238e+02
8.871874469757649706e+01
6.943206106766855612e+01
8.486140134042766192e+01
7.714673451963173534e+01
7.714673451963173534e+01
3.857336725981586767e+01
5.400271084815858558e+01
3.471602721825065885e+01
7.714673451963173534e+01
4.628804071177903978e+01
5.786004425855654887e+01
8.100407124561331784e+01
1.928668362990793383e+01
5.400271084815858558e+01
2.700135708187110595e+01
3.857336725981586767e+01
3.471603053383427806e+01
3.471603053383427806e+01
3.471603053383427806e+01
3.085869380785269200e+01
1.928668362990793383e+01
1.542934690392634600e+01
2.314402035588951989e+01
1.928668362990793383e+01
7.714673451963173001e+00
