1.358456123194438987e+05
3.424089984695104795e+04
5.146175585553761493e+02
2.666024276550201080e+02
5.521856650350728160e+02
2.567310497868238599e+02
4.747167113765459021e+02
2.219930745206365827e+02
4.187520263860674845e+02
2.176522251042838150e+02
4.148793366924907673e+02
2.133502155151536215e+02
4.358547253127392764e+02
1.974018896673451593e+02
3.840638765364952860e+02
1.877903503619866399e+02
3.854153496773961365e+02
1.768685507898100866e+02
3.316413832139768374e+02
1.616943260562534022e+02
3.200473991630502155e+02
1.514663277830961761e+02
2.945064935749282995e+02
1.355429727132103608e+02
2.468420773973844291e+02
1.192015536713831949e+02
2.409259688776874668e+02
1.212979659848036391e+02
2.559062507549865870e+02
1.201679416899457493e+02
2.206870927688830477e+02
1.065234634262845645e+02
2.173405665124332984e+02
1.112238932582910422e+02
2.124472968848879475e+02
8.824196691025586858e+01
1.379294273445881061e+02
7.828130460737256158e+01
1.793299156185668153e+02
8.055374712666596793e+01
1.413747018882745010e+02
7.308347450617743846e+01
1.505875547195143156e+02
6.507339165573733908e+01
1.142090595851843347e+02
4.927238831966916166e+01
7.732525476689102106e+01
3.485772526168850050e+01
6.014038080851116774e+01
