2.837570204258881273e-03
7.370196649691849664e-04
1.193874871437764900e-04
5.906493614858178578e-05
1.148082755707424837e-04
7.399476494351048099e-05
1.714728711866768493e-04
8.907590013854319445e-05
1.799954125848232266e-04
9.454815997404112467e-05
2.026755873841296779e-04
1.002389296683654411e-04
2.058572607073232065e-04
1.091973866683831895e-04
2.421592682160895939e-04
1.138667489877718658e-04
2.151420000924353718e-04
1.210237216852204779e-04
2.780805863865209852e-04
1.415689435837760933e-04
2.915777134977989870e-04
1.393814941230702320e-04
2.619027223787080672e-04
1.476611131048531688e-04
3.183571291668556118e-04
1.503913470316788287e-04
2.922791314654546771e-04
1.672055887001954128e-04
3.840526322160720441e-04
1.982140089661814722e-04
3.950214455918821428e-04
2.501883719203601615e-04
6.212205356346037471e-04
2.581640673326287476e-04
4.358644372419838301e-04
2.700709660075279513e-04
6.622812697517593654e-04
3.674044635345929195e-04
8.414326957440817351e-04
4.517799943652240301e-04
9.696591401149469826e-04
6.025298087648093322e-04
1.384365292679767823e-03
9.259319276322425674e-04
2.287340667077582095e-03
1.855838696738310338e-03
5.258342247194991957e-03
5.454770034176004145e-02
2.163492494309629532e-01
