8.319593492763417544e+02
2.098271528030219599e+02
1.733545272850047503e-01
8.654790405751483506e-02
1.649551993952380613e-01
8.189635366564733399e-02
1.548570853013304105e-01
7.497814284401856100e-02
1.502256830755554773e-01
7.422186281624106041e-02
1.422064399524158584e-01
6.875049674123560883e-02
1.361969187327580488e-01
6.484437894673347746e-02
1.303150479658383154e-01
6.156200457567425482e-02
1.236364025875466149e-01
5.930898598363487650e-02
1.152925660569413951e-01
5.663354724219935715e-02
1.138363873074120930e-01
5.460287152407154732e-02
1.076786080413729141e-01
5.149341020122935597e-02
1.030911003056054071e-01
4.926558473916377301e-02
1.001262742023244223e-01
4.895592610820832802e-02
9.609703377705910987e-02
4.692527614056594965e-02
9.261302144399122249e-02
4.563215385157237680e-02
8.768834348942461387e-02
4.386744307349734612e-02
8.386639884557858804e-02
4.131588227599855556e-02
8.153415719200531042e-02
4.062780703340028443e-02
7.848728830858224537e-02
3.852710969241768951e-02
7.802244046401858590e-02
3.766313506304086456e-02
7.523628337208507211e-02
3.595759564790191459e-02
7.241398112873988213e-02
3.438347097972926925e-02
6.949332489906492882e-02
3.338730743975893561e-02
6.699543485686475230e-02
