8.662808042743413983e-01
2.320730967223434693e-01
5.260264654707057924e-02
2.549921550031873999e-02
4.984869149576697661e-02
2.784596582850834209e-02
6.303613959175051462e-02
2.937735036653309553e-02
5.193521111395945494e-02
2.416135914583737027e-02
4.423998177440963825e-02
2.611423963447293689e-02
5.722608407801410557e-02
2.907142520160288512e-02
6.360170237305519392e-02
2.969014172391069156e-02
5.815107764451816347e-02
3.410809441002811415e-02
7.506641930800952989e-02
3.474339047839640482e-02
5.900463834069515773e-02
3.395111148473600043e-02
7.815533109388597688e-02
3.948721413889284826e-02
8.337794680893539923e-02
4.231049377928219196e-02
8.764283115276108593e-02
4.339400252444195610e-02
8.690002542699197530e-02
4.402651378649930641e-02
9.040002982239368767e-02
5.439056235524035443e-02
1.262910206772564214e-01
6.510306413432602468e-02
1.299730142401567534e-01
6.866418351761797989e-02
1.365349243562593573e-01
7.733748550273679412e-02
1.729417327031690654e-01
1.014730594311887280e-01
2.254565250182284930e-01
1.150211919300303531e-01
2.372515954910478231e-01
1.417622678497303390e-01
3.248395975388901902e-01
2.141495444561770933e-01
5.338377764100594725e-01
6.741805343111658688e-01
2.225825146208422645e+00
