4.525547325611114502e-01
9.489051252603530884e-02
1.021897792816162109e-01
6.569343060255050659e-02
5.839416012167930603e-02
3.649634867906570435e-02
3.649634867906570435e-02
2.189780957996845245e-02
7.299270015209913254e-03
7.299270015209913254e-03
0.000000000000000000e+00
1.459854003041982651e-02
0.000000000000000000e+00
7.299270015209913254e-03
0.000000000000000000e+00
0.000000000000000000e+00
0.000000000000000000e+00
0.000000000000000000e+00
0.000000000000000000e+00
0.000000000000000000e+00
0.000000000000000000e+00
0.000000000000000000e+00
7.299270015209913254e-03
7.299270015209913254e-03
0.000000000000000000e+00
0.000000000000000000e+00
7.299270015209913254e-03
7.299270015209913254e-03
0.000000000000000000e+00
0.000000000000000000e+00
0.000000000000000000e+00
7.299270015209913254e-03
0.000000000000000000e+00
0.000000000000000000e+00
0.000000000000000000e+00
7.299270015209913254e-03
0.000000000000000000e+00
0.000000000000000000e+00
7.299270015209913254e-03
0.000000000000000000e+00
0.000000000000000000e+00
0.000000000000000000e+00
0.000000000000000000e+00
0.000000000000000000e+00
0.000000000000000000e+00
0.000000000000000000e+00
7.299270015209913254e-03
7.299270015209913254e-03
0.000000000000000000e+00
0.000000000000000000e+00
0.000000000000000000e+00
0.000000000000000000e+00
0.000000000000000000e+00
0.000000000000000000e+00
0.000000000000000000e+00
0.000000000000000000e+00
0.000000000000000000e+00
0.000000000000000000e+00
7.299270015209913254e-03
7.299270015209913254e-03
0.000000000000000000e+00
0.000000000000000000e+00
0.000000000000000000e+00
0.000000000000000000e+00
0.000000000000000000e+00
0.000000000000000000e+00
0.000000000000000000e+00
0.000000000000000000e+00
0.000000000000000000e+00
7.299270015209913254e-03
0.000000000000000000e+00
0.000000000000000000e+00
0.000000000000000000e+00
0.000000000000000000e+00
0.000000000000000000e+00
0.000000000000000000e+00
0.000000000000000000e+00
7.299270015209913254e-03
0.000000000000000000e+00
0.000000000000000000e+00
0.000000000000000000e+00
0.000000000000000000e+00
0.000000000000000000e+00
0.000000000000000000e+00
0.000000000000000000e+00
0.000000000000000000e+00
0.000000000000000000e+00
0.000000000000000000e+00
0.000000000000000000e+00
0.000000000000000000e+00
0.000000000000000000e+00
0.000000000000000000e+00
0.000000000000000000e+00
0.000000000000000000e+00
0.000000000000000000e+00
0.000000000000000000e+00
0.000000000000000000e+00
0.000000000000000000e+00
0.000000000000000000e+00
0.000000000000000000e+00
