9.142021008301526308e-05
1.828404201660305262e-04
1.828404201660305262e-04
0.000000000000000000e+00
1.371303224004805088e-04
9.142021008301526308e-05
9.142021008301526308e-05
4.571010504150763154e-05
0.000000000000000000e+00
4.571010504150763154e-05
4.571010504150763154e-05
4.571010504150763154e-05
0.000000000000000000e+00
1.828404201660305262e-04
0.000000000000000000e+00
4.571010504150763154e-05
4.571010504150763154e-05
0.000000000000000000e+00
0.000000000000000000e+00
0.000000000000000000e+00
4.571010504150763154e-05
0.000000000000000000e+00
4.571010504150763154e-05
1.371303224004805088e-04
0.000000000000000000e+00
4.571010504150763154e-05
0.000000000000000000e+00
4.571010504150763154e-05
9.142021008301526308e-05
0.000000000000000000e+00
0.000000000000000000e+00
0.000000000000000000e+00
0.000000000000000000e+00
0.000000000000000000e+00
9.142021008301526308e-05
4.571010504150763154e-05
0.000000000000000000e+00
0.000000000000000000e+00
9.142021008301526308e-05
4.571010504150763154e-05
4.571010504150763154e-05
0.000000000000000000e+00
0.000000000000000000e+00
0.000000000000000000e+00
0.000000000000000000e+00
0.000000000000000000e+00
4.571010504150763154e-05
0.000000000000000000e+00
0.000000000000000000e+00
9.142021008301526308e-05
0.000000000000000000e+00
4.571010504150763154e-05
4.571010504150763154e-05
9.142021008301526308e-05
4.571010504150763154e-05
9.142021008301526308e-05
0.000000000000000000e+00
0.000000000000000000e+00
0.000000000000000000e+00
0.000000000000000000e+00
4.571010504150763154e-05
4.571010504150763154e-05
4.571010504150763154e-05
0.000000000000000000e+00
0.000000000000000000e+00
4.571010504150763154e-05
0.000000000000000000e+00
1.371303224004805088e-04
0.000000000000000000e+00
4.571010504150763154e-05
4.571010504150763154e-05
4.571010504150763154e-05
1.371303224004805088e-04
4.571010504150763154e-05
9.142021008301526308e-05
9.142021008301526308e-05
1.828404201660305262e-04
9.142021008301526308e-05
2.742606448009610176e-04
9.142021008301526308e-05
4.571010504150763154e-05
1.828404201660305262e-04
9.142021008301526308e-05
4.571010504150763154e-05
1.828404201660305262e-04
1.371303224004805088e-04
1.371303224004805088e-04
2.285505324834957719e-04
1.828404201660305262e-04
5.028111627325415611e-04
1.828404201660305262e-04
2.285505324834957719e-04
2.285505324834957719e-04
4.571010649669915438e-04
4.113909672014415264e-04
3.199707425665110350e-04
6.399414851330220699e-04
1.874114386737346649e-03
2.011244650930166245e-03
