8.270002007484436035e-01
5.957609415054321289e-02
2.501432038843631744e-02
1.603971794247627258e-02
1.069314498454332352e-02
6.874164566397666931e-03
6.301317363977432251e-03
2.291388111189007759e-03
3.246133215725421906e-03
2.864235313609242439e-03
2.291388111189007759e-03
2.291388111189007759e-03
1.909490209072828293e-03
1.527592190541327000e-03
5.728470277972519398e-04
7.637960952706634998e-04
7.637960952706634998e-04
3.818980476353317499e-04
1.336643123067915440e-03
5.728470277972519398e-04
9.547451045364141464e-04
1.909490238176658750e-04
7.637960952706634998e-04
7.637960952706634998e-04
5.728470277972519398e-04
5.728470277972519398e-04
7.637960952706634998e-04
9.547451045364141464e-04
0.000000000000000000e+00
3.818980476353317499e-04
7.637960952706634998e-04
5.728470277972519398e-04
1.909490238176658750e-04
5.728470277972519398e-04
1.909490238176658750e-04
1.909490238176658750e-04
7.637960952706634998e-04
1.909490238176658750e-04
1.909490238176658750e-04
7.637960952706634998e-04
5.728470277972519398e-04
7.637960952706634998e-04
7.637960952706634998e-04
1.909490238176658750e-04
1.909490238176658750e-04
3.818980476353317499e-04
0.000000000000000000e+00
0.000000000000000000e+00
3.818980476353317499e-04
3.818980476353317499e-04
1.909490238176658750e-04
5.728470277972519398e-04
5.728470277972519398e-04
3.818980476353317499e-04
5.728470277972519398e-04
0.000000000000000000e+00
3.818980476353317499e-04
1.909490238176658750e-04
0.000000000000000000e+00
1.909490238176658750e-04
0.000000000000000000e+00
1.909490238176658750e-04
1.909490238176658750e-04
3.818980476353317499e-04
1.909490238176658750e-04
0.000000000000000000e+00
3.818980476353317499e-04
1.909490238176658750e-04
5.728470277972519398e-04
1.909490238176658750e-04
3.818980476353317499e-04
0.000000000000000000e+00
3.818980476353317499e-04
5.728470277972519398e-04
0.000000000000000000e+00
0.000000000000000000e+00
1.909490238176658750e-04
1.909490238176658750e-04
0.000000000000000000e+00
0.000000000000000000e+00
3.818980476353317499e-04
1.909490238176658750e-04
0.000000000000000000e+00
0.000000000000000000e+00
5.728470277972519398e-04
3.818980476353317499e-04
1.909490238176658750e-04
7.637960952706634998e-04
3.818980476353317499e-04
0.000000000000000000e+00
0.000000000000000000e+00
1.909490238176658750e-04
0.000000000000000000e+00
1.909490238176658750e-04
7.637960952706634998e-04
1.909490238176658750e-04
5.728470277972519398e-04
7.637960952706634998e-04
0.000000000000000000e+00
