3.164467215538024902e-01
1.041597053408622742e-01
6.661376357078552246e-02
4.798696935176849365e-02
3.691947832703590393e-02
3.023722022771835327e-02
2.551787532866001129e-02
2.038088813424110413e-02
1.866856031119823456e-02
1.662211865186691284e-02
1.495155319571495056e-02
1.382392272353172302e-02
1.336451712995767593e-02
1.090043410658836365e-02
1.048279274255037308e-02
9.021049365401268005e-03
9.522218257188796997e-03
9.396926499903202057e-03
9.480454027652740479e-03
8.311059325933456421e-03
7.392248604446649551e-03
6.682258564978837967e-03
6.181089207530021667e-03
6.556966342031955719e-03
5.846976302564144135e-03
5.136986263096332550e-03
5.930504295974969864e-03
5.429334938526153564e-03
5.178750492632389069e-03
5.178750492632389069e-03
5.304042715579271317e-03
4.301704000681638718e-03
4.051119089126586914e-03
4.176411777734756470e-03
3.675242187455296516e-03
4.051119089126586914e-03
3.800534643232822418e-03
3.800534643232822418e-03
4.051119089126586914e-03
3.800534643232822418e-03
3.800534643232822418e-03
3.549949964508414268e-03
2.923488151282072067e-03
3.633478190749883652e-03
3.341129282489418983e-03
3.174072830006480217e-03
2.798195695504546165e-03
2.965252147987484932e-03
2.923488151282072067e-03
3.424657508730888367e-03
2.547611016780138016e-03
2.547611016780138016e-03
2.380554564297199249e-03
2.255262341350317001e-03
2.380554564297199249e-03
2.338790567591786385e-03
2.171734115108847618e-03
2.672903472557663918e-03
2.129969885572791100e-03
1.670564641244709492e-03
2.046441659331321716e-03
2.088205888867378235e-03
1.754092867486178875e-03
2.129969885572791100e-03
1.378215849399566650e-03
1.837621093727648258e-03
1.754092867486178875e-03
1.837621093727648258e-03
1.712328754365444183e-03
1.712328754365444183e-03
1.545272301882505417e-03
1.419979962520301342e-03
1.837621093727648258e-03
1.503508188761770725e-03
1.252923510037362576e-03
1.169395283795893192e-03
1.169395283795893192e-03
1.211159396916627884e-03
1.044102944433689117e-03
1.503508188761770725e-03
1.378215849399566650e-03
1.085867057554423809e-03
1.044102944433689117e-03
9.188105468638241291e-04
1.002338831312954426e-03
1.085867057554423809e-03
9.605746599845588207e-04
8.770464337430894375e-04
1.002338831312954426e-03
9.188105468638241291e-04
1.378215849399566650e-03
1.002338831312954426e-03
1.085867057554423809e-03
9.188105468638241291e-04
7.517540943808853626e-04
5.011694156564772129e-04
6.264617550186812878e-04
7.935182075016200542e-04
8.352823206223547459e-04
9.605746599845588207e-04
