5.081967115402221680e-01
7.786884903907775879e-02
5.152224749326705933e-02
2.341920323669910431e-02
1.756440289318561554e-02
1.756440289318561554e-02
1.112412195652723312e-02
1.288056187331676483e-02
7.611241191625595093e-03
7.025761064141988754e-03
8.196720853447914124e-03
7.611241191625595093e-03
8.196720853447914124e-03
7.025761064141988754e-03
5.269320681691169739e-03
7.025761064141988754e-03
4.098360426723957062e-03
2.927400404587388039e-03
3.512880532070994377e-03
3.512880532070994377e-03
5.854800809174776077e-03
5.854800692759454250e-04
3.512880532070994377e-03
1.170960138551890850e-03
3.512880532070994377e-03
2.341920277103781700e-03
1.170960138551890850e-03
2.927400404587388039e-03
2.341920277103781700e-03
1.756440266035497189e-03
1.756440266035497189e-03
1.756440266035497189e-03
1.756440266035497189e-03
1.170960138551890850e-03
3.512880532070994377e-03
2.927400404587388039e-03
2.341920277103781700e-03
2.927400404587388039e-03
4.683840554207563400e-03
3.512880532070994377e-03
2.341920277103781700e-03
5.854800692759454250e-04
1.756440266035497189e-03
0.000000000000000000e+00
4.098360426723957062e-03
2.341920277103781700e-03
2.341920277103781700e-03
1.756440266035497189e-03
5.854800692759454250e-04
0.000000000000000000e+00
2.341920277103781700e-03
1.756440266035497189e-03
2.927400404587388039e-03
1.756440266035497189e-03
1.756440266035497189e-03
3.512880532070994377e-03
1.170960138551890850e-03
5.854800692759454250e-04
2.341920277103781700e-03
5.854800692759454250e-04
2.927400404587388039e-03
1.170960138551890850e-03
2.927400404587388039e-03
2.927400404587388039e-03
5.854800692759454250e-04
1.170960138551890850e-03
5.854800692759454250e-04
1.756440266035497189e-03
2.341920277103781700e-03
2.927400404587388039e-03
5.854800692759454250e-04
4.098360426723957062e-03
1.756440266035497189e-03
1.170960138551890850e-03
5.854800692759454250e-04
5.854800692759454250e-04
1.756440266035497189e-03
2.341920277103781700e-03
2.927400404587388039e-03
3.512880532070994377e-03
1.756440266035497189e-03
1.756440266035497189e-03
1.170960138551890850e-03
3.512880532070994377e-03
1.756440266035497189e-03
1.170960138551890850e-03
2.341920277103781700e-03
3.512880532070994377e-03
2.341920277103781700e-03
1.756440266035497189e-03
1.170960138551890850e-03
2.927400404587388039e-03
3.512880532070994377e-03
2.927400404587388039e-03
4.098360426723957062e-03
5.854800809174776077e-03
1.170960138551890850e-03
5.854800809174776077e-03
1.229508221149444580e-02
