2.061337418854236603e-02
1.558572147041559219e-02
7.541478145867586136e-03
1.005530450493097305e-02
8.044243790209293365e-03
7.038712967187166214e-03
4.022121895104646683e-03
5.027652252465486526e-03
3.016591304913163185e-03
4.022121895104646683e-03
3.016591304913163185e-03
2.513826126232743263e-03
3.519356483593583107e-03
3.016591304913163185e-03
2.513826126232743263e-03
4.524887073785066605e-03
1.005530473776161671e-03
4.524887073785066605e-03
1.005530473776161671e-03
3.519356483593583107e-03
3.519356483593583107e-03
5.027652368880808353e-04
1.005530473776161671e-03
3.519356483593583107e-03
2.011060947552323341e-03
1.508295652456581593e-03
2.513826126232743263e-03
1.508295652456581593e-03
2.513826126232743263e-03
1.005530473776161671e-03
2.011060947552323341e-03
2.011060947552323341e-03
2.513826126232743263e-03
2.011060947552323341e-03
3.016591304913163185e-03
2.011060947552323341e-03
5.027652368880808353e-04
1.508295652456581593e-03
1.508295652456581593e-03
1.508295652456581593e-03
1.005530473776161671e-03
3.519356483593583107e-03
5.027652368880808353e-04
2.011060947552323341e-03
3.016591304913163185e-03
1.508295652456581593e-03
1.508295652456581593e-03
1.005530473776161671e-03
1.005530473776161671e-03
4.524887073785066605e-03
2.011060947552323341e-03
5.027652368880808353e-04
3.016591304913163185e-03
1.508295652456581593e-03
1.005530473776161671e-03
6.033182609826326370e-03
5.027652368880808353e-04
2.011060947552323341e-03
3.519356483593583107e-03
2.011060947552323341e-03
3.016591304913163185e-03
3.016591304913163185e-03
1.508295652456581593e-03
3.016591304913163185e-03
2.011060947552323341e-03
2.513826126232743263e-03
1.508295652456581593e-03
3.519356483593583107e-03
3.519356483593583107e-03
5.027652252465486526e-03
2.011060947552323341e-03
3.016591304913163185e-03
4.022121895104646683e-03
3.519356483593583107e-03
4.524887073785066605e-03
5.027652252465486526e-03
5.027652252465486526e-03
3.519356483593583107e-03
4.524887073785066605e-03
3.519356483593583107e-03
5.027652252465486526e-03
4.022121895104646683e-03
5.530417431145906448e-03
9.552539326250553131e-03
8.547008968889713287e-03
1.106083486229181290e-02
9.049774147570133209e-03
9.552539326250553131e-03
7.541478145867586136e-03
1.055806968361139297e-02
1.106083486229181290e-02
1.508295629173517227e-02
1.809954829514026642e-02
1.458019111305475235e-02
2.815485186874866486e-02
3.167420998215675354e-02
3.971845284104347229e-02
5.530417338013648987e-02
9.602815657854080200e-02
