1.548706786707043648e-04
0.000000000000000000e+00
7.743533933535218239e-05
0.000000000000000000e+00
7.743533933535218239e-05
1.161530090030282736e-04
7.743533933535218239e-05
0.000000000000000000e+00
0.000000000000000000e+00
3.871766966767609119e-05
3.871766966767609119e-05
3.871766966767609119e-05
0.000000000000000000e+00
0.000000000000000000e+00
0.000000000000000000e+00
0.000000000000000000e+00
0.000000000000000000e+00
7.743533933535218239e-05
3.871766966767609119e-05
3.871766966767609119e-05
3.871766966767609119e-05
0.000000000000000000e+00
3.871766966767609119e-05
3.871766966767609119e-05
0.000000000000000000e+00
3.871766966767609119e-05
0.000000000000000000e+00
0.000000000000000000e+00
0.000000000000000000e+00
0.000000000000000000e+00
0.000000000000000000e+00
3.871766966767609119e-05
3.871766966767609119e-05
0.000000000000000000e+00
3.871766966767609119e-05
0.000000000000000000e+00
0.000000000000000000e+00
0.000000000000000000e+00
0.000000000000000000e+00
0.000000000000000000e+00
0.000000000000000000e+00
0.000000000000000000e+00
7.743533933535218239e-05
0.000000000000000000e+00
3.871766966767609119e-05
0.000000000000000000e+00
3.871766966767609119e-05
7.743533933535218239e-05
0.000000000000000000e+00
0.000000000000000000e+00
0.000000000000000000e+00
7.743533933535218239e-05
0.000000000000000000e+00
3.871766966767609119e-05
3.871766966767609119e-05
0.000000000000000000e+00
3.871766966767609119e-05
0.000000000000000000e+00
0.000000000000000000e+00
0.000000000000000000e+00
0.000000000000000000e+00
3.871766966767609119e-05
3.871766966767609119e-05
0.000000000000000000e+00
3.871766966767609119e-05
7.743533933535218239e-05
0.000000000000000000e+00
0.000000000000000000e+00
0.000000000000000000e+00
3.871766966767609119e-05
3.871766966767609119e-05
3.871766966767609119e-05
1.161530090030282736e-04
1.161530090030282736e-04
0.000000000000000000e+00
3.871766966767609119e-05
3.871766966767609119e-05
3.871766966767609119e-05
3.871766966767609119e-05
3.871766966767609119e-05
3.871766966767609119e-05
1.161530090030282736e-04
0.000000000000000000e+00
3.871766966767609119e-05
1.161530090030282736e-04
3.871766966767609119e-05
7.743533933535218239e-05
0.000000000000000000e+00
1.548706786707043648e-04
2.710236876737326384e-04
2.710236876737326384e-04
3.871766966767609119e-05
2.323060180060565472e-04
3.097413573414087296e-04
2.710236876737326384e-04
2.323060180060565472e-04
5.807650741189718246e-04
6.969180540181696415e-04
2.013318939134478569e-03
