2.146268234355375171e-04
5.365670585888437927e-05
5.365670585888437927e-05
5.365670585888437927e-05
0.000000000000000000e+00
0.000000000000000000e+00
5.365670585888437927e-05
5.365670585888437927e-05
0.000000000000000000e+00
0.000000000000000000e+00
5.365670585888437927e-05
0.000000000000000000e+00
0.000000000000000000e+00
0.000000000000000000e+00
5.365670585888437927e-05
5.365670585888437927e-05
0.000000000000000000e+00
5.365670585888437927e-05
5.365670585888437927e-05
5.365670585888437927e-05
0.000000000000000000e+00
0.000000000000000000e+00
0.000000000000000000e+00
0.000000000000000000e+00
5.365670585888437927e-05
0.000000000000000000e+00
5.365670585888437927e-05
0.000000000000000000e+00
0.000000000000000000e+00
0.000000000000000000e+00
0.000000000000000000e+00
5.365670585888437927e-05
0.000000000000000000e+00
0.000000000000000000e+00
1.073134117177687585e-04
0.000000000000000000e+00
5.365670585888437927e-05
1.073134117177687585e-04
0.000000000000000000e+00
0.000000000000000000e+00
0.000000000000000000e+00
0.000000000000000000e+00
5.365670585888437927e-05
0.000000000000000000e+00
0.000000000000000000e+00
0.000000000000000000e+00
0.000000000000000000e+00
5.365670585888437927e-05
5.365670585888437927e-05
5.365670585888437927e-05
5.365670585888437927e-05
0.000000000000000000e+00
0.000000000000000000e+00
5.365670585888437927e-05
5.365670585888437927e-05
5.365670585888437927e-05
5.365670585888437927e-05
5.365670585888437927e-05
5.365670585888437927e-05
0.000000000000000000e+00
0.000000000000000000e+00
5.365670585888437927e-05
5.365670585888437927e-05
0.000000000000000000e+00
5.365670585888437927e-05
5.365670585888437927e-05
5.365670585888437927e-05
5.365670585888437927e-05
0.000000000000000000e+00
0.000000000000000000e+00
0.000000000000000000e+00
0.000000000000000000e+00
1.073134117177687585e-04
0.000000000000000000e+00
5.365670585888437927e-05
5.365670585888437927e-05
5.365670585888437927e-05
1.073134117177687585e-04
1.609701139386743307e-04
0.000000000000000000e+00
5.365670585888437927e-05
0.000000000000000000e+00
1.609701139386743307e-04
1.073134117177687585e-04
5.365670585888437927e-05
5.365670585888437927e-05
5.365670585888437927e-05
1.073134117177687585e-04
2.682835329324007034e-04
1.073134117177687585e-04
1.609701139386743307e-04
5.365670585888437927e-05
3.755969228222966194e-04
3.219402278773486614e-04
3.755969228222966194e-04
5.902237608097493649e-04
7.511938456445932388e-04
1.126790768466889858e-03
2.790148602798581123e-03
