3.548005595803260803e-03
4.300612781662493944e-04
8.601225563324987888e-04
4.300612781662493944e-04
9.676378685981035233e-04
4.300612781662493944e-04
3.225459659006446600e-04
2.150306390831246972e-04
2.150306390831246972e-04
4.300612781662493944e-04
4.300612781662493944e-04
3.225459659006446600e-04
2.150306390831246972e-04
7.526072440668940544e-04
6.450919318012893200e-04
2.150306390831246972e-04
2.150306390831246972e-04
4.300612781662493944e-04
2.150306390831246972e-04
0.000000000000000000e+00
4.300612781662493944e-04
3.225459659006446600e-04
5.375766195356845856e-04
1.075153195415623486e-04
3.225459659006446600e-04
4.300612781662493944e-04
0.000000000000000000e+00
5.375766195356845856e-04
1.075153195415623486e-04
0.000000000000000000e+00
1.075153195415623486e-04
1.075153195415623486e-04
8.601225563324987888e-04
3.225459659006446600e-04
2.150306390831246972e-04
1.075153195415623486e-04
3.225459659006446600e-04
2.150306390831246972e-04
1.075153195415623486e-04
2.150306390831246972e-04
3.225459659006446600e-04
2.150306390831246972e-04
1.075153195415623486e-04
2.150306390831246972e-04
1.075153195415623486e-04
4.300612781662493944e-04
4.300612781662493944e-04
5.375766195356845856e-04
2.150306390831246972e-04
3.225459659006446600e-04
2.150306390831246972e-04
3.225459659006446600e-04
2.150306390831246972e-04
3.225459659006446600e-04
4.300612781662493944e-04
4.300612781662493944e-04
3.225459659006446600e-04
1.075153195415623486e-04
2.150306390831246972e-04
2.150306390831246972e-04
2.150306390831246972e-04
2.150306390831246972e-04
2.150306390831246972e-04
2.150306390831246972e-04
2.150306390831246972e-04
2.150306390831246972e-04
3.225459659006446600e-04
4.300612781662493944e-04
2.150306390831246972e-04
4.300612781662493944e-04
7.526072440668940544e-04
5.375766195356845856e-04
3.225459659006446600e-04
4.300612781662493944e-04
7.526072440668940544e-04
4.300612781662493944e-04
4.300612781662493944e-04
1.075153195415623486e-04
7.526072440668940544e-04
5.375766195356845856e-04
8.601225563324987888e-04
3.225459659006446600e-04
6.450919318012893200e-04
1.182668493129312992e-03
8.601225563324987888e-04
1.612729858607053757e-03
9.676378685981035233e-04
1.182668493129312992e-03
1.397699117660522461e-03
1.290183863602578640e-03
1.720245112664997578e-03
2.257821848616003990e-03
2.472852356731891632e-03
2.042791107669472694e-03
3.225459717214107513e-03
5.268250592052936554e-03
6.235888693481683731e-03
8.493710309267044067e-03
1.795505918562412262e-02
