1.923076994717121124e-02
4.807692486792802811e-03
0.000000000000000000e+00
2.403846243396401405e-03
2.403846243396401405e-03
0.000000000000000000e+00
0.000000000000000000e+00
4.807692486792802811e-03
2.403846243396401405e-03
4.807692486792802811e-03
0.000000000000000000e+00
2.403846243396401405e-03
2.403846243396401405e-03
0.000000000000000000e+00
0.000000000000000000e+00
0.000000000000000000e+00
0.000000000000000000e+00
0.000000000000000000e+00
0.000000000000000000e+00
0.000000000000000000e+00
0.000000000000000000e+00
2.403846243396401405e-03
0.000000000000000000e+00
0.000000000000000000e+00
0.000000000000000000e+00
2.403846243396401405e-03
0.000000000000000000e+00
0.000000000000000000e+00
0.000000000000000000e+00
2.403846243396401405e-03
0.000000000000000000e+00
0.000000000000000000e+00
0.000000000000000000e+00
0.000000000000000000e+00
0.000000000000000000e+00
0.000000000000000000e+00
2.403846243396401405e-03
0.000000000000000000e+00
0.000000000000000000e+00
0.000000000000000000e+00
2.403846243396401405e-03
0.000000000000000000e+00
4.807692486792802811e-03
0.000000000000000000e+00
4.807692486792802811e-03
0.000000000000000000e+00
0.000000000000000000e+00
0.000000000000000000e+00
2.403846243396401405e-03
2.403846243396401405e-03
0.000000000000000000e+00
2.403846243396401405e-03
2.403846243396401405e-03
0.000000000000000000e+00
0.000000000000000000e+00
0.000000000000000000e+00
0.000000000000000000e+00
0.000000000000000000e+00
0.000000000000000000e+00
0.000000000000000000e+00
2.403846243396401405e-03
0.000000000000000000e+00
0.000000000000000000e+00
0.000000000000000000e+00
0.000000000000000000e+00
0.000000000000000000e+00
0.000000000000000000e+00
0.000000000000000000e+00
2.403846243396401405e-03
2.403846243396401405e-03
2.403846243396401405e-03
0.000000000000000000e+00
0.000000000000000000e+00
0.000000000000000000e+00
0.000000000000000000e+00
0.000000000000000000e+00
2.403846243396401405e-03
2.403846243396401405e-03
2.403846243396401405e-03
0.000000000000000000e+00
2.403846243396401405e-03
0.000000000000000000e+00
2.403846243396401405e-03
0.000000000000000000e+00
0.000000000000000000e+00
2.403846243396401405e-03
4.807692486792802811e-03
0.000000000000000000e+00
2.403846243396401405e-03
0.000000000000000000e+00
4.807692486792802811e-03
0.000000000000000000e+00
2.403846243396401405e-03
9.615384973585605621e-03
9.615384973585605621e-03
4.086538404226303101e-02
8.894230425357818604e-02
9.855769574642181396e-02
1.586538404226303101e-01
