6.960844993591308594e-02
1.615910418331623077e-02
1.678060926496982574e-02
1.180857699364423752e-02
1.305158529430627823e-02
9.322560392320156097e-03
5.593536421656608582e-03
8.079552091658115387e-03
5.593536421656608582e-03
3.729024203494191170e-03
4.972032271325588226e-03
4.972032271325588226e-03
2.486016135662794113e-03
3.729024203494191170e-03
6.836544256657361984e-03
6.836544256657361984e-03
4.350528120994567871e-03
3.729024203494191170e-03
1.243008067831397057e-03
2.486016135662794113e-03
4.350528120994567871e-03
3.107520285993814468e-03
2.486016135662794113e-03
1.864512101747095585e-03
1.243008067831397057e-03
2.486016135662794113e-03
1.864512101747095585e-03
2.486016135662794113e-03
2.486016135662794113e-03
2.486016135662794113e-03
2.486016135662794113e-03
2.486016135662794113e-03
1.243008067831397057e-03
1.243008067831397057e-03
1.864512101747095585e-03
2.486016135662794113e-03
1.243008067831397057e-03
0.000000000000000000e+00
2.486016135662794113e-03
4.350528120994567871e-03
3.107520285993814468e-03
6.215040339156985283e-04
2.486016135662794113e-03
1.864512101747095585e-03
1.864512101747095585e-03
1.243008067831397057e-03
2.486016135662794113e-03
3.729024203494191170e-03
1.243008067831397057e-03
1.243008067831397057e-03
1.864512101747095585e-03
1.243008067831397057e-03
2.486016135662794113e-03
2.486016135662794113e-03
1.243008067831397057e-03
2.486016135662794113e-03
2.486016135662794113e-03
2.486016135662794113e-03
3.107520285993814468e-03
4.972032271325588226e-03
4.972032271325588226e-03
1.243008067831397057e-03
1.243008067831397057e-03
3.107520285993814468e-03
3.729024203494191170e-03
1.864512101747095585e-03
1.864512101747095585e-03
4.972032271325588226e-03
4.350528120994567871e-03
1.864512101747095585e-03
3.107520285993814468e-03
1.864512101747095585e-03
4.972032271325588226e-03
2.486016135662794113e-03
1.864512101747095585e-03
4.350528120994567871e-03
4.350528120994567871e-03
2.486016135662794113e-03
3.729024203494191170e-03
5.593536421656608582e-03
2.486016135662794113e-03
1.243008067831397057e-03
3.729024203494191170e-03
4.350528120994567871e-03
6.215040571987628937e-03
5.593536421656608582e-03
4.972032271325588226e-03
1.056556869298219681e-02
4.972032271325588226e-03
9.944064542651176453e-03
6.215040571987628937e-03
5.593536421656608582e-03
7.458048406988382339e-03
1.678060926496982574e-02
1.988812908530235291e-02
2.299564890563488007e-02
3.356121852993965149e-02
4.909881949424743652e-02
8.079552650451660156e-02
