5.163140967488288879e-02
1.061312332749366760e-01
8.497669547796249390e-02
6.525636464357376099e-02
5.449981987476348877e-02
4.446037858724594116e-02
4.015776142477989197e-02
3.764790296554565430e-02
2.832556515932083130e-02
2.545715309679508209e-02
2.868411689996719360e-02
1.792757213115692139e-02
1.756902039051055908e-02
2.079598419368267059e-02
1.936177909374237061e-02
1.398350670933723450e-02
1.326640415936708450e-02
1.183219812810420990e-02
1.183219812810420990e-02
1.183219812810420990e-02
1.111509464681148529e-02
1.326640415936708450e-02
8.246683515608310699e-03
8.605235256254673004e-03
8.246683515608310699e-03
7.888131774961948395e-03
9.322337806224822998e-03
6.812477484345436096e-03
4.661168903112411499e-03
7.529580499976873398e-03
7.888131774961948395e-03
6.453926209360361099e-03
6.812477484345436096e-03
6.095374468713998795e-03
7.171029224991798401e-03
8.246683515608310699e-03
8.605235256254673004e-03
2.868411596864461899e-03
5.736823193728923798e-03
6.095374468713998795e-03
5.736823193728923798e-03
6.453926209360361099e-03
2.509860089048743248e-03
8.963786065578460693e-03
2.868411596864461899e-03
3.226963104680180550e-03
3.944065887480974197e-03
4.661168903112411499e-03
2.868411596864461899e-03
1.434205798432230949e-03
4.302617628127336502e-03
2.868411596864461899e-03
2.151308814063668251e-03
3.585514612495899200e-03
2.509860089048743248e-03
2.509860089048743248e-03
1.434205798432230949e-03
1.792757306247949600e-03
1.434205798432230949e-03
1.792757306247949600e-03
1.075654407031834126e-03
2.151308814063668251e-03
2.151308814063668251e-03
2.151308814063668251e-03
1.434205798432230949e-03
2.868411596864461899e-03
1.434205798432230949e-03
1.075654407031834126e-03
1.792757306247949600e-03
2.151308814063668251e-03
3.585514612495899200e-03
1.434205798432230949e-03
2.868411596864461899e-03
2.868411596864461899e-03
3.944065887480974197e-03
1.434205798432230949e-03
1.434205798432230949e-03
1.792757306247949600e-03
7.171028992161154747e-04
1.792757306247949600e-03
1.792757306247949600e-03
1.792757306247949600e-03
2.509860089048743248e-03
3.585514612495899200e-03
1.792757306247949600e-03
1.075654407031834126e-03
2.509860089048743248e-03
1.075654407031834126e-03
1.792757306247949600e-03
1.434205798432230949e-03
2.151308814063668251e-03
1.075654407031834126e-03
2.151308814063668251e-03
3.585514612495899200e-03
2.509860089048743248e-03
1.075654407031834126e-03
1.792757306247949600e-03
7.171028992161154747e-04
7.171028992161154747e-04
