1.037748064845800400e-03
1.297185081057250500e-04
6.485925405286252499e-05
1.297185081057250500e-04
6.485925405286252499e-05
1.297185081057250500e-04
1.945777621585875750e-04
6.485925405286252499e-05
0.000000000000000000e+00
1.297185081057250500e-04
0.000000000000000000e+00
6.485925405286252499e-05
0.000000000000000000e+00
0.000000000000000000e+00
6.485925405286252499e-05
0.000000000000000000e+00
6.485925405286252499e-05
1.945777621585875750e-04
0.000000000000000000e+00
6.485925405286252499e-05
0.000000000000000000e+00
1.297185081057250500e-04
6.485925405286252499e-05
0.000000000000000000e+00
0.000000000000000000e+00
0.000000000000000000e+00
0.000000000000000000e+00
6.485925405286252499e-05
6.485925405286252499e-05
0.000000000000000000e+00
0.000000000000000000e+00
0.000000000000000000e+00
6.485925405286252499e-05
6.485925405286252499e-05
1.297185081057250500e-04
6.485925405286252499e-05
1.297185081057250500e-04
0.000000000000000000e+00
6.485925405286252499e-05
6.485925405286252499e-05
1.297185081057250500e-04
0.000000000000000000e+00
1.297185081057250500e-04
0.000000000000000000e+00
1.297185081057250500e-04
6.485925405286252499e-05
6.485925405286252499e-05
1.297185081057250500e-04
6.485925405286252499e-05
0.000000000000000000e+00
0.000000000000000000e+00
1.297185081057250500e-04
6.485925405286252499e-05
0.000000000000000000e+00
6.485925405286252499e-05
6.485925405286252499e-05
0.000000000000000000e+00
1.297185081057250500e-04
1.297185081057250500e-04
0.000000000000000000e+00
0.000000000000000000e+00
0.000000000000000000e+00
1.297185081057250500e-04
6.485925405286252499e-05
0.000000000000000000e+00
0.000000000000000000e+00
0.000000000000000000e+00
0.000000000000000000e+00
6.485925405286252499e-05
0.000000000000000000e+00
0.000000000000000000e+00
6.485925405286252499e-05
1.297185081057250500e-04
0.000000000000000000e+00
0.000000000000000000e+00
0.000000000000000000e+00
6.485925405286252499e-05
1.297185081057250500e-04
6.485925405286252499e-05
1.945777621585875750e-04
2.594370162114500999e-04
1.297185081057250500e-04
6.485925405286252499e-05
2.594370162114500999e-04
3.242962702643126249e-04
1.945777621585875750e-04
1.945777621585875750e-04
3.242962702643126249e-04
1.945777621585875750e-04
1.297185081057250500e-04
1.945777621585875750e-04
2.594370162114500999e-04
6.485925405286252499e-05
2.594370162114500999e-04
7.783110486343502998e-04
5.188740324229001999e-04
1.232325797900557518e-03
2.205214696004986763e-03
3.113244194537401199e-03
