6.132881045341491699e-01
9.121192246675491333e-02
4.936103150248527527e-02
3.113076277077198029e-02
2.307552471756935120e-02
1.841196790337562561e-02
1.532311830669641495e-02
1.120465062558650970e-02
1.065956149250268936e-02
1.084125787019729614e-02
8.903155103325843811e-03
8.963720872998237610e-03
7.267882116138935089e-03
6.056568585336208344e-03
6.177700124680995941e-03
4.300163593143224716e-03
4.966386593878269196e-03
4.179032519459724426e-03
4.966386128216981888e-03
4.602991975843906403e-03
4.057900980114936829e-03
2.967718522995710373e-03
4.421294666826725006e-03
3.088849829509854317e-03
3.088850062340497971e-03
2.604324370622634888e-03
3.088849829509854317e-03
2.907152753323316574e-03
2.422627294436097145e-03
2.725455677136778831e-03
2.483193064108490944e-03
1.998667605221271515e-03
2.059233374893665314e-03
2.543758600950241089e-03
2.483193064108490944e-03
1.998667605221271515e-03
1.877536065876483917e-03
1.514142146334052086e-03
1.877536065876483917e-03
1.816970645450055599e-03
2.059233142063021660e-03
1.453576493076980114e-03
1.150747993960976601e-03
1.695839222520589828e-03
1.514142146334052086e-03
1.514142146334052086e-03
1.150747993960976601e-03
1.150747993960976601e-03
7.873538415879011154e-04
6.056568818166851997e-04
