5.200433135032653809e-01
9.696641564369201660e-02
6.229685619473457336e-02
4.117009788751602173e-02
2.654387801885604858e-02
2.275189757347106934e-02
1.570964232087135315e-02
2.383532002568244934e-02
1.570964232087135315e-02
1.245937123894691467e-02
1.408450677990913391e-02
7.583965081721544266e-03
1.516793016344308853e-02
7.042253389954566956e-03
6.500541698187589645e-03
4.875406622886657715e-03
1.029252447187900543e-02
5.417117848992347717e-03
5.417118314653635025e-03
4.875406622886657715e-03
5.958830006420612335e-03
3.791982773691415787e-03
4.875406622886657715e-03
5.958830006420612335e-03
3.791982773691415787e-03
3.791982773691415787e-03
2.166847232729196548e-03
3.250271081924438477e-03
2.166847232729196548e-03
1.625135424546897411e-03
5.417118314653635025e-03
3.791982773691415787e-03
3.791982773691415787e-03
4.333694465458393097e-03
2.166847232729196548e-03
2.708559157326817513e-03
3.250270849093794823e-03
1.083423616364598274e-03
1.083423616364598274e-03
2.166847232729196548e-03
1.625135424546897411e-03
1.625135424546897411e-03
1.083423616364598274e-03
1.625135424546897411e-03
5.417118081822991371e-04
0.000000000000000000e+00
3.250271081924438477e-03
5.417118081822991371e-04
5.417118081822991371e-04
3.250270849093794823e-03
