6.494081020355224609e-02
1.355254948139190674e-01
1.271889805793762207e-01
1.005359739065170288e-01
4.950455576181411743e-02
6.494081020355224609e-02
3.247040510177612305e-02
0.000000000000000000e+00
4.950455576181411743e-02
1.948224194347858429e-02
2.352823130786418915e-02
0.000000000000000000e+00
0.000000000000000000e+00
6.494080182164907455e-03
1.703415066003799438e-02
0.000000000000000000e+00
0.000000000000000000e+00
0.000000000000000000e+00
6.494080182164907455e-03
6.494080182164907455e-03
1.298816036432981491e-02
6.494080182164907455e-03
2.352823130786418915e-02
0.000000000000000000e+00
0.000000000000000000e+00
0.000000000000000000e+00
6.494080182164907455e-03
0.000000000000000000e+00
4.208924993872642517e-02
6.494080182164907455e-03
0.000000000000000000e+00
2.352823130786418915e-02
1.703415066003799438e-02
0.000000000000000000e+00
0.000000000000000000e+00
0.000000000000000000e+00
0.000000000000000000e+00
6.494080182164907455e-03
1.298816036432981491e-02
0.000000000000000000e+00
0.000000000000000000e+00
0.000000000000000000e+00
0.000000000000000000e+00
0.000000000000000000e+00
6.494080182164907455e-03
0.000000000000000000e+00
0.000000000000000000e+00
0.000000000000000000e+00
0.000000000000000000e+00
0.000000000000000000e+00
0.000000000000000000e+00
0.000000000000000000e+00
0.000000000000000000e+00
0.000000000000000000e+00
6.494080182164907455e-03
0.000000000000000000e+00
0.000000000000000000e+00
0.000000000000000000e+00
6.494080182164907455e-03
1.703415066003799438e-02
0.000000000000000000e+00
0.000000000000000000e+00
0.000000000000000000e+00
4.208924993872642517e-02
0.000000000000000000e+00
6.494080182164907455e-03
0.000000000000000000e+00
0.000000000000000000e+00
0.000000000000000000e+00
0.000000000000000000e+00
0.000000000000000000e+00
3.559517115354537964e-02
0.000000000000000000e+00
0.000000000000000000e+00
0.000000000000000000e+00
0.000000000000000000e+00
0.000000000000000000e+00
0.000000000000000000e+00
0.000000000000000000e+00
0.000000000000000000e+00
0.000000000000000000e+00
0.000000000000000000e+00
0.000000000000000000e+00
0.000000000000000000e+00
0.000000000000000000e+00
0.000000000000000000e+00
0.000000000000000000e+00
0.000000000000000000e+00
0.000000000000000000e+00
0.000000000000000000e+00
1.703415066003799438e-02
0.000000000000000000e+00
0.000000000000000000e+00
0.000000000000000000e+00
0.000000000000000000e+00
0.000000000000000000e+00
0.000000000000000000e+00
0.000000000000000000e+00
0.000000000000000000e+00
