1.349768834188580513e-03
7.825586944818496704e-04
2.010572468861937523e-03
1.108120544813573360e-03
1.006862148642539978e-04
2.060310798697173595e-04
2.856483333744108677e-04
3.535138966981321573e-04
2.465344732627272606e-03
8.036276558414101601e-04
1.429386087693274021e-03
8.411069284193217754e-04
1.295879133976995945e-03
9.582034545019268990e-04
7.193516939878463745e-04
8.293552673421800137e-04
7.029413827694952488e-04
1.349768834188580513e-03
1.279468997381627560e-03
1.417634543031454086e-03
2.612827345728874207e-03
3.109737765043973923e-03
2.516800072044134140e-03
2.566030947491526604e-03
3.172944765537977219e-03
2.073779469355940819e-03
1.998820574954152107e-03
2.533210208639502525e-03
3.191789612174034119e-03
2.821292961016297340e-03
3.172944765537977219e-03
3.418889828026294708e-03
2.596417209133505821e-03
8.935997262597084045e-03
3.936868626624345779e-03
6.299092900007963181e-03
6.866303738206624985e-03
7.655954454094171524e-03
4.206106998026371002e-03
4.332520999014377594e-03
1.115969289094209671e-02
7.615468930453062057e-03
8.585634641349315643e-03
1.089360751211643219e-02
1.150052063167095184e-02
2.015137672424316406e-02
1.600210182368755341e-02
2.013288065791130066e-02
3.918320685625076294e-02
7.564682364463806152e-01
