9.558822959661483765e-02
8.823529630899429321e-02
3.308823704719543457e-02
5.147058889269828796e-02
4.044117778539657593e-02
2.573529444634914398e-02
4.411764815449714661e-02
1.470588147640228271e-02
1.838235370814800262e-02
3.308823704719543457e-02
7.352940738201141357e-03
4.779411479830741882e-02
1.102941203862428665e-02
1.838235370814800262e-02
7.352940738201141357e-03
1.838235370814800262e-02
1.102941203862428665e-02
1.838235370814800262e-02
7.352940738201141357e-03
1.102941203862428665e-02
1.102941203862428665e-02
1.102941203862428665e-02
3.676470369100570679e-03
3.676470369100570679e-03
3.676470369100570679e-03
7.352940738201141357e-03
7.352940738201141357e-03
3.676470369100570679e-03
7.352940738201141357e-03
1.102941203862428665e-02
3.676470369100570679e-03
1.470588147640228271e-02
0.000000000000000000e+00
1.470588147640228271e-02
1.102941203862428665e-02
0.000000000000000000e+00
3.676470369100570679e-03
3.676470369100570679e-03
0.000000000000000000e+00
3.676470369100570679e-03
0.000000000000000000e+00
7.352940738201141357e-03
7.352940738201141357e-03
7.352940738201141357e-03
3.676470369100570679e-03
0.000000000000000000e+00
0.000000000000000000e+00
7.352940738201141357e-03
1.102941203862428665e-02
3.676470369100570679e-03
7.352940738201141357e-03
3.676470369100570679e-03
0.000000000000000000e+00
1.102941203862428665e-02
1.102941203862428665e-02
0.000000000000000000e+00
3.676470369100570679e-03
3.676470369100570679e-03
7.352940738201141357e-03
1.102941203862428665e-02
0.000000000000000000e+00
0.000000000000000000e+00
0.000000000000000000e+00
7.352940738201141357e-03
1.102941203862428665e-02
0.000000000000000000e+00
7.352940738201141357e-03
1.102941203862428665e-02
0.000000000000000000e+00
3.676470369100570679e-03
0.000000000000000000e+00
0.000000000000000000e+00
3.676470369100570679e-03
3.676470369100570679e-03
3.676470369100570679e-03
0.000000000000000000e+00
3.676470369100570679e-03
3.676470369100570679e-03
3.676470369100570679e-03
0.000000000000000000e+00
3.676470369100570679e-03
3.676470369100570679e-03
0.000000000000000000e+00
3.676470369100570679e-03
7.352940738201141357e-03
3.676470369100570679e-03
0.000000000000000000e+00
1.470588147640228271e-02
1.102941203862428665e-02
3.676470369100570679e-03
0.000000000000000000e+00
3.676470369100570679e-03
3.676470369100570679e-03
3.676470369100570679e-03
7.352940738201141357e-03
3.676470369100570679e-03
7.352940738201141357e-03
3.676470369100570679e-03
3.676470369100570679e-03
