3.109327983111143112e-03
4.012036137282848358e-03
4.413239657878875732e-03
4.212637897580862045e-03
2.006018068641424179e-03
3.209628863260149956e-03
3.911735024303197861e-03
2.808425342664122581e-03
3.510531503707170486e-03
3.911735024303197861e-03
3.911735024303197861e-03
3.711133496835827827e-03
2.206619828939437866e-03
3.209628863260149956e-03
2.607823582366108894e-03
2.306920709088444710e-03
3.711133496835827827e-03
3.610832383856177330e-03
3.109327983111143112e-03
3.410230623558163643e-03
4.012036137282848358e-03
3.009027102962136269e-03
3.510531503707170486e-03
3.109327983111143112e-03
3.610832383856177330e-03
3.410230623558163643e-03
3.009027102962136269e-03
2.908726222813129425e-03
3.109327983111143112e-03
3.009027102962136269e-03
2.708124462515115738e-03
3.811434376984834671e-03
3.711133496835827827e-03
4.613841418176889420e-03
4.212637897580862045e-03
3.209628863260149956e-03
4.112336784601211548e-03
4.112336784601211548e-03
5.416248925030231476e-03
3.711133496835827827e-03
4.312939010560512543e-03
4.513540770858526230e-03
4.312939010560512543e-03
4.714142531156539917e-03
3.911735024303197861e-03
4.513540770858526230e-03
5.215647164732217789e-03
4.613841418176889420e-03
5.616850685328245163e-03
6.118354853242635727e-03
6.018054205924272537e-03
6.619859486818313599e-03
6.018054205924272537e-03
7.522567640990018845e-03
5.817452445626258850e-03
4.814443178474903107e-03
6.318957079201936722e-03
7.723169401288032532e-03
6.820461247116327286e-03
7.723169401288032532e-03
9.327984414994716644e-03
7.522567640990018845e-03
7.823470048606395721e-03
6.820461247116327286e-03
7.221664767712354660e-03
7.622868753969669342e-03
1.003008987754583359e-02
7.923771627247333527e-03
7.823470048606395721e-03
8.826479315757751465e-03
9.628886356949806213e-03
1.003008987754583359e-02
9.929789230227470398e-03
7.422266993671655655e-03
8.926779963076114655e-03
1.213640905916690826e-02
1.113339979201555252e-02
1.123370137065649033e-02
1.243731193244457245e-02
1.334001962095499039e-02
1.434302888810634613e-02
1.203610841184854507e-02
1.434302888810634613e-02
1.494483463466167450e-02
1.504513528198003769e-02
1.554664038121700287e-02
1.855566725134849548e-02
1.664995029568672180e-02
1.835506595671176910e-02
1.925777271389961243e-02
2.146439254283905029e-02
2.036108262836933136e-02
2.216649986803531647e-02
2.778334915637969971e-02
3.309929743409156799e-02
3.991976007819175720e-02
4.684052243828773499e-02
5.406218767166137695e-02
6.379137188196182251e-02
