3.414897248148918152e-03
4.673017188906669617e-03
4.236526787281036377e-03
4.441933706402778625e-03
3.568952670320868492e-03
4.082471132278442383e-03
3.671656362712383270e-03
4.185174591839313507e-03
3.979767207056283951e-03
4.595989361405372620e-03
3.697332227602601051e-03
3.902739612385630608e-03
3.748684190213680267e-03
2.695971401408314705e-03
3.158137900754809380e-03
3.620304400101304054e-03
3.312193555757403374e-03
3.851387882605195045e-03
3.543276805430650711e-03
3.774360055103898048e-03
3.800035919994115829e-03
3.723008092492818832e-03
3.235165728256106377e-03
3.363545285537838936e-03
3.440573113039135933e-03
3.800035919994115829e-03
3.774360055103898048e-03
3.723008092492818832e-03
3.671656362712383270e-03
3.697332227602601051e-03
3.671656362712383270e-03
3.697332227602601051e-03
4.236526787281036377e-03
3.414897248148918152e-03
3.851387882605195045e-03
4.108146764338016510e-03
3.851387882605195045e-03
4.698693286627531052e-03
4.621665459126234055e-03
4.493285901844501495e-03
3.851387882605195045e-03
4.467609804123640060e-03
3.877063747495412827e-03
4.775720648467540741e-03
4.852748475968837738e-03
5.391942802816629410e-03
4.544637631624937057e-03
5.545998457819223404e-03
4.929776303470134735e-03
5.058155860751867294e-03
5.854109302163124084e-03
5.648701917380094528e-03
5.725729744881391525e-03
5.571674555540084839e-03
5.777081474661827087e-03
6.008164957165718079e-03
6.136544514447450638e-03
5.956813227385282516e-03
7.214933168143033981e-03
7.060877513140439987e-03
6.855470128357410431e-03
7.368988823145627975e-03
8.139266632497310638e-03
7.625747937709093094e-03
8.627108298242092133e-03
8.216293528676033020e-03
7.959534414112567902e-03
1.011631172150373459e-02
8.806840516626834869e-03
9.577117860317230225e-03
1.014198828488588333e-02
1.037307083606719971e-02
1.114334911108016968e-02
1.021901518106460571e-02
1.178524643182754517e-02
1.186227425932884216e-02
1.214470993727445602e-02
1.286363508552312851e-02
1.268390379846096039e-02
1.335147768259048462e-02
1.435283850878477097e-02
1.437851414084434509e-02
1.430148631334304810e-02
1.604744978249073029e-02
1.458392199128866196e-02
1.620150543749332428e-02
1.622718013823032379e-02
1.715151406824588776e-02
1.751097664237022400e-02
1.982180960476398468e-02
2.295427210628986359e-02
2.233804948627948761e-02
2.603538148105144501e-02
2.885973267257213593e-02
3.348139673471450806e-02
4.215985909104347229e-02
4.847613349556922913e-02
5.574242025613784790e-02
5.707756802439689636e-02
