3.307934105396270752e-01
2.201257795095443726e-01
9.996371716260910034e-02
6.234881654381752014e-02
3.453072160482406616e-02
2.618529275059700012e-02
1.693275198340415955e-02
1.499758101999759674e-02
1.366715040057897568e-02
9.796806611120700836e-03
8.647798560559749603e-03
8.587324991822242737e-03
7.014997769147157669e-03
7.559264544397592545e-03
6.410256493836641312e-03
6.349782459437847137e-03
4.354136530309915543e-03
4.293662495911121368e-03
3.870343556627631187e-03
4.414610564708709717e-03
2.963231643661856651e-03
3.507498884573578835e-03
2.721335273236036301e-03
3.326076548546552658e-03
3.265602281317114830e-03
3.023705910891294479e-03
2.479438902810215950e-03
2.660861238837242126e-03
2.418964635580778122e-03
2.056119963526725769e-03
3.144653979688882828e-03
2.418964635580778122e-03
2.116593997925519943e-03
2.298016333952546120e-03
1.511852955445647240e-03
2.237542299553751945e-03
1.874697627499699593e-03
1.814223476685583591e-03
2.298016333952546120e-03
2.539912937209010124e-03
1.874697627499699593e-03
1.693275291472673416e-03
2.116593997925519943e-03
1.935171778313815594e-03
1.088534132577478886e-03
1.693275291472673416e-03
1.693275291472673416e-03
1.935171778313815594e-03
1.330430619418621063e-03
1.149008166976273060e-03
1.572326989844441414e-03
1.330430619418621063e-03
1.390904653817415237e-03
1.753749442286789417e-03
1.390904653817415237e-03
1.149008166976273060e-03
2.237542299553751945e-03
1.451378804631531239e-03
1.269956468604505062e-03
1.632801140658557415e-03
1.390904653817415237e-03
1.693275291472673416e-03
1.209482317790389061e-03
1.451378804631531239e-03
7.861634949222207069e-04
1.209482317790389061e-03
5.442670662887394428e-04
1.632801140658557415e-03
9.675858891569077969e-04
1.632801140658557415e-03
7.256894023157656193e-04
1.028059981763362885e-03
1.269956468604505062e-03
9.071117383427917957e-04
7.256894023157656193e-04
1.088534132577478886e-03
7.256894023157656193e-04
6.652153097093105316e-04
3.628447011578828096e-04
3.628447011578828096e-04
1.814223505789414048e-04
6.652153097093105316e-04
3.628447011578828096e-04
5.442670662887394428e-04
4.837929445784538984e-04
4.233188228681683540e-04
4.837929445784538984e-04
6.047411588951945305e-04
6.047411588951945305e-04
5.442670662887394428e-04
1.814223505789414048e-04
1.814223505789414048e-04
1.814223505789414048e-04
1.209482361446134746e-04
1.814223505789414048e-04
1.209482361446134746e-04
6.047411807230673730e-05
2.418964722892269492e-04
1.814223505789414048e-04
