3.122420907020568848e-01
2.374140322208404541e-01
9.133425354957580566e-02
4.181567952036857605e-02
2.751031704246997833e-02
1.980742812156677246e-02
1.650618948042392731e-02
1.292984839528799057e-02
9.628610685467720032e-03
9.078404866158962250e-03
6.877579260617494583e-03
9.353507310152053833e-03
6.877579260617494583e-03
8.253094740211963654e-03
6.327372975647449493e-03
5.502063315361738205e-03
4.401650745421648026e-03
5.777166225016117096e-03
4.401650745421648026e-03
4.676753655076026917e-03
6.877579260617494583e-03
3.301237942650914192e-03
4.401650745421648026e-03
3.851444227620959282e-03
2.475928515195846558e-03
4.676753655076026917e-03
6.327372975647449493e-03
3.301237942650914192e-03
2.475928515195846558e-03
4.676753655076026917e-03
1.925722113810479641e-03
1.375515828840434551e-03
4.401650745421648026e-03
1.925722113810479641e-03
3.576341085135936737e-03
2.751031657680869102e-03
3.301237942650914192e-03
2.200825372710824013e-03
1.650618971325457096e-03
2.751031657680869102e-03
1.650618971325457096e-03
3.576341085135936737e-03
2.475928515195846558e-03
2.751031657680869102e-03
3.301237942650914192e-03
2.200825372710824013e-03
1.100412686355412006e-03
1.650618971325457096e-03
2.200825372710824013e-03
2.200825372710824013e-03
3.576341085135936737e-03
2.751031657680869102e-03
1.650618971325457096e-03
3.301237942650914192e-03
8.253094856627285480e-04
1.100412686355412006e-03
2.475928515195846558e-03
2.200825372710824013e-03
3.026134800165891647e-03
1.925722113810479641e-03
1.650618971325457096e-03
5.502063431777060032e-04
8.253094856627285480e-04
1.375515828840434551e-03
1.650618971325457096e-03
1.100412686355412006e-03
1.925722113810479641e-03
0.000000000000000000e+00
8.253094856627285480e-04
5.502063431777060032e-04
1.925722113810479641e-03
8.253094856627285480e-04
1.100412686355412006e-03
1.375515828840434551e-03
2.475928515195846558e-03
1.100412686355412006e-03
1.375515828840434551e-03
2.200825372710824013e-03
8.253094856627285480e-04
8.253094856627285480e-04
5.502063431777060032e-04
0.000000000000000000e+00
8.253094856627285480e-04
1.100412686355412006e-03
1.650618971325457096e-03
1.925722113810479641e-03
8.253094856627285480e-04
2.751031715888530016e-04
1.650618971325457096e-03
5.502063431777060032e-04
8.253094856627285480e-04
8.253094856627285480e-04
2.475928515195846558e-03
1.100412686355412006e-03
2.751031715888530016e-04
5.502063431777060032e-04
8.253094856627285480e-04
1.100412686355412006e-03
1.925722113810479641e-03
