2.434584796428680420e-01
1.598407328128814697e-01
7.508532702922821045e-02
4.323094338178634644e-02
2.844141051173210144e-02
2.047781646251678467e-02
2.445961348712444305e-02
2.275312878191471100e-02
1.080773584544658661e-02
1.365187671035528183e-02
7.963594980537891388e-03
9.670079685747623444e-03
1.080773584544658661e-02
1.592718996107578278e-02
9.670079685747623444e-03
1.365187671035528183e-02
9.101251140236854553e-03
7.394766900688409805e-03
8.532423526048660278e-03
9.101251140236854553e-03
9.101251140236854553e-03
7.394766900688409805e-03
8.532423526048660278e-03
5.688282195478677750e-03
5.688282195478677750e-03
4.550625570118427277e-03
6.825938355177640915e-03
3.412969177588820457e-03
6.257110275328159332e-03
4.550625570118427277e-03
6.257110275328159332e-03
4.550625570118427277e-03
4.550625570118427277e-03
5.688282195478677750e-03
3.412969177588820457e-03
4.550625570118427277e-03
2.275312785059213638e-03
4.550625570118427277e-03
3.412969177588820457e-03
4.550625570118427277e-03
1.706484588794410229e-03
5.688282195478677750e-03
5.119454115629196167e-03
1.706484588794410229e-03
1.706484588794410229e-03
2.275312785059213638e-03
3.412969177588820457e-03
3.412969177588820457e-03
4.550625570118427277e-03
3.412969177588820457e-03
3.981797490268945694e-03
3.412969177588820457e-03
5.119454115629196167e-03
3.981797490268945694e-03
2.275312785059213638e-03
2.275312785059213638e-03
2.844141097739338875e-03
1.706484588794410229e-03
2.844141097739338875e-03
3.412969177588820457e-03
2.275312785059213638e-03
1.706484588794410229e-03
2.275312785059213638e-03
1.706484588794410229e-03
3.412969177588820457e-03
4.550625570118427277e-03
1.706484588794410229e-03
2.844141097739338875e-03
2.275312785059213638e-03
5.119454115629196167e-03
2.275312785059213638e-03
5.688282195478677750e-03
1.137656392529606819e-03
1.706484588794410229e-03
1.137656392529606819e-03
2.275312785059213638e-03
2.844141097739338875e-03
2.275312785059213638e-03
2.844141097739338875e-03
5.688281962648034096e-04
0.000000000000000000e+00
2.275312785059213638e-03
1.137656392529606819e-03
5.688281962648034096e-04
1.706484588794410229e-03
1.706484588794410229e-03
3.981797490268945694e-03
1.706484588794410229e-03
1.137656392529606819e-03
2.275312785059213638e-03
1.137656392529606819e-03
1.706484588794410229e-03
1.706484588794410229e-03
2.275312785059213638e-03
1.137656392529606819e-03
2.844141097739338875e-03
2.275312785059213638e-03
2.275312785059213638e-03
1.706484588794410229e-03
