3.259464502334594727e-01
1.819021254777908325e-01
8.254847675561904907e-02
4.635272547602653503e-02
2.696214243769645691e-02
2.123730443418025970e-02
1.662049815058708191e-02
1.846722140908241272e-02
9.787626564502716064e-03
1.108033210039138794e-02
1.348107121884822845e-02
9.602954611182212830e-03
7.940905168652534485e-03
6.832871586084365845e-03
9.602954611182212830e-03
7.386888377368450165e-03
6.463527213782072067e-03
5.724838469177484512e-03
6.094182841479778290e-03
6.094182841479778290e-03
3.693444188684225082e-03
5.170821677893400192e-03
3.693444188684225082e-03
4.062788560986518860e-03
5.355494096875190735e-03
4.986149724572896957e-03
4.432132933288812637e-03
5.355494096875190735e-03
4.062788560986518860e-03
3.324099816381931305e-03
4.062788560986518860e-03
3.508772002533078194e-03
3.508772002533078194e-03
3.139427630230784416e-03
3.324099816381931305e-03
2.031394280493259430e-03
3.139427630230784416e-03
1.662049908190965652e-03
3.139427630230784416e-03
2.770083025097846985e-03
2.770083025097846985e-03
1.477377605624496937e-03
2.031394280493259430e-03
1.662049908190965652e-03
2.216066466644406319e-03
4.062788560986518860e-03
2.585410838946700096e-03
2.216066466644406319e-03
2.400738652795553207e-03
2.400738652795553207e-03
1.292705419473350048e-03
2.770083025097846985e-03
2.770083025097846985e-03
1.846722094342112541e-03
1.477377605624496937e-03
1.292705419473350048e-03
2.954755211248993874e-03
1.108033233322203159e-03
1.108033233322203159e-03
1.662049908190965652e-03
9.233610471710562706e-04
2.216066466644406319e-03
2.031394280493259430e-03
9.233610471710562706e-04
1.477377605624496937e-03
1.477377605624496937e-03
2.585410838946700096e-03
1.292705419473350048e-03
2.585410838946700096e-03
9.233610471710562706e-04
1.846722094342112541e-03
9.233610471710562706e-04
7.386888028122484684e-04
1.292705419473350048e-03
1.292705419473350048e-03
1.292705419473350048e-03
2.216066466644406319e-03
1.477377605624496937e-03
1.292705419473350048e-03
9.233610471710562706e-04
1.477377605624496937e-03
2.585410838946700096e-03
3.693444014061242342e-04
1.108033233322203159e-03
1.477377605624496937e-03
1.108033233322203159e-03
1.662049908190965652e-03
2.216066466644406319e-03
3.693444014061242342e-04
2.400738652795553207e-03
7.386888028122484684e-04
1.662049908190965652e-03
7.386888028122484684e-04
1.108033233322203159e-03
1.662049908190965652e-03
3.693444188684225082e-03
2.031394280493259430e-03
2.770083025097846985e-03
2.400738652795553207e-03
