1.038286834955215454e-03
1.362751470878720284e-03
1.168072689324617386e-03
9.085009805858135223e-04
7.787151262164115906e-04
1.557430252432823181e-03
1.297858543694019318e-03
3.244646359235048294e-04
3.244646359235048294e-04
8.436080534011125565e-04
6.489292718470096588e-04
7.138221990317106247e-04
4.542504902929067612e-04
1.946787815541028976e-04
5.191434174776077271e-04
4.542504902929067612e-04
5.191434174776077271e-04
2.595717087388038635e-04
1.946787815541028976e-04
3.893575631082057953e-04
4.542504902929067612e-04
2.595717087388038635e-04
4.542504902929067612e-04
3.244646359235048294e-04
5.191434174776077271e-04
4.542504902929067612e-04
4.542504902929067612e-04
2.595717087388038635e-04
5.191434174776077271e-04
2.595717087388038635e-04
3.893575631082057953e-04
4.542504902929067612e-04
1.297858543694019318e-04
4.542504902929067612e-04
5.191434174776077271e-04
6.489292718470096588e-05
3.244646359235048294e-04
3.893575631082057953e-04
5.840363446623086929e-04
3.244646359235048294e-04
3.893575631082057953e-04
8.436080534011125565e-04
4.542504902929067612e-04
2.595717087388038635e-04
5.191434174776077271e-04
5.840363446623086929e-04
5.840363446623086929e-04
3.893575631082057953e-04
3.244646359235048294e-04
5.191434174776077271e-04
6.489292718470096588e-04
5.840363446623086929e-04
3.244646359235048294e-04
7.138221990317106247e-04
6.489292718470096588e-04
6.489292718470096588e-04
7.787151262164115906e-04
7.138221990317106247e-04
6.489292718470096588e-04
1.232965616509318352e-03
1.038286834955215454e-03
7.787151262164115906e-04
1.362751470878720284e-03
1.232965616509318352e-03
1.297858543694019318e-03
1.103179762139916420e-03
1.038286834955215454e-03
1.622323179617524147e-03
1.232965616509318352e-03
1.427644398063421249e-03
1.103179762139916420e-03
1.687216106802225113e-03
1.622323179617524147e-03
1.557430252432823181e-03
1.492537325248122215e-03
1.817001961171627045e-03
1.946787815541028976e-03
1.622323179617524147e-03
2.660610014572739601e-03
2.465931233018636703e-03
2.790395868942141533e-03
2.336145378649234772e-03
2.790395868942141533e-03
2.855288796126842499e-03
3.309539286419749260e-03
4.282933194190263748e-03
4.023361485451459885e-03
4.542504902929067612e-03
5.710577592253684998e-03
6.813757121562957764e-03
7.073328830301761627e-03
1.051265373826026917e-02
1.219987031072378159e-02
1.492537278681993484e-02
2.264763228595256805e-02
2.991563826799392700e-02
4.386761784553527832e-02
7.008436322212219238e-02
1.486047953367233276e-01
