1.693487722285000607e+06
4.355281694527459331e+05
3.978083814248971066e+03
1.694337339433223178e+03
2.691091317889926358e+03
1.450185908752706837e+03
3.064190325258713074e+03
1.619453696075319385e+03
3.273443509757806623e+03
1.588351703496747177e+03
2.914057012607208890e+03
1.323161427286508342e+03
2.457934209654897131e+03
1.311959677365622611e+03
2.728697250769881521e+03
1.142559307714975830e+03
1.784649490988585285e+03
9.920941970385990771e+02
2.234074009147922879e+03
1.024278433199073334e+03
1.741111824300338867e+03
9.104829982905483803e+02
1.922306448415967225e+03
9.314090508068439931e+02
1.906021839618484137e+03
7.241158573761556454e+02
1.060275375232672332e+03
7.593038013186480839e+02
1.994575642665987743e+03
8.147785423070139359e+02
1.294984539639362765e+03
6.034808687349694765e+02
1.171740132494813679e+03
4.793278981466621644e+02
7.152864520660533572e+02
2.687761620159655536e+02
3.607299307522134768e+02
2.709771269503276585e+02
6.991640811844504242e+02
4.477864877426382009e+02
1.049403451420203737e+03
3.624026191791172664e+02
3.481059315964124039e+02
2.654009528010687404e+02
6.977672578468581150e+02
3.297450172065196625e+02
6.005884300815292818e+02
3.013903324498217557e+02
5.805728778154368683e+02
