1.798986615488771035e+00
4.676456257175430342e-01
1.175799322403238562e-01
5.792523319395257581e-02
1.125743162023858240e-01
5.906895228771618517e-02
1.293209549169190009e-01
5.498650518820796113e-02
9.561720885208675746e-02
5.942078844648732150e-02
1.406282026746706049e-01
7.038477310966510803e-02
1.370951759078052334e-01
6.962074283167453415e-02
1.431691013923930278e-01
7.575460432962795310e-02
1.576799204444747082e-01
8.349325201763091453e-02
1.721181868798106751e-01
8.095956956924739434e-02
1.544480237107788978e-01
8.512314622430211530e-02
1.904613499627006157e-01
9.872350877602642516e-02
2.049465606256362371e-01
9.683394100068623556e-02
1.835569751820224638e-01
1.067507821616619640e-01
2.487266529528440184e-01
1.233116273431710819e-01
2.488525211014597227e-01
1.312585314448395657e-01
2.809882291608666316e-01
1.578448205929624815e-01
3.403571803041318122e-01
1.771815884929865137e-01
3.516557702060922885e-01
2.007173854925091705e-01
4.590184874810527282e-01
2.506150511182571039e-01
5.184873335139215111e-01
2.960758967514015572e-01
6.483079745638805624e-01
3.901591296768580075e-01
8.763967636173000120e-01
5.397657188469275891e-01
1.257488555093230875e+00
1.870829446790694295e+00
6.068287984708099714e+00
