1.769500547491883844e+04
4.433145977203401344e+03
3.814233729343900148e+00
1.825988342255853825e+00
3.517707601404572060e+00
1.695083600148689307e+00
3.377296057893266035e+00
1.622502943923513685e+00
3.144655021916450632e+00
1.513506852809315406e+00
2.965104471010352238e+00
1.473664345380570007e+00
2.884892538028316356e+00
1.419526993699288475e+00
2.749795954226939898e+00
1.341733940004937065e+00
2.602013721714021344e+00
1.264900635126083195e+00
2.512726220597776727e+00
1.219716660645307815e+00
2.434677091319143116e+00
1.146879146802242788e+00
2.263438119077188837e+00
1.130591321284692308e+00
2.152859415536449994e+00
1.093113594949324252e+00
2.135179005691686172e+00
1.031613796708466646e+00
2.018988346470595552e+00
9.720057898451017753e-01
1.911176280199386346e+00
9.730596422100776799e-01
1.863431362329630581e+00
9.092510231042445490e-01
1.832452380548629467e+00
8.857847309205610919e-01
1.734285092019868024e+00
8.778837618815686916e-01
1.699398651445397368e+00
8.304203983906156550e-01
1.611073182719365837e+00
8.100774578658884728e-01
1.605103767018781324e+00
7.775171932521343088e-01
1.529969765738013132e+00
7.405945079443831958e-01
1.504658391006428397e+00
7.380801709010800238e-01
1.454925173065054755e+00
