2.019007198172580522e-03
5.271462715011908167e-04
8.738451969962903669e-05
4.103428077234698239e-05
8.115836269640853561e-05
4.649727954679968851e-05
1.079401784966443992e-04
4.369127696715266202e-05
6.408030162253483325e-05
3.321738471948687619e-05
6.819186636440159068e-05
4.734201136122468659e-05
1.217976705171186752e-04
5.689865566611795980e-05
1.019240333427209676e-04
4.878130660046569808e-05
9.090477358905545331e-05
6.418104762469974416e-05
1.714862747839167485e-04
6.813504332514530787e-05
9.739993851581052486e-05
6.685382830015775641e-05
1.661312772816028965e-04
7.749757409200198487e-05
1.494851586828423206e-04
8.991827314934673046e-05
2.064530274021539476e-04
9.569529513920551256e-05
1.837700872110915493e-04
1.163665346583171348e-04
2.902893430028401049e-04
1.413961565083166820e-04
2.756503217960369254e-04
1.567145101338143320e-04
3.539939493540920131e-04
1.886716367901500801e-04
3.942309655312996319e-04
2.259403729712988870e-04
5.529304643749742175e-04
2.884954906699365340e-04
5.916907843051236356e-04
3.910753281170794107e-04
9.994112601640775268e-04
5.929097675704841398e-04
1.340362841660274135e-03
1.086962250858707199e-03
3.037028419786799716e-03
2.784955952906613061e-02
1.088982084883612783e-01
