8.511458292631652148e+04
2.100668238953419495e+04
2.297583888510829695e+02
1.166885411703621855e+02
2.360285835160700003e+02
1.131830513351074359e+02
2.255230696273608828e+02
1.155009368606172444e+02
2.467431622068713182e+02
1.141880042942478042e+02
2.122659301767462239e+02
1.039919630182537844e+02
2.200546669561640272e+02
1.054988503649708349e+02
2.152333796152099694e+02
1.042803208822572429e+02
2.050235997412393942e+02
1.007715224362713826e+02
1.914931203297539355e+02
1.110095145303193078e+02
2.457078417470634406e+02
1.106314140898544025e+02
1.897875682843201730e+02
9.141470959900487969e+01
1.750287936509418216e+02
9.700041765629724466e+01
2.131961156248633245e+02
9.922263932810099618e+01
1.858686499242946866e+02
9.560205613714363437e+01
2.004754367250191081e+02
9.287407453325917572e+01
1.797981408271369332e+02
7.972421911026252417e+01
1.470192941734466672e+02
8.002806741621773767e+01
1.692753020810106079e+02
7.462950729984584086e+01
1.373832380160536104e+02
7.158964657227292605e+01
1.599715492555363312e+02
8.016172105455591179e+01
1.598679067268181200e+02
6.914184388082368571e+01
1.246318394209454397e+02
6.821434107404151348e+01
1.464414907259693734e+02
7.063597210674247151e+01
1.425850101745747622e+02
