1.770454492599271180e+04
4.422862345345482936e+03
3.822268546223113184e+00
1.856560763336601472e+00
3.590170993669686172e+00
1.721041752878635922e+00
3.426679823868156394e+00
1.646592961101115860e+00
3.249863330721277421e+00
1.536723956480518183e+00
3.017865508603919444e+00
1.498066383967372017e+00
2.922762978066185013e+00
1.396427666604009632e+00
2.728221532656619708e+00
1.347540244948645105e+00
2.614158967635936470e+00
1.304728647106817574e+00
2.467654462792638004e+00
1.257803351491411981e+00
2.387369484838394396e+00
1.205892997326762694e+00
2.355344377600735228e+00
1.155637657721090727e+00
2.237917520307846964e+00
1.071974116080764761e+00
2.108148402126809984e+00
1.031291413496361997e+00
2.043818236818889300e+00
9.888509449335546320e-01
1.993554279685729735e+00
9.701695392164590981e-01
1.912763916215789006e+00
9.092262342432605449e-01
1.785178657505024580e+00
8.939077423595623850e-01
1.743153433794036200e+00
8.600779841979357965e-01
1.684831012442249198e+00
8.301753473323681964e-01
1.673789179515234871e+00
8.161902965199565596e-01
1.577918031002479848e+00
7.774090733703717948e-01
1.549808088357063296e+00
7.598155576487104490e-01
1.461917310759345945e+00
7.249172082913978299e-01
1.441539058558432451e+00
