2.773734381352546188e+04
7.046743334089675955e+03
7.546010249819347848e+01
4.073300759877655963e+01
8.539217144923037495e+01
3.568590062861636625e+01
5.682990453696282174e+01
3.544945263213444520e+01
8.231690121753369738e+01
3.714674944056298500e+01
6.408198681341431779e+01
3.800631368703927393e+01
8.772613445297405121e+01
3.814991205427595133e+01
6.435476601229677840e+01
2.545226844849462466e+01
3.933006138358692994e+01
2.436037497992361978e+01
5.997531473077724229e+01
2.678009206643796603e+01
4.856992052119957037e+01
2.263647150606383107e+01
4.146894255295944731e+01
2.461185831012885572e+01
5.814898407261206614e+01
2.171078447661149369e+01
2.988734050205293613e+01
2.049266828529085060e+01
5.392648683245626273e+01
2.225494499676348070e+01
3.597347983933798332e+01
2.071673958648068492e+01
4.836376696570680167e+01
2.325432984481059151e+01
4.450388853294575142e+01
2.625100062214944074e+01
5.800602308654798378e+01
2.474005369921837527e+01
3.931597400846549561e+01
1.800620064921021779e+01
3.235712802535098120e+01
1.852655990556917942e+01
4.323928764132992342e+01
1.960743506875477848e+01
3.590412367434388585e+01
1.573272866555583072e+01
2.724062907539060419e+01
1.681453941745038705e+01
3.804501695408578854e+01
