1.446062373563334447e+00
6.025259730518116585e-01
6.795154305588111399e-01
8.234521759171381516e-01
8.201048115245717085e-01
9.138310909944030724e-01
9.573468280977659450e-01
1.107978455197171419e+00
1.251915124077525476e+00
1.041031014389898202e+00
1.188315200618764278e+00
1.104630937848659178e+00
1.124715200682030458e+00
1.114673183982304083e+00
1.278694115696029199e+00
1.221788844544428043e+00
1.395851792957879534e+00
1.345641403547356729e+00
1.345641403547356729e+00
1.382462335387613983e+00
1.422630708098410635e+00
1.506315047346488356e+00
1.472841250464879126e+00
1.610083419994018827e+00
1.600041250338346988e+00
1.754020165352345950e+00
1.737283266911541224e+00
1.978293656132265932e+00
1.904651639495805515e+00
2.008420012143336209e+00
2.366588231581856494e+00
2.249430248408115229e+00
2.473704198055871828e+00
2.527261722425042656e+00
2.821830094882775253e+00
2.657809010213104006e+00
3.179998161365349851e+00
3.317240330894489997e+00
3.400924670142567940e+00
3.568292736814941080e+00
4.077092736308812526e+00
4.816860496499900002e+00
5.288839105285677356e+00
5.944922832140577817e+00
7.176754152252569519e+00
9.272205944514523068e+00
1.280702457853596243e+01
1.465142365896557308e+01
3.249623707825000452e+01
