1.499898755221577059e-03
7.741412688961684611e-04
3.870706632082384279e-04
3.870706344480842305e-04
3.386868231171700615e-04
9.676765717401335318e-04
4.838382858700667659e-04
7.741413264164768559e-04
6.773736462343401231e-04
7.741413264164768559e-04
6.289898061432717567e-04
7.741413264164768559e-04
7.257574863254084895e-04
4.838382858700667659e-04
6.773736462343401231e-04
3.870706344480842305e-04
5.322221259611351323e-04
3.870706344480842305e-04
7.741413264164768559e-04
8.709089490783051939e-04
5.806059660522034987e-04
6.289898061432717567e-04
7.741412688961684611e-04
5.806059660522034987e-04
1.161211932104406997e-03
1.016060354310893612e-03
1.209595714675166861e-03
6.289898061432717567e-04
1.257979612286543513e-03
9.192927891693735603e-04
8.225251089872368275e-04
9.676765717401335318e-04
1.064444366962886837e-03
1.306363509897920383e-03
1.112828149533646917e-03
1.257979612286543513e-03
9.676765717401335318e-04
1.451514857610200406e-03
1.548282652832953712e-03
2.467575442002327164e-03
2.806262150078880652e-03
2.612727019795840766e-03
3.677171156677494241e-03
4.644847728417627990e-03
6.773736462343401231e-03
8.515554935703094699e-03
1.349908868195357631e-02
3.009474312973552806e-02
8.805373871529567076e-01
