1.447513918936676136e+00
6.033184645353234510e-01
6.799208059095269707e-01
8.237909034837630484e-01
8.204802033999682997e-01
9.147020410389257172e-01
9.578672508380220441e-01
1.108740770202464976e+00
1.252592544288957610e+00
1.041805146465143439e+00
1.188895789483898735e+00
1.105375022665995743e+00
1.125477582488317863e+00
1.115156993500994842e+00
1.279389798229843223e+00
1.222194186080377110e+00
1.396402513107195320e+00
1.346046797168242826e+00
1.346367073256531377e+00
1.383333400958357107e+00
1.423211469443614430e+00
1.506913931350066127e+00
1.473633704262442556e+00
1.610652126241187254e+00
1.601220919314419344e+00
1.755072775331613544e+00
1.738481088148266629e+00
1.978940987699799647e+00
1.905946371685500962e+00
2.009327489533958122e+00
2.367447277231629954e+00
2.250416238866534524e+00
2.474708509093925812e+00
2.528489793367569405e+00
2.823034469582176520e+00
2.659140264429360467e+00
3.180972562191300756e+00
3.318710065579808521e+00
3.402431158931780608e+00
3.570870204960523431e+00
4.079790449039997213e+00
4.819486552409155244e+00
5.292589459253539630e+00
5.949611217755430559e+00
7.183669477202459852e+00
9.280984507133727135e+00
1.282089078942784077e+01
1.468255221683634382e+01
3.348500299565750993e+01
