1.585893987571599428e+06
6.697591302838885167e+04
5.134820179221201397e+04
4.146127857346832752e+04
2.647143310203339570e+04
2.647143310203339570e+04
1.945490775725033745e+04
1.722237951327567134e+04
1.993330901342879952e+04
1.403304875694408838e+04
1.052478705086357149e+04
1.100318637442000545e+04
1.164105213916191860e+04
9.727454844936182781e+03
1.148158569797643941e+04
8.611188790326823437e+03
9.567988403750703583e+03
9.408521962565226204e+03
8.611188790326823437e+03
8.292256874266880914e+03
8.132790433081402625e+03
6.538124088604597091e+03
6.219192172544653658e+03
9.089587147572245158e+03
5.421859966617264035e+03
7.016524378472044191e+03
4.943460643060830080e+03
5.262393042276279630e+03
3.667728630421499929e+03
4.146127953977933430e+03
3.827195554762484335e+03
4.465061319504396124e+03
4.783994201875351791e+03
3.508262189236022095e+03
3.029862865679588140e+03
3.508262189236022095e+03
1.913597777381242167e+03
3.667728871999252988e+03
3.189329306865065973e+03
2.232530659752198062e+03
2.551463542123154184e+03
1.275731891850453621e+03
1.913597535803488881e+03
9.567988886906210837e+02
1.913597777381242167e+03
1.275731771061577092e+03
7.973323871107047580e+02
1.275731529483823806e+03
4.783994443453105418e+02
