7.587752342224121094e-01
1.127707213163375854e-01
4.854369163513183594e-02
2.315160445868968964e-02
1.344286836683750153e-02
3.734129946678876877e-03
3.734129946678876877e-03
2.240478061139583588e-03
2.240478061139583588e-03
0.000000000000000000e+00
0.000000000000000000e+00
2.240478061139583588e-03
0.000000000000000000e+00
1.493652001954615116e-03
7.468260009773075581e-04
0.000000000000000000e+00
1.493652001954615116e-03
0.000000000000000000e+00
2.240478061139583588e-03
7.468260009773075581e-04
3.734129946678876877e-03
1.493652001954615116e-03
0.000000000000000000e+00
0.000000000000000000e+00
0.000000000000000000e+00
1.493652001954615116e-03
1.493652001954615116e-03
0.000000000000000000e+00
0.000000000000000000e+00
0.000000000000000000e+00
1.493652001954615116e-03
0.000000000000000000e+00
1.493652001954615116e-03
7.468260009773075581e-04
1.493652001954615116e-03
1.493652001954615116e-03
0.000000000000000000e+00
0.000000000000000000e+00
0.000000000000000000e+00
0.000000000000000000e+00
1.493652001954615116e-03
7.468260009773075581e-04
7.468260009773075581e-04
1.493652001954615116e-03
2.240478061139583588e-03
0.000000000000000000e+00
0.000000000000000000e+00
0.000000000000000000e+00
7.468260009773075581e-04
0.000000000000000000e+00
