6.998827457427978516e-01
6.525987386703491211e-02
3.503973037004470825e-02
2.279536426067352295e-02
1.550084631890058517e-02
1.289566233754158020e-02
1.016021892428398132e-02
7.945813238620758057e-03
7.294516079127788544e-03
6.122183986008167267e-03
6.512960884720087051e-03
6.382701918482780457e-03
5.601146258413791656e-03
5.731405690312385559e-03
4.559072665870189667e-03
3.386739641427993774e-03
2.474925015121698380e-03
3.126221243292093277e-03
3.386739641427993774e-03
3.647258272394537926e-03
2.084147417917847633e-03
3.126221243292093277e-03
2.474925015121698380e-03
2.865702845156192780e-03
2.344666048884391785e-03
3.126221243292093277e-03
2.344666048884391785e-03
1.563110621646046638e-03
2.084147417917847633e-03
2.344665816053748131e-03
1.693369820713996887e-03
2.735443413257598877e-03
2.735443413257598877e-03
1.563110621646046638e-03
1.172332908026874065e-03
2.084147417917847633e-03
2.084147417917847633e-03
1.563110621646046638e-03
1.953888218849897385e-03
1.823629019781947136e-03
2.474925015121698380e-03
1.302592223510146141e-03
2.084147417917847633e-03
1.563110621646046638e-03
2.344666048884391785e-03
2.605184447020292282e-03
2.605184447020292282e-03
3.386739641427993774e-03
2.865702845156192780e-03
7.294516079127788544e-03
