8.756089210510253906e-01
2.831006050109863281e-02
1.391144469380378723e-02
7.469957694411277771e-03
6.170834880322217941e-03
4.601061344146728516e-03
3.518458455801010132e-03
3.518458455801010132e-03
2.435856033116579056e-03
2.489986130967736244e-03
1.569773769006133080e-03
2.111074980348348618e-03
2.327595837414264679e-03
1.407383475452661514e-03
1.353253261186182499e-03
1.353253261186182499e-03
1.082602539099752903e-03
1.136732753366231918e-03
1.136732753366231918e-03
1.136732753366231918e-03
1.136732753366231918e-03
1.028472441248595715e-03
7.578218355774879456e-04
1.190862851217389107e-03
8.660821476951241493e-04
8.660821476951241493e-04
9.743423433974385262e-04
8.660820894874632359e-04
8.119519916363060474e-04
1.028472441248595715e-03
1.244992949068546295e-03
8.119519916363060474e-04
1.136732753366231918e-03
9.743424016050994396e-04
5.413013277575373650e-04
8.660820894874632359e-04
9.202121873386204243e-04
8.660820894874632359e-04
1.244992949068546295e-03
9.202121873386204243e-04
8.660820312798023224e-04
8.660820312798023224e-04
9.743424016050994396e-04
1.190862851217389107e-03
1.136732753366231918e-03
1.678033964708447456e-03
1.299123046919703484e-03
2.435856033116579056e-03
3.356067696586251259e-03
4.492800682783126831e-03
