3.505583386868238449e-03
6.167229730635881424e-04
6.167229730635881424e-04
2.921319101005792618e-04
4.219683469273149967e-04
3.570501285139471292e-04
3.570501285139471292e-04
2.272137207910418510e-04
1.622955023776739836e-04
1.622955023776739836e-04
1.622955023776739836e-04
2.272137207910418510e-04
1.622955023776739836e-04
2.272137207910418510e-04
2.272137207910418510e-04
1.298364077229052782e-04
1.298364077229052782e-04
2.272137207910418510e-04
2.596728154458105564e-04
1.622955023776739836e-04
9.737730579217895865e-05
1.298364077229052782e-04
1.622955023776739836e-04
1.298364077229052782e-04
3.570501285139471292e-04
2.921319101005792618e-04
2.596728154458105564e-04
1.622955023776739836e-04
2.272137207910418510e-04
1.947546261362731457e-04
3.245910338591784239e-04
2.272137207910418510e-04
1.298364077229052782e-04
3.570501285139471292e-04
4.219683469273149967e-04
3.895092522725462914e-04
3.570501285139471292e-04
2.272137207910418510e-04
4.219683469273149967e-04
2.921319101005792618e-04
4.544274415820837021e-04
4.868865362368524075e-04
5.518047255463898182e-04
7.465593516826629639e-04
1.038691261783242226e-03
1.233445946127176285e-03
1.525577739812433720e-03
3.148532938212156296e-03
6.232147105038166046e-03
9.707868099212646484e-01
