4.780685994774103165e-04
1.195171498693525791e-04
1.195171498693525791e-04
5.975857493467628956e-05
1.792757248040288687e-04
0.000000000000000000e+00
0.000000000000000000e+00
0.000000000000000000e+00
5.975857493467628956e-05
5.975857493467628956e-05
5.975857493467628956e-05
0.000000000000000000e+00
0.000000000000000000e+00
0.000000000000000000e+00
0.000000000000000000e+00
0.000000000000000000e+00
0.000000000000000000e+00
5.975857493467628956e-05
0.000000000000000000e+00
5.975857493467628956e-05
0.000000000000000000e+00
0.000000000000000000e+00
0.000000000000000000e+00
1.195171498693525791e-04
0.000000000000000000e+00
0.000000000000000000e+00
0.000000000000000000e+00
5.975857493467628956e-05
0.000000000000000000e+00
5.975857493467628956e-05
0.000000000000000000e+00
5.975857493467628956e-05
0.000000000000000000e+00
5.975857493467628956e-05
5.975857493467628956e-05
1.195171498693525791e-04
0.000000000000000000e+00
1.792757248040288687e-04
1.195171498693525791e-04
0.000000000000000000e+00
2.390342997387051582e-04
5.975857493467628956e-05
1.195171498693525791e-04
1.195171498693525791e-04
1.195171498693525791e-04
4.183100245427340269e-04
5.975857493467628956e-04
4.780685994774103165e-04
1.015895744785666466e-03
9.947412610054016113e-01
