3.876269757747650146e-01
9.639889001846313477e-02
6.057248264551162720e-02
4.025854170322418213e-02
2.973222546279430389e-02
2.123730443418025970e-02
2.456140331923961639e-02
2.123730443418025970e-02
1.883656531572341919e-02
1.625115424394607544e-02
1.274238247424364090e-02
1.144967693835496902e-02
8.864265866577625275e-03
1.348107121884822845e-02
8.679593913257122040e-03
7.940905168652534485e-03
7.756232749670743942e-03
6.278855260461568832e-03
6.094182841479778290e-03
7.756232749670743942e-03
4.986149724572896957e-03
4.801477305591106415e-03
6.094182841479778290e-03
5.355494096875190735e-03
6.463527213782072067e-03
4.247460979968309402e-03
3.878116374835371971e-03
3.508772002533078194e-03
3.878116374835371971e-03
3.324099816381931305e-03
4.247460979968309402e-03
3.139427630230784416e-03
4.062788560986518860e-03
3.139427630230784416e-03
2.031394280493259430e-03
3.508772002533078194e-03
3.693444188684225082e-03
2.585410838946700096e-03
3.693444188684225082e-03
2.400738652795553207e-03
1.477377605624496937e-03
3.693444188684225082e-03
2.770083025097846985e-03
1.662049908190965652e-03
1.662049908190965652e-03
2.031394280493259430e-03
2.400738652795553207e-03
2.031394280493259430e-03
1.477377605624496937e-03
1.292705419473350048e-03
2.954755211248993874e-03
2.954755211248993874e-03
2.770083025097846985e-03
3.693444188684225082e-03
1.292705419473350048e-03
1.662049908190965652e-03
1.846722094342112541e-03
2.031394280493259430e-03
1.846722094342112541e-03
1.108033233322203159e-03
2.954755211248993874e-03
1.292705419473350048e-03
1.292705419473350048e-03
2.770083025097846985e-03
1.846722094342112541e-03
1.662049908190965652e-03
2.031394280493259430e-03
1.292705419473350048e-03
2.031394280493259430e-03
7.386888028122484684e-04
1.846722094342112541e-03
1.108033233322203159e-03
1.292705419473350048e-03
9.233610471710562706e-04
2.031394280493259430e-03
2.031394280493259430e-03
7.386888028122484684e-04
1.662049908190965652e-03
1.662049908190965652e-03
1.662049908190965652e-03
7.386888028122484684e-04
1.292705419473350048e-03
2.216066466644406319e-03
1.662049908190965652e-03
1.846722094342112541e-03
1.477377605624496937e-03
2.585410838946700096e-03
1.477377605624496937e-03
1.477377605624496937e-03
9.233610471710562706e-04
1.662049908190965652e-03
9.233610471710562706e-04
1.846722094342112541e-03
2.770083025097846985e-03
2.031394280493259430e-03
1.662049908190965652e-03
2.216066466644406319e-03
3.139427630230784416e-03
3.508772002533078194e-03
