4.596472252160310745e-03
2.886157250031828880e-03
2.458578208461403847e-03
2.458578208461403847e-03
3.634419990703463554e-03
3.634419990703463554e-03
3.741314867511391640e-03
3.634419990703463554e-03
4.382682964205741882e-03
3.099946537986397743e-03
4.703367128968238831e-03
4.275788553059101105e-03
2.993051894009113312e-03
3.955104388296604156e-03
3.420630702748894691e-03
2.672367729246616364e-03
3.741314867511391640e-03
2.993051894009113312e-03
2.779262373223900795e-03
3.313736058771610260e-03
2.779262373223900795e-03
2.351683564484119415e-03
2.672367729246616364e-03
2.672367729246616364e-03
2.672367729246616364e-03
1.924104755744338036e-03
3.420630702748894691e-03
1.496525947004556656e-03
4.489577841013669968e-03
3.741314867511391640e-03
3.848209511488676071e-03
2.779262373223900795e-03
3.420630702748894691e-03
2.993051894009113312e-03
3.313736058771610260e-03
3.527525346726179123e-03
3.527525346726179123e-03
4.275788553059101105e-03
2.993051894009113312e-03
3.741314867511391640e-03
3.527525346726179123e-03
3.206841181963682175e-03
4.168893676251173019e-03
3.848209511488676071e-03
4.489577841013669968e-03
3.420630702748894691e-03
5.772314500063657761e-03
3.741314867511391640e-03
4.596472252160310745e-03
3.955104388296604156e-03
3.955104388296604156e-03
3.634419990703463554e-03
4.382682964205741882e-03
4.489577841013669968e-03
2.886157250031828880e-03
3.206841181963682175e-03
2.993051894009113312e-03
5.344735458493232727e-03
4.596472252160310745e-03
4.275788553059101105e-03
5.879208911210298538e-03
6.734366528689861298e-03
4.382682964205741882e-03
5.879208911210298538e-03
7.161945570260286331e-03
6.948156282305717468e-03
5.879208911210298538e-03
5.451630335301160812e-03
6.413682363927364349e-03
5.665419623255729675e-03
6.413682363927364349e-03
6.627472117543220520e-03
8.872261270880699158e-03
9.620524011552333832e-03
7.696419022977352142e-03
8.979155682027339935e-03
1.036878675222396851e-02
1.282736472785472870e-02
1.068947091698646545e-02
1.068947091698646545e-02
1.250668056309223175e-02
1.079636532813310623e-02
1.314804889261722565e-02
1.485836412757635117e-02
1.443078555166721344e-02
1.656867936253547668e-02
1.827899552881717682e-02
2.095136232674121857e-02
2.137894183397293091e-02
2.854088693857192993e-02
2.704436145722866058e-02
2.864778228104114532e-02
3.506146371364593506e-02
3.645109385251998901e-02
3.944414854049682617e-02
4.478888213634490967e-02
5.120256543159484863e-02
6.488508731126785278e-02
7.418492436408996582e-02
