2.248379867523908615e-03
1.388705219142138958e-03
1.520962803624570370e-03
1.454834011383354664e-03
8.596746483817696571e-04
1.322576426900923252e-03
9.258034406229853630e-04
9.919322328642010689e-04
9.258034406229853630e-04
1.058061141520738602e-03
1.388705219142138958e-03
1.058061141520738602e-03
1.256447518244385719e-03
1.124189933761954308e-03
9.258034406229853630e-04
9.258034406229853630e-04
1.058061141520738602e-03
1.653220504522323608e-03
7.274170056916773319e-04
1.124189933761954308e-03
9.919322328642010689e-04
1.190318726003170013e-03
7.274170056916773319e-04
9.919322328642010689e-04
1.058061141520738602e-03
1.322576426900923252e-03
5.951593630015850067e-04
9.919322328642010689e-04
1.190318726003170013e-03
7.274170056916773319e-04
9.258034406229853630e-04
1.256447518244385719e-03
9.258034406229853630e-04
7.274170056916773319e-04
9.919322328642010689e-04
1.058061141520738602e-03
1.388705219142138958e-03
1.124189933761954308e-03
1.058061141520738602e-03
1.190318726003170013e-03
1.124189933761954308e-03
1.190318726003170013e-03
1.322576426900923252e-03
7.274170056916773319e-04
1.454834011383354664e-03
1.058061141520738602e-03
1.520962803624570370e-03
1.058061141520738602e-03
7.274170056916773319e-04
1.058061141520738602e-03
7.935458561405539513e-04
9.919322328642010689e-04
1.190318726003170013e-03
9.919322328642010689e-04
1.256447518244385719e-03
1.124189933761954308e-03
1.454834011383354664e-03
8.596746483817696571e-04
9.258034406229853630e-04
1.520962803624570370e-03
1.520962803624570370e-03
1.388705219142138958e-03
1.520962803624570370e-03
1.388705219142138958e-03
1.256447518244385719e-03
1.190318726003170013e-03
1.520962803624570370e-03
1.587091712281107903e-03
1.322576426900923252e-03
2.314508659765124321e-03
1.190318726003170013e-03
1.719349296763539314e-03
3.041925607249140739e-03
2.182251075282692909e-03
2.314508659765124321e-03
2.248379867523908615e-03
2.843539230525493622e-03
3.041925607249140739e-03
3.504827385768294334e-03
4.364502150565385818e-03
4.232244566082954407e-03
4.496759735047817230e-03
4.099986981600522995e-03
4.761274904012680054e-03
6.083851214498281479e-03
5.753207020461559296e-03
7.208041381090879440e-03
7.604814134538173676e-03
9.919323027133941650e-03
1.097738370299339294e-02
1.329189259558916092e-02
1.639994792640209198e-02
1.825155317783355713e-02
2.321121469140052795e-02
2.876603603363037109e-02
4.146276786923408508e-02
5.415950343012809753e-02
8.100780099630355835e-02
1.704139709472656250e-01
