4.252437651157379150e-01
9.479956328868865967e-02
5.687974020838737488e-02
4.008667543530464172e-02
3.575297817587852478e-02
2.654387801885604858e-02
2.546045556664466858e-02
1.570964232087135315e-02
1.462621893733739853e-02
1.191766001284122467e-02
1.083423662930727005e-02
1.191766001284122467e-02
9.209101088345050812e-03
6.500541698187589645e-03
1.462621893733739853e-02
9.209101088345050812e-03
7.583965547382831573e-03
8.125676773488521576e-03
7.583965547382831573e-03
4.875406157225370407e-03
9.750812314450740814e-03
4.333694465458393097e-03
3.791982773691415787e-03
3.791982773691415787e-03
8.125676773488521576e-03
7.042253389954566956e-03
4.875406157225370407e-03
2.166847232729196548e-03
4.333694465458393097e-03
2.166847232729196548e-03
3.250270849093794823e-03
1.625135424546897411e-03
4.875406157225370407e-03
5.417118314653635025e-03
1.625135424546897411e-03
3.791982773691415787e-03
2.708559157326817513e-03
2.708559157326817513e-03
2.708559157326817513e-03
2.166847232729196548e-03
3.250270849093794823e-03
2.708559157326817513e-03
2.708559157326817513e-03
1.083423616364598274e-03
2.708559157326817513e-03
2.166847232729196548e-03
3.250270849093794823e-03
2.708559157326817513e-03
1.083423616364598274e-03
2.708559157326817513e-03
2.708559157326817513e-03
1.083423616364598274e-03
1.083423616364598274e-03
1.083423616364598274e-03
1.625135424546897411e-03
1.625135424546897411e-03
1.083423616364598274e-03
1.083423616364598274e-03
1.083423616364598274e-03
5.417118081822991371e-04
2.166847232729196548e-03
3.250270849093794823e-03
1.625135424546897411e-03
2.166847232729196548e-03
1.625135424546897411e-03
2.166847232729196548e-03
2.166847232729196548e-03
2.166847232729196548e-03
1.083423616364598274e-03
1.083423616364598274e-03
1.083423616364598274e-03
1.625135424546897411e-03
1.083423616364598274e-03
2.166847232729196548e-03
5.417118081822991371e-04
5.417118081822991371e-04
5.417118081822991371e-04
5.417118081822991371e-04
1.625135424546897411e-03
5.417118081822991371e-04
1.083423616364598274e-03
5.417118081822991371e-04
1.083423616364598274e-03
5.417118081822991371e-04
1.083423616364598274e-03
0.000000000000000000e+00
1.083423616364598274e-03
5.417118081822991371e-04
5.417118081822991371e-04
0.000000000000000000e+00
0.000000000000000000e+00
0.000000000000000000e+00
1.625135424546897411e-03
1.625135424546897411e-03
5.417118081822991371e-04
0.000000000000000000e+00
5.417118081822991371e-04
0.000000000000000000e+00
1.083423616364598274e-03
