5.133904982358217239e-03
3.175611374899744987e-03
3.334391862154006958e-03
3.281465033069252968e-03
3.493172349408268929e-03
4.101831465959548950e-03
3.863660385832190514e-03
3.678416367620229721e-03
3.916587214916944504e-03
4.234148189425468445e-03
3.678416367620229721e-03
4.022440873086452484e-03
3.943050745874643326e-03
4.234148189425468445e-03
4.048904404044151306e-03
3.387318691238760948e-03
3.784270025789737701e-03
3.625489538535475731e-03
3.678416367620229721e-03
3.678416367620229721e-03
3.387318691238760948e-03
4.287075251340866089e-03
3.757806727662682533e-03
3.255001502111554146e-03
3.440245520323514938e-03
3.360855393111705780e-03
3.281465033069252968e-03
3.546099178493022919e-03
3.599026240408420563e-03
3.678416367620229721e-03
2.963903825730085373e-03
3.546099178493022919e-03
3.784270025789737701e-03
3.731343196704983711e-03
4.128294531255960464e-03
3.493172349408268929e-03
3.096221014857292175e-03
3.784270025789737701e-03
3.731343196704983711e-03
4.260611720383167267e-03
3.625489538535475731e-03
3.202074673026800156e-03
4.287075251340866089e-03
3.678416367620229721e-03
3.334391862154006958e-03
4.048904404044151306e-03
4.181221593171358109e-03
3.731343196704983711e-03
4.128294531255960464e-03
4.551709629595279694e-03
4.366465378552675247e-03
4.657563287764787674e-03
4.340002313256263733e-03
4.684026818722486496e-03
5.160368513315916061e-03
4.340002313256263733e-03
4.578173160552978516e-03
4.763416945934295654e-03
5.213295109570026398e-03
4.710489884018898010e-03
5.160368513315916061e-03
5.821953993290662766e-03
5.954271182417869568e-03
5.398539360612630844e-03
6.060124840587377548e-03
5.927807651460170746e-03
6.880491040647029877e-03
7.145125418901443481e-03
7.118661887943744659e-03
6.377685815095901489e-03
8.335979655385017395e-03
7.542076986283063889e-03
7.912565022706985474e-03
7.806710898876190186e-03
8.124272339046001434e-03
7.859637960791587830e-03
1.034720055758953094e-02
1.042659021914005280e-02
1.050598081201314926e-02
1.050598081201314926e-02
1.151159126311540604e-02
1.373451855033636093e-02
1.402561645954847336e-02
1.495183631777763367e-02
1.595744676887989044e-02
1.714830100536346436e-02
1.836561784148216248e-02
2.135598659515380859e-02
2.257330343127250671e-02
2.283793874084949493e-02
2.648989111185073853e-02
3.085635602474212646e-02
3.204721212387084961e-02
3.628135845065116882e-02
3.969513997435569763e-02
4.459087550640106201e-02
4.861331731081008911e-02
5.716100335121154785e-02
7.208637893199920654e-02
