2.370676491409540176e-03
1.398091320879757404e-03
2.188316779211163521e-03
1.945170457474887371e-03
1.945170457474887371e-03
1.215731608681380749e-03
1.458877930417656898e-03
1.823597354814410210e-03
1.641237642616033554e-03
1.337304711341857910e-03
1.094158389605581760e-03
7.902255165390670300e-04
6.686523556709289551e-04
1.154944999143481255e-03
7.294389652088284492e-04
1.337304711341857910e-03
8.510120678693056107e-04
1.033371780067682266e-03
1.215731608681380749e-03
1.154944999143481255e-03
1.884383964352309704e-03
8.510120678693056107e-04
1.337304711341857910e-03
6.686523556709289551e-04
1.276518101803958416e-03
9.117986774072051048e-04
1.033371780067682266e-03
9.725852287374436855e-04
1.154944999143481255e-03
9.117986774072051048e-04
7.902255165390670300e-04
9.725852287374436855e-04
7.294389652088284492e-04
6.078658043406903744e-04
1.154944999143481255e-03
1.762810745276510715e-03
9.117986774072051048e-04
9.725852287374436855e-04
1.033371780067682266e-03
6.686523556709289551e-04
1.154944999143481255e-03
1.215731608681380749e-03
1.458877930417656898e-03
8.510120678693056107e-04
1.398091320879757404e-03
1.702024135738611221e-03
1.276518101803958416e-03
1.154944999143481255e-03
1.094158389605581760e-03
1.337304711341857910e-03
7.294389652088284492e-04
1.276518101803958416e-03
6.686523556709289551e-04
1.276518101803958416e-03
9.725852287374436855e-04
9.725852287374436855e-04
1.641237642616033554e-03
1.337304711341857910e-03
1.398091320879757404e-03
1.458877930417656898e-03
2.188316779211163521e-03
1.945170457474887371e-03
1.215731608681380749e-03
1.823597354814410210e-03
1.580451033078134060e-03
1.033371780067682266e-03
1.337304711341857910e-03
2.188316779211163521e-03
2.613822929561138153e-03
1.702024135738611221e-03
1.762810745276510715e-03
2.613822929561138153e-03
2.674609422683715820e-03
2.856969134882092476e-03
2.917755860835313797e-03
2.856969134882092476e-03
2.796182641759514809e-03
3.100115573033690453e-03
3.160902066156268120e-03
3.404048271477222443e-03
3.829554421827197075e-03
5.166859365999698639e-03
5.713938269764184952e-03
4.802139475941658020e-03
6.382590625435113907e-03
5.896298214793205261e-03
7.659108843654394150e-03
7.719895336776971817e-03
7.719895336776971817e-03
1.130630355328321457e-02
1.300832815468311310e-02
1.446720585227012634e-02
1.999878510832786560e-02
2.431463077664375305e-02
3.057564981281757355e-02
3.817396983504295349e-02
5.179016292095184326e-02
8.115008473396301270e-02
1.738496124744415283e-01
