4.324621856212615967e-01
1.342503428459167480e-01
5.144429206848144531e-02
3.548830747604370117e-02
2.448418177664279938e-02
2.255846001207828522e-02
1.980742812156677246e-02
1.705639623105525970e-02
1.403026096522808075e-02
1.237964257597923279e-02
9.628610685467720032e-03
7.702888455241918564e-03
7.152682170271873474e-03
8.253094740211963654e-03
7.977991364896297455e-03
5.777166225016117096e-03
6.327372975647449493e-03
5.502063315361738205e-03
4.401650745421648026e-03
5.777166225016117096e-03
3.301237942650914192e-03
4.126547370105981827e-03
3.576341085135936737e-03
4.126547370105981827e-03
4.401650745421648026e-03
3.851444227620959282e-03
4.401650745421648026e-03
3.851444227620959282e-03
4.126547370105981827e-03
2.751031657680869102e-03
2.751031657680869102e-03
3.301237942650914192e-03
2.751031657680869102e-03
2.751031657680869102e-03
3.301237942650914192e-03
3.576341085135936737e-03
2.751031657680869102e-03
2.475928515195846558e-03
1.925722113810479641e-03
3.301237942650914192e-03
1.925722113810479641e-03
2.751031657680869102e-03
4.401650745421648026e-03
1.375515828840434551e-03
1.925722113810479641e-03
2.475928515195846558e-03
1.650618971325457096e-03
2.475928515195846558e-03
1.100412686355412006e-03
1.375515828840434551e-03
1.375515828840434551e-03
3.026134800165891647e-03
2.475928515195846558e-03
1.100412686355412006e-03
1.375515828840434551e-03
1.650618971325457096e-03
1.650618971325457096e-03
1.100412686355412006e-03
1.375515828840434551e-03
1.100412686355412006e-03
1.100412686355412006e-03
1.925722113810479641e-03
1.925722113810479641e-03
8.253094856627285480e-04
1.375515828840434551e-03
2.475928515195846558e-03
1.925722113810479641e-03
1.375515828840434551e-03
1.650618971325457096e-03
2.200825372710824013e-03
2.475928515195846558e-03
5.502063431777060032e-04
1.925722113810479641e-03
1.100412686355412006e-03
2.200825372710824013e-03
1.650618971325457096e-03
1.650618971325457096e-03
1.375515828840434551e-03
1.650618971325457096e-03
2.200825372710824013e-03
2.200825372710824013e-03
8.253094856627285480e-04
2.200825372710824013e-03
1.100412686355412006e-03
8.253094856627285480e-04
5.502063431777060032e-04
8.253094856627285480e-04
1.650618971325457096e-03
8.253094856627285480e-04
2.475928515195846558e-03
1.375515828840434551e-03
5.502063431777060032e-04
2.751031657680869102e-03
5.502063431777060032e-04
1.650618971325457096e-03
1.100412686355412006e-03
1.375515828840434551e-03
1.100412686355412006e-03
2.475928515195846558e-03
