5.750431446358561516e-04
7.667241734452545643e-04
1.916810433613136411e-04
5.750431446358561516e-04
5.750431446358561516e-04
1.916810433613136411e-04
0.000000000000000000e+00
3.833620867226272821e-04
1.916810433613136411e-04
5.750431446358561516e-04
3.833620867226272821e-04
9.584052022546529770e-04
5.750431446358561516e-04
1.916810433613136411e-04
3.833620867226272821e-04
1.916810433613136411e-04
5.750431446358561516e-04
5.750431446358561516e-04
1.916810433613136411e-04
0.000000000000000000e+00
9.584052022546529770e-04
1.533448346890509129e-03
5.750431446358561516e-04
5.750431446358561516e-04
3.833620867226272821e-04
1.916810433613136411e-04
5.750431446358561516e-04
0.000000000000000000e+00
0.000000000000000000e+00
1.916810433613136411e-04
7.667241734452545643e-04
5.750431446358561516e-04
5.750431446358561516e-04
5.750431446358561516e-04
5.750431446358561516e-04
7.667241734452545643e-04
3.833620867226272821e-04
9.584052022546529770e-04
5.750431446358561516e-04
3.833620867226272821e-04
7.667241734452545643e-04
5.750431446358561516e-04
3.833620867226272821e-04
9.584052022546529770e-04
5.750431446358561516e-04
5.750431446358561516e-04
0.000000000000000000e+00
0.000000000000000000e+00
1.916810433613136411e-04
0.000000000000000000e+00
3.833620867226272821e-04
5.750431446358561516e-04
3.833620867226272821e-04
1.916810433613136411e-04
3.833620867226272821e-04
9.584052022546529770e-04
1.916810433613136411e-04
1.916810433613136411e-04
1.916810433613136411e-04
5.750431446358561516e-04
5.750431446358561516e-04
5.750431446358561516e-04
1.150086289271712303e-03
3.833620867226272821e-04
5.750431446358561516e-04
1.150086289271712303e-03
1.150086289271712303e-03
9.584052022546529770e-04
7.667241734452545643e-04
5.750431446358561516e-04
1.150086289271712303e-03
9.584052022546529770e-04
1.533448346890509129e-03
1.150086289271712303e-03
1.916810404509305954e-03
9.584052022546529770e-04
9.584052022546529770e-04
1.341767259873449802e-03
1.916810404509305954e-03
1.725129433907568455e-03
2.875215606763958931e-03
1.533448346890509129e-03
3.641939722001552582e-03
2.875215606763958931e-03
2.300172578543424606e-03
3.833620809018611908e-03
3.450258867815136909e-03
2.875215606763958931e-03
5.942112300544977188e-03
4.983707331120967865e-03
8.433965966105461121e-03
1.073413807898759842e-02
1.514280214905738831e-02
1.341767329722642899e-02
1.686793193221092224e-02
2.434349246323108673e-02
3.469426929950714111e-02
6.248801946640014648e-02
1.573701351881027222e-01
