4.787111580371856689e-01
1.345769464969635010e-01
5.499364063143730164e-02
3.621827811002731323e-02
2.737568877637386322e-02
2.198534272611141205e-02
1.604990661144256592e-02
1.508085522800683975e-02
1.247653085738420486e-02
1.059899479150772095e-02
8.842589333653450012e-03
9.569377638399600983e-03
7.510144729167222977e-03
7.812973111867904663e-03
5.511477123945951462e-03
5.693174432963132858e-03
5.996002815663814545e-03
4.663557745516300201e-03
5.269214510917663574e-03
5.572042893618345261e-03
4.966386128216981888e-03
3.936769440770149231e-03
5.087517201900482178e-03
3.876203671097755432e-03
4.360729362815618515e-03
2.907152753323316574e-03
3.573375288397073746e-03
2.483193064108490944e-03
3.270546905696392059e-03
2.907152753323316574e-03
2.240930218249559402e-03
2.059233142063021660e-03
2.664890140295028687e-03
2.301495987921953201e-03
2.119798911735415459e-03
2.059233142063021660e-03
2.180364681407809258e-03
2.786021446809172630e-03
2.543758600950241089e-03
2.059233142063021660e-03
2.240930218249559402e-03
1.816970529034733772e-03
1.271879300475120544e-03
1.695839106105268002e-03
2.543758600950241089e-03
1.877536182291805744e-03
1.695839106105268002e-03
1.393010723404586315e-03
1.938101835548877716e-03
1.150747993960976601e-03
1.393010723404586315e-03
1.211313647218048573e-03
1.574707799591124058e-03
1.514142029918730259e-03
1.211313647218048573e-03
1.695839106105268002e-03
1.695839106105268002e-03
7.267881883308291435e-04
1.514142029918730259e-03
1.211313647218048573e-03
1.090182340703904629e-03
1.393010723404586315e-03
1.090182340703904629e-03
9.084852645173668861e-04
1.332445070147514343e-03
7.267881883308291435e-04
6.056568236090242863e-04
1.938101835548877716e-03
1.090182340703904629e-03
1.393010723404586315e-03
1.029616571031510830e-03
9.690509177744388580e-04
8.479195530526340008e-04
1.029616571031510830e-03
6.662225350737571716e-04
8.479195530526340008e-04
1.029616571031510830e-03
8.479195530526340008e-04
9.084852645173668861e-04
9.084852645173668861e-04
1.271879300475120544e-03
7.873538997955620289e-04
9.084852645173668861e-04
5.450911703519523144e-04
3.633940941654145718e-04
7.873538997955620289e-04
7.267881883308291435e-04
9.690509177744388580e-04
7.267881883308291435e-04
7.873538997955620289e-04
6.056568236090242863e-04
9.084852645173668861e-04
7.873538997955620289e-04
3.633940941654145718e-04
7.267881883308291435e-04
4.239597765263170004e-04
4.845254588872194290e-04
3.028284118045121431e-04
3.633940941654145718e-04
