3.309849125798791647e-04
4.255520470906049013e-04
3.309849125798791647e-04
2.837013744283467531e-04
2.364178071729838848e-04
2.364178071729838848e-04
9.456712723476812243e-05
3.309849125798791647e-04
4.728356361738406122e-05
1.891342399176210165e-04
3.782684798352420330e-04
2.837013453245162964e-04
2.837013744283467531e-04
3.782684798352420330e-04
3.782684798352420330e-04
2.364178217248991132e-04
2.837013453245162964e-04
1.418506726622581482e-04
2.364178071729838848e-04
0.000000000000000000e+00
3.782684798352420330e-04
1.891342399176210165e-04
3.309849125798791647e-04
6.619698251597583294e-04
5.201192107051610947e-04
2.364178071729838848e-04
3.309849125798791647e-04
4.728356143459677696e-04
1.891342399176210165e-04
4.255520470906049013e-04
1.891342399176210165e-04
3.309849416837096214e-04
8.038205560296773911e-04
8.983876323327422142e-04
4.255520470906049013e-04
7.565370178781449795e-04
5.201191524975001812e-04
1.134805497713387012e-03
8.511040941812098026e-04
1.371223246678709984e-03
1.418506843037903309e-03
1.654924592003226280e-03
2.458745148032903671e-03
2.458745148032903671e-03
2.553312573581933975e-03
5.059340968728065491e-03
6.666982546448707581e-03
1.262471079826354980e-02
2.331079542636871338e-02
9.256702661514282227e-01
