1.274545793421566486e-03
1.490570604801177979e-03
1.296148169785737991e-03
1.231340924277901649e-03
1.555377850309014320e-03
9.505087509751319885e-04
9.721111855469644070e-04
9.289062581956386566e-04
7.992914179340004921e-04
1.144930953159928322e-03
1.101725967600941658e-03
9.289062581956386566e-04
1.144930953159928322e-03
9.289062581956386566e-04
9.505087509751319885e-04
8.640987798571586609e-04
9.289063164032995701e-04
1.058521098457276821e-03
9.721112437546253204e-04
1.080123591236770153e-03
8.640987798571586609e-04
9.289062581956386566e-04
9.505086927674710751e-04
8.640988962724804878e-04
1.209738431498408318e-03
1.252943300642073154e-03
1.512173097580671310e-03
1.360955648124217987e-03
1.382558140903711319e-03
9.289063164032995701e-04
1.576980343088507652e-03
1.512172981165349483e-03
1.404160633683204651e-03
1.620185328647494316e-03
1.901017501950263977e-03
1.987427473068237305e-03
2.289861906319856644e-03
2.505886834114789963e-03
3.002743702381849289e-03
3.542805090546607971e-03
3.780432511121034622e-03
3.823637496680021286e-03
5.206195637583732605e-03
6.091897375881671906e-03
8.532975800335407257e-03
1.134129706770181656e-02
1.734678447246551514e-02
2.788878977298736572e-02
5.219157040119171143e-02
8.095958232879638672e-01
