1.944032264873385429e-03
2.586737275123596191e-03
1.858593779616057873e-03
3.019606461748480797e-03
2.091645263135433197e-03
1.544826198369264603e-03
2.703930716961622238e-03
1.657806336879730225e-03
1.995966071262955666e-03
1.956117106601595879e-03
3.008698578923940659e-03
2.654350362718105316e-03
3.085820004343986511e-03
3.600359894335269928e-03
3.790461458265781403e-03
3.815363161265850067e-03
3.389124758541584015e-03
3.753649070858955383e-03
3.388170152902603149e-03
4.729060456156730652e-03
4.958837293088436127e-03
5.198519211262464523e-03
4.235924687236547470e-03
4.857768304646015167e-03
4.276060499250888824e-03
5.032873712480068207e-03
4.769927356392145157e-03
6.695163901895284653e-03
4.230931401252746582e-03
5.359219387173652649e-03
4.839686676859855652e-03
5.229161120951175690e-03
7.263609673827886581e-03
5.334605462849140167e-03
6.566059775650501251e-03
6.688089109957218170e-03
7.627418264746665955e-03
8.421601727604866028e-03
9.129295125603675842e-03
1.063498854637145996e-02
9.892629459500312805e-03
1.135200168937444687e-02
1.364947482943534851e-02
1.841270923614501953e-02
1.898069307208061218e-02
2.476857230067253113e-02
2.766120620071887970e-02
4.115715622901916504e-02
6.498013436794281006e-02
5.912213921546936035e-01
