9.333398775197565556e-04
3.438620478846132755e-04
3.929852100554853678e-04
6.877240957692265511e-04
1.473694574087858200e-04
2.456157526466995478e-04
2.947389148175716400e-04
4.421083722263574600e-04
1.964926050277426839e-04
1.964926050277426839e-04
1.473694574087858200e-04
4.421083722263574600e-04
2.456157526466995478e-04
1.473694574087858200e-04
1.964926050277426839e-04
2.947389148175716400e-04
0.000000000000000000e+00
2.947389148175716400e-04
9.824630251387134194e-05
1.964926050277426839e-04
3.438620478846132755e-04
3.438620478846132755e-04
9.824630251387134194e-05
4.912315125693567097e-05
1.964926050277426839e-04
2.456157526466995478e-04
1.473694574087858200e-04
1.964926050277426839e-04
5.403546965681016445e-04
4.421083722263574600e-04
1.473694574087858200e-04
2.947389148175716400e-04
1.964926050277426839e-04
2.947389148175716400e-04
2.456157526466995478e-04
1.964926050277426839e-04
1.473694574087858200e-04
1.473694574087858200e-04
1.473694574087858200e-04
4.912315125693567097e-05
1.964926050277426839e-04
3.929852100554853678e-04
1.473694574087858200e-04
1.473694574087858200e-04
1.964926050277426839e-04
3.929852100554853678e-04
4.421083722263574600e-04
2.456157526466995478e-04
3.438620478846132755e-04
2.947389148175716400e-04
1.473694574087858200e-04
1.473694574087858200e-04
9.824630251387134194e-05
4.912315052933990955e-04
4.421083722263574600e-04
1.964926050277426839e-04
3.929852100554853678e-04
2.947389148175716400e-04
4.912315052933990955e-04
2.456157526466995478e-04
2.947389148175716400e-04
5.894778296351432800e-04
2.456157526466995478e-04
3.438620478846132755e-04
5.403546965681016445e-04
4.912315052933990955e-04
3.438620478846132755e-04
4.421083722263574600e-04
3.438620478846132755e-04
7.368472870439291000e-04
4.912315052933990955e-04
3.929852100554853678e-04
7.859704201109707355e-04
6.386009627021849155e-04
5.403546965681016445e-04
8.842167444527149200e-04
7.859704201109707355e-04
5.403546965681016445e-04
4.912315052933990955e-04
1.080709393136203289e-03
8.350935531780123711e-04
1.031586201861500740e-03
1.031586201861500740e-03
1.080709393136203289e-03
1.522817648947238922e-03
1.571940840221941471e-03
1.522817648947238922e-03
1.571940840221941471e-03
1.915802946314215660e-03
2.357911318540573120e-03
2.210541861131787300e-03
2.210541861131787300e-03
2.800019690766930580e-03
3.733359510079026222e-03
5.059684626758098602e-03
6.680748425424098969e-03
9.873753413558006287e-03
1.522817742079496384e-02
3.625288605690002441e-02
