0.000000000000000000e+00
0.000000000000000000e+00
0.000000000000000000e+00
0.000000000000000000e+00
0.000000000000000000e+00
0.000000000000000000e+00
1.653986109886318445e-04
0.000000000000000000e+00
0.000000000000000000e+00
1.653986109886318445e-04
0.000000000000000000e+00
0.000000000000000000e+00
0.000000000000000000e+00
0.000000000000000000e+00
0.000000000000000000e+00
0.000000000000000000e+00
0.000000000000000000e+00
0.000000000000000000e+00
0.000000000000000000e+00
0.000000000000000000e+00
0.000000000000000000e+00
0.000000000000000000e+00
0.000000000000000000e+00
0.000000000000000000e+00
1.653986109886318445e-04
0.000000000000000000e+00
0.000000000000000000e+00
1.653986109886318445e-04
0.000000000000000000e+00
0.000000000000000000e+00
0.000000000000000000e+00
1.653986109886318445e-04
0.000000000000000000e+00
0.000000000000000000e+00
1.653986109886318445e-04
0.000000000000000000e+00
0.000000000000000000e+00
0.000000000000000000e+00
0.000000000000000000e+00
0.000000000000000000e+00
0.000000000000000000e+00
0.000000000000000000e+00
0.000000000000000000e+00
0.000000000000000000e+00
0.000000000000000000e+00
0.000000000000000000e+00
1.653986109886318445e-04
0.000000000000000000e+00
0.000000000000000000e+00
0.000000000000000000e+00
0.000000000000000000e+00
0.000000000000000000e+00
0.000000000000000000e+00
0.000000000000000000e+00
0.000000000000000000e+00
1.653986109886318445e-04
0.000000000000000000e+00
0.000000000000000000e+00
0.000000000000000000e+00
1.653986109886318445e-04
1.653986109886318445e-04
0.000000000000000000e+00
0.000000000000000000e+00
0.000000000000000000e+00
0.000000000000000000e+00
0.000000000000000000e+00
1.653986109886318445e-04
1.653986109886318445e-04
1.653986109886318445e-04
1.653986109886318445e-04
0.000000000000000000e+00
0.000000000000000000e+00
1.653986109886318445e-04
0.000000000000000000e+00
0.000000000000000000e+00
3.307972219772636890e-04
4.961958038620650768e-04
1.653986109886318445e-04
1.653986109886318445e-04
1.653986109886318445e-04
6.615944439545273781e-04
6.615944439545273781e-04
1.653986109886318445e-04
0.000000000000000000e+00
6.615944439545273781e-04
4.961958038620650768e-04
3.307972219772636890e-04
4.961958038620650768e-04
3.307972219772636890e-04
4.961958038620650768e-04
3.307972219772636890e-04
9.923916077241301537e-04
4.961958038620650768e-04
1.157790306024253368e-03
1.488587469793856144e-03
3.473370801657438278e-03
2.480979077517986298e-03
4.631161224097013474e-03
1.290109194815158844e-02
