4.922197666019201279e-03
3.076373366639018059e-03
2.342013409361243248e-03
2.381708472967147827e-03
2.699269680306315422e-03
2.719117095693945885e-03
2.917592879384756088e-03
3.016830654814839363e-03
2.957287942990660667e-03
2.758812392130494118e-03
2.738964743912220001e-03
3.036678303033113480e-03
2.540488960221409798e-03
3.056525951251387596e-03
2.957287942990660667e-03
2.699269680306315422e-03
3.572562709450721741e-03
3.135916078463196754e-03
3.314544213935732841e-03
3.116068663075566292e-03
3.116068663075566292e-03
3.036678303033113480e-03
3.493172349408268929e-03
3.830581204965710640e-03
3.751190844923257828e-03
3.691648133099079132e-03
3.393934573978185654e-03
4.009209107607603073e-03
3.751190844923257828e-03
3.671800484880805016e-03
4.009209107607603073e-03
3.771038493141531944e-03
3.890123916789889336e-03
3.493172349408268929e-03
3.572562709450721741e-03
3.949666395783424377e-03
3.909971565008163452e-03
4.386313259601593018e-03
3.632105421274900436e-03
4.247379954904317856e-03
3.989361692219972610e-03
3.890123916789889336e-03
4.227532539516687393e-03
4.386313259601593018e-03
3.890123916789889336e-03
4.048904404044151306e-03
4.207685124129056931e-03
4.644331522285938263e-03
4.326770547777414322e-03
4.664178937673568726e-03
4.525246098637580872e-03
5.001587793231010437e-03
4.684026818722486496e-03
4.644331522285938263e-03
4.763416945934295654e-03
4.882502369582653046e-03
5.378691479563713074e-03
5.557319615036249161e-03
5.378691479563713074e-03
5.517624784260988235e-03
5.755795631557703018e-03
5.735947750508785248e-03
5.497776903212070465e-03
5.398539360612630844e-03
6.986344698816537857e-03
6.549698300659656525e-03
7.284058257937431335e-03
6.847411859780550003e-03
6.569545716047286987e-03
6.271832156926393509e-03
7.145125418901443481e-03
7.621467113494873047e-03
7.065735291689634323e-03
7.998570799827575684e-03
8.157351985573768616e-03
9.030644781887531281e-03
8.852016180753707886e-03
9.923784993588924408e-03
9.189425036311149597e-03
9.606224484741687775e-03
1.083677355200052261e-02
1.129326783120632172e-02
1.085662096738815308e-02
1.238488405942916870e-02
1.176960952579975128e-02
1.311924401670694351e-02
1.423070859163999557e-02
1.579866558313369751e-02
1.641394011676311493e-02
1.877580210566520691e-02
1.945061981678009033e-02
2.131629176437854767e-02
2.457129210233688354e-02
2.804461680352687836e-02
3.191489353775978088e-02
3.368132561445236206e-02
4.138218611478805542e-02
4.721736907958984375e-02
6.926801800727844238e-02
