0.000000000000000000e+00
0.000000000000000000e+00
0.000000000000000000e+00
0.000000000000000000e+00
0.000000000000000000e+00
0.000000000000000000e+00
0.000000000000000000e+00
0.000000000000000000e+00
0.000000000000000000e+00
0.000000000000000000e+00
0.000000000000000000e+00
0.000000000000000000e+00
1.605394063517451286e-04
0.000000000000000000e+00
0.000000000000000000e+00
0.000000000000000000e+00
0.000000000000000000e+00
0.000000000000000000e+00
0.000000000000000000e+00
0.000000000000000000e+00
0.000000000000000000e+00
0.000000000000000000e+00
0.000000000000000000e+00
0.000000000000000000e+00
1.605394063517451286e-04
0.000000000000000000e+00
1.605394063517451286e-04
0.000000000000000000e+00
0.000000000000000000e+00
0.000000000000000000e+00
0.000000000000000000e+00
3.210788127034902573e-04
0.000000000000000000e+00
1.605394063517451286e-04
0.000000000000000000e+00
0.000000000000000000e+00
0.000000000000000000e+00
0.000000000000000000e+00
0.000000000000000000e+00
0.000000000000000000e+00
0.000000000000000000e+00
0.000000000000000000e+00
0.000000000000000000e+00
1.605394063517451286e-04
0.000000000000000000e+00
0.000000000000000000e+00
0.000000000000000000e+00
0.000000000000000000e+00
0.000000000000000000e+00
0.000000000000000000e+00
0.000000000000000000e+00
0.000000000000000000e+00
0.000000000000000000e+00
1.605394063517451286e-04
0.000000000000000000e+00
0.000000000000000000e+00
0.000000000000000000e+00
0.000000000000000000e+00
0.000000000000000000e+00
1.605394063517451286e-04
1.605394063517451286e-04
1.605394063517451286e-04
1.605394063517451286e-04
0.000000000000000000e+00
1.605394063517451286e-04
0.000000000000000000e+00
3.210788127034902573e-04
1.605394063517451286e-04
0.000000000000000000e+00
4.816182481590658426e-04
0.000000000000000000e+00
1.605394063517451286e-04
0.000000000000000000e+00
1.605394063517451286e-04
0.000000000000000000e+00
1.605394063517451286e-04
0.000000000000000000e+00
0.000000000000000000e+00
0.000000000000000000e+00
3.210788127034902573e-04
0.000000000000000000e+00
1.605394063517451286e-04
4.816182481590658426e-04
1.605394063517451286e-04
4.816182481590658426e-04
3.210788127034902573e-04
0.000000000000000000e+00
6.421576254069805145e-04
1.605394063517451286e-04
1.605394063517451286e-04
6.421576254069805145e-04
4.816182481590658426e-04
1.444854657165706158e-03
8.026970899663865566e-04
1.284315250813961029e-03
2.729170024394989014e-03
2.568630501627922058e-03
3.852945985272526741e-03
1.139829866588115692e-02
