1.515151467174291611e-03
9.090909152291715145e-04
2.020202082348987460e-04
4.040404164697974920e-04
1.010101041174493730e-04
1.010101041174493730e-04
0.000000000000000000e+00
2.020202082348987460e-04
1.010101041174493730e-04
4.040404164697974920e-04
2.020202082348987460e-04
1.010101041174493730e-04
2.020202082348987460e-04
0.000000000000000000e+00
1.010101041174493730e-04
3.030303050763905048e-04
1.010101041174493730e-04
0.000000000000000000e+00
1.010101041174493730e-04
1.010101041174493730e-04
0.000000000000000000e+00
0.000000000000000000e+00
1.010101041174493730e-04
2.020202082348987460e-04
0.000000000000000000e+00
0.000000000000000000e+00
0.000000000000000000e+00
3.030303050763905048e-04
0.000000000000000000e+00
1.010101041174493730e-04
1.010101041174493730e-04
2.020202082348987460e-04
2.020202082348987460e-04
1.010101041174493730e-04
0.000000000000000000e+00
1.010101041174493730e-04
2.020202082348987460e-04
0.000000000000000000e+00
0.000000000000000000e+00
1.010101041174493730e-04
0.000000000000000000e+00
1.010101041174493730e-04
1.010101041174493730e-04
1.010101041174493730e-04
0.000000000000000000e+00
0.000000000000000000e+00
1.010101041174493730e-04
0.000000000000000000e+00
0.000000000000000000e+00
2.020202082348987460e-04
3.030303050763905048e-04
2.020202082348987460e-04
2.020202082348987460e-04
0.000000000000000000e+00
1.010101041174493730e-04
2.020202082348987460e-04
1.010101041174493730e-04
0.000000000000000000e+00
1.010101041174493730e-04
2.020202082348987460e-04
1.010101041174493730e-04
1.010101041174493730e-04
0.000000000000000000e+00
4.040404164697974920e-04
3.030303050763905048e-04
2.020202082348987460e-04
1.010101041174493730e-04
2.020202082348987460e-04
2.020202082348987460e-04
3.030303050763905048e-04
0.000000000000000000e+00
2.020202082348987460e-04
1.010101041174493730e-04
0.000000000000000000e+00
3.030303050763905048e-04
3.030303050763905048e-04
0.000000000000000000e+00
2.020202082348987460e-04
2.020202082348987460e-04
6.060606101527810097e-04
4.040404164697974920e-04
2.020202082348987460e-04
5.050505278632044792e-04
2.020202082348987460e-04
1.010101041174493730e-04
1.010101041174493730e-04
4.040404164697974920e-04
5.050505278632044792e-04
5.050505278632044792e-04
4.040404164697974920e-04
4.040404164697974920e-04
6.060606101527810097e-04
1.212121220305562019e-03
6.060606101527810097e-04
7.070706924423575401e-04
1.212121220305562019e-03
1.818181830458343029e-03
2.222222276031970978e-03
6.161616183817386627e-03
