1.031672349199652672e-03
4.126689455006271601e-04
4.126689455006271601e-04
3.095017164014279842e-04
1.031672363751567900e-04
1.031672363751567900e-04
1.031672363751567900e-04
4.126689455006271601e-04
3.095017164014279842e-04
1.031672363751567900e-04
3.095017164014279842e-04
2.063344727503135800e-04
0.000000000000000000e+00
1.031672363751567900e-04
2.063344727503135800e-04
1.031672363751567900e-04
1.031672363751567900e-04
0.000000000000000000e+00
0.000000000000000000e+00
1.031672363751567900e-04
2.063344727503135800e-04
1.031672363751567900e-04
1.031672363751567900e-04
2.063344727503135800e-04
0.000000000000000000e+00
3.095017164014279842e-04
2.063344727503135800e-04
2.063344727503135800e-04
0.000000000000000000e+00
1.031672363751567900e-04
0.000000000000000000e+00
1.031672363751567900e-04
2.063344727503135800e-04
3.095017164014279842e-04
1.031672363751567900e-04
1.031672363751567900e-04
0.000000000000000000e+00
0.000000000000000000e+00
0.000000000000000000e+00
0.000000000000000000e+00
0.000000000000000000e+00
0.000000000000000000e+00
0.000000000000000000e+00
1.031672363751567900e-04
1.031672363751567900e-04
1.031672363751567900e-04
1.031672363751567900e-04
1.031672363751567900e-04
0.000000000000000000e+00
0.000000000000000000e+00
1.031672363751567900e-04
1.031672363751567900e-04
0.000000000000000000e+00
0.000000000000000000e+00
2.063344727503135800e-04
1.031672363751567900e-04
2.063344727503135800e-04
0.000000000000000000e+00
2.063344727503135800e-04
0.000000000000000000e+00
0.000000000000000000e+00
1.031672363751567900e-04
0.000000000000000000e+00
0.000000000000000000e+00
3.095017164014279842e-04
2.063344727503135800e-04
1.031672363751567900e-04
2.063344727503135800e-04
0.000000000000000000e+00
3.095017164014279842e-04
2.063344727503135800e-04
1.031672363751567900e-04
2.063344727503135800e-04
2.063344727503135800e-04
1.031672363751567900e-04
6.190034328028559685e-04
3.095017164014279842e-04
1.031672363751567900e-04
3.095017164014279842e-04
1.031672363751567900e-04
3.095017164014279842e-04
3.095017164014279842e-04
2.063344727503135800e-04
3.095017164014279842e-04
3.095017164014279842e-04
3.095017164014279842e-04
4.126689455006271601e-04
3.095017164014279842e-04
4.126689455006271601e-04
9.285050909966230392e-04
4.126689455006271601e-04
6.190034328028559685e-04
7.221706327982246876e-04
1.134839607402682304e-03
1.238006865605711937e-03
1.134839607402682304e-03
2.785515272989869118e-03
2.991849789395928383e-03
6.190034095197916031e-03
