5.644599199295043945e-01
5.574912950396537781e-02
2.090592309832572937e-02
1.045296154916286469e-02
1.045296154916286469e-02
3.484320593997836113e-03
0.000000000000000000e+00
0.000000000000000000e+00
6.968641187995672226e-03
3.484320593997836113e-03
6.968641187995672226e-03
6.968641187995672226e-03
0.000000000000000000e+00
1.393728237599134445e-02
3.484320593997836113e-03
0.000000000000000000e+00
3.484320593997836113e-03
0.000000000000000000e+00
1.045296154916286469e-02
3.484320593997836113e-03
1.045296154916286469e-02
0.000000000000000000e+00
3.484320593997836113e-03
3.484320593997836113e-03
0.000000000000000000e+00
3.484320593997836113e-03
3.484320593997836113e-03
0.000000000000000000e+00
3.484320593997836113e-03
0.000000000000000000e+00
0.000000000000000000e+00
0.000000000000000000e+00
3.484320593997836113e-03
1.045296154916286469e-02
0.000000000000000000e+00
3.484320593997836113e-03
0.000000000000000000e+00
0.000000000000000000e+00
0.000000000000000000e+00
0.000000000000000000e+00
0.000000000000000000e+00
6.968641187995672226e-03
3.484320593997836113e-03
0.000000000000000000e+00
3.484320593997836113e-03
0.000000000000000000e+00
6.968641187995672226e-03
0.000000000000000000e+00
3.484320593997836113e-03
1.393728237599134445e-02
0.000000000000000000e+00
0.000000000000000000e+00
0.000000000000000000e+00
0.000000000000000000e+00
0.000000000000000000e+00
0.000000000000000000e+00
0.000000000000000000e+00
0.000000000000000000e+00
3.484320593997836113e-03
0.000000000000000000e+00
3.484320593997836113e-03
3.484320593997836113e-03
3.484320593997836113e-03
0.000000000000000000e+00
3.484320593997836113e-03
3.484320593997836113e-03
0.000000000000000000e+00
0.000000000000000000e+00
0.000000000000000000e+00
0.000000000000000000e+00
3.484320593997836113e-03
0.000000000000000000e+00
6.968641187995672226e-03
0.000000000000000000e+00
0.000000000000000000e+00
3.484320593997836113e-03
6.968641187995672226e-03
0.000000000000000000e+00
3.484320593997836113e-03
6.968641187995672226e-03
0.000000000000000000e+00
3.484320593997836113e-03
0.000000000000000000e+00
1.045296154916286469e-02
3.484320593997836113e-03
3.484320593997836113e-03
3.484320593997836113e-03
3.484320593997836113e-03
3.484320593997836113e-03
3.484320593997836113e-03
1.393728237599134445e-02
3.484320593997836113e-03
6.968641187995672226e-03
3.484320593997836113e-03
1.045296154916286469e-02
3.484320593997836113e-03
1.393728237599134445e-02
3.484320593997836113e-03
3.484320593997836113e-03
