1.210653805173933506e-03
1.815980649553239346e-03
2.421307610347867012e-03
2.421307610347867012e-03
5.447941832244396210e-03
1.815980649553239346e-03
1.815980649553239346e-03
4.237288143485784531e-03
6.053268909454345703e-03
3.026634454727172852e-03
5.447941832244396210e-03
7.263922598212957382e-03
2.421307610347867012e-03
1.815980649553239346e-03
1.210653805173933506e-03
3.631961299106478691e-03
6.658595521003007889e-03
3.026634454727172852e-03
5.447941832244396210e-03
1.815980649553239346e-03
3.631961299106478691e-03
5.447941832244396210e-03
2.421307610347867012e-03
2.421307610347867012e-03
6.053268909454345703e-03
1.815980649553239346e-03
9.685230441391468048e-03
4.842615220695734024e-03
4.842615220695734024e-03
4.237288143485784531e-03
4.842615220695734024e-03
3.631961299106478691e-03
4.237288143485784531e-03
4.842615220695734024e-03
4.842615220695734024e-03
4.842615220695734024e-03
5.447941832244396210e-03
4.842615220695734024e-03
4.237288143485784531e-03
5.447941832244396210e-03
1.815980649553239346e-03
2.421307610347867012e-03
3.631961299106478691e-03
3.026634454727172852e-03
6.053268909454345703e-03
5.447941832244396210e-03
6.658595521003007889e-03
3.026634454727172852e-03
7.263922598212957382e-03
4.842615220695734024e-03
4.842615220695734024e-03
3.026634454727172852e-03
9.079903364181518555e-03
3.026634454727172852e-03
5.447941832244396210e-03
6.658595521003007889e-03
4.842615220695734024e-03
9.079903364181518555e-03
5.447941832244396210e-03
6.658595521003007889e-03
8.474576286971569061e-03
4.842615220695734024e-03
6.053268909454345703e-03
5.447941832244396210e-03
3.026634454727172852e-03
4.237288143485784531e-03
8.474576286971569061e-03
1.150121074169874191e-02
1.089588366448879242e-02
8.474576286971569061e-03
5.447941832244396210e-03
8.474576286971569061e-03
1.210653781890869141e-02
6.658595521003007889e-03
6.658595521003007889e-03
1.029055658727884293e-02
1.089588366448879242e-02
8.474576286971569061e-03
7.263922598212957382e-03
9.685230441391468048e-03
1.694915257394313812e-02
1.392251811921596527e-02
1.392251811921596527e-02
1.271186396479606628e-02
1.150121074169874191e-02
1.210653781890869141e-02
1.634382642805576324e-02
1.513317227363586426e-02
1.694915257394313812e-02
2.300242148339748383e-02
2.663438208401203156e-02
2.360774762928485870e-02
2.723971009254455566e-02
2.360774762928485870e-02
3.147699683904647827e-02
3.510895743966102600e-02
4.539951682090759277e-02
5.084745585918426514e-02
4.116222634911537170e-02
1.210653781890869141e-01
