6.255331682041287422e-04
6.255331682041287422e-04
3.980665351264178753e-04
3.411999205127358437e-04
3.980665933340787888e-04
5.117998225614428520e-04
2.843332476913928986e-04
2.274666039738804102e-04
2.843332476913928986e-04
3.980665351264178753e-04
3.411999205127358437e-04
5.686665535904467106e-04
6.255331682041287422e-04
4.549332079477608204e-04
1.705999602563679218e-04
3.411999205127358437e-04
3.411998914089053869e-04
3.411999205127358437e-04
3.980665351264178753e-04
3.980665933340787888e-04
5.686665099347010255e-05
2.843332476913928986e-04
5.117998225614428520e-04
3.980665351264178753e-04
2.843332476913928986e-04
2.843332476913928986e-04
5.686665535904467106e-04
1.705999602563679218e-04
5.686665535904467106e-04
3.980665351264178753e-04
5.117998807691037655e-04
3.411998914089053869e-04
5.117998225614428520e-04
6.823997828178107738e-04
6.823998410254716873e-04
7.392663974314928055e-04
5.686664953827857971e-04
8.529997430741786957e-04
5.117998807691037655e-04
1.137333107180893421e-03
9.667330887168645859e-04
8.529997430741786957e-04
1.705999602563679218e-03
2.274665981531143188e-03
1.933466177433729172e-03
3.241398837417364120e-03
4.264998715370893478e-03
6.596531253308057785e-03
1.825419440865516663e-02
9.417685270309448242e-01
