5.012764334678649902e-01
1.016635522246360779e-01
5.353052914142608643e-02
2.955166436731815338e-02
2.775061875581741333e-02
2.045639976859092712e-02
1.957149058580398560e-02
2.508886158466339111e-02
7.227254100143909454e-03
7.378350943326950073e-03
8.421386592090129852e-03
6.735702976584434509e-03
1.121003832668066025e-02
1.298688538372516632e-02
6.426479085348546505e-04
2.291162870824337006e-02
4.656661767512559891e-03
6.426479085348546505e-04
3.613627050071954727e-03
0.000000000000000000e+00
8.421386592090129852e-03
5.850794725120067596e-03
1.285295817069709301e-03
4.807759542018175125e-03
1.285295817069709301e-03
3.522463608533143997e-03
6.426479085348546505e-04
2.328331116586923599e-03
8.730610832571983337e-03
4.014014266431331635e-03
0.000000000000000000e+00
7.536477409303188324e-03
1.685683149844408035e-03
6.426479085348546505e-04
1.313798222690820694e-02
4.014013800770044327e-03
2.970979083329439163e-03
6.426479085348546505e-04
4.165111575275659561e-03
0.000000000000000000e+00
4.807759542018175125e-03
6.493442691862583160e-03
3.371366299688816071e-03
5.208146758377552032e-03
0.000000000000000000e+00
7.536477874964475632e-03
2.328331116586923599e-03
3.613627050071954727e-03
1.056739129126071930e-02
1.507295668125152588e-02
