7.583442144095897675e-03
7.372097112238407135e-03
6.899232510477304459e-03
6.164893973618745804e-03
5.878035910427570343e-03
6.898411549627780914e-03
4.843687638640403748e-03
5.653365980833768845e-03
5.470140837132930756e-03
6.332156248390674591e-03
6.518290378153324127e-03
5.748716183006763458e-03
6.372434087097644806e-03
5.583022721111774445e-03
5.504728294909000397e-03
5.690387915819883347e-03
5.711347796022891998e-03
6.673741154372692108e-03
5.362776573747396469e-03
6.126056425273418427e-03
5.963747389614582062e-03
6.204305682331323624e-03
6.087392102926969528e-03
6.784534547477960587e-03
6.656684447079896927e-03
6.571101956069469452e-03
6.327430717647075653e-03
7.237387821078300476e-03
7.614698261022567749e-03
7.732953876256942749e-03
8.349858224391937256e-03
8.543800562620162964e-03
9.174851700663566589e-03
9.698191657662391663e-03
1.078925561159849167e-02
1.104734651744365692e-02
9.813711047172546387e-03
1.133355591446161270e-02
1.251149922609329224e-02
1.298324018716812134e-02
1.498843822628259659e-02
1.542358752340078354e-02
1.714077405631542206e-02
1.966405846178531647e-02
2.067782357335090637e-02
2.413778379559516907e-02
2.790372632443904877e-02
3.628358989953994751e-02
5.718249827623367310e-02
4.727852046489715576e-01
