9.135429747402667999e-03
2.228919183835387230e-03
1.475481782108545303e-03
1.538268290460109711e-03
8.162239682860672474e-04
1.067369827069342136e-03
1.035976572893559933e-03
1.098763081245124340e-03
8.790104184299707413e-04
8.790104184299707413e-04
7.848307723179459572e-04
6.278646178543567657e-04
3.767187590710818768e-04
6.906510679982602596e-04
6.278646178543567657e-04
5.964713636785745621e-04
4.395052092149853706e-04
6.592578138224780560e-04
6.906510097905993462e-04
5.650781095027923584e-04
5.022916593588888645e-04
5.964713636785745621e-04
2.825390547513961792e-04
7.534375181421637535e-04
8.162239682860672474e-04
6.592578720301389694e-04
6.278646178543567657e-04
6.592578138224780560e-04
9.104036143980920315e-04
5.650781095027923584e-04
1.067369827069342136e-03
8.476172224618494511e-04
1.035976572893559933e-03
1.067369827069342136e-03
6.906510097905993462e-04
9.417969267815351486e-04
1.569661544635891914e-03
1.067369710654020309e-03
1.475481782108545303e-03
1.444088527932763100e-03
1.914986874908208847e-03
2.009166637435555458e-03
2.228919416666030884e-03
2.731211017817258835e-03
3.139323089271783829e-03
3.924153745174407959e-03
5.964713636785745621e-03
8.978463709354400635e-03
1.732906326651573181e-02
9.079864621162414551e-01
