1.136446930468082428e-02
1.114451233297586441e-02
1.063127815723419189e-02
9.458171203732490540e-03
9.018256328999996185e-03
1.063127815723419189e-02
7.405234966427087784e-03
8.871618658304214478e-03
8.578341454267501831e-03
9.898087009787559509e-03
1.026468258351087570e-02
8.871617726981639862e-03
9.898087009787559509e-03
8.724980056285858154e-03
8.724980056285858154e-03
8.944937959313392639e-03
8.944937027990818024e-03
1.048463955521583557e-02
8.358384482562541962e-03
9.458171203732490540e-03
9.531490504741668701e-03
9.824766777455806732e-03
9.384852834045886993e-03
1.055795885622501373e-02
1.048463955521583557e-02
1.026468258351087570e-02
9.898087009787559509e-03
1.136446930468082428e-02
1.187770348042249680e-02
1.209766045212745667e-02
1.305081043392419815e-02
1.341740600764751434e-02
1.429723575711250305e-02
1.510374713689088821e-02
1.671676710247993469e-02
1.715668290853500366e-02
1.517706550657749176e-02
1.752327941358089447e-02
1.950289681553840637e-02
1.979617401957511902e-02
2.302221581339836121e-02
2.375540882349014282e-02
2.624825760722160339e-02
2.954762056469917297e-02
3.108732402324676514e-02
3.585306555032730103e-02
4.061881452798843384e-02
5.088349431753158569e-02
7.390570640563964844e-02
2.083730548620223999e-01
