3.195966913342784604e-04
8.247393857330143020e-05
9.082659167633780424e-07
9.396877075541933941e-07
9.391205433472500694e-07
8.955878152451031739e-07
9.410341385160915949e-07
9.280423253931921190e-07
8.794593383486259455e-07
5.356816760193195430e-06
2.126953675785383426e-05
1.051258004271048125e-05
2.182997036392008653e-05
5.348474134922834875e-06
8.851002688020327575e-07
2.666783250247445050e-06
1.068583520137605842e-05
5.420421734723652518e-06
1.062746147956736726e-05
7.941233396358467629e-06
2.187563835983187969e-05
7.881409933904521046e-06
1.078883655772479454e-05
1.331070107484330322e-05
4.390037899890042916e-05
1.360673760956265524e-05
1.087034995124001649e-05
8.078347459587292530e-06
2.167811332938907737e-05
1.059598000993585248e-05
2.179046455892746589e-05
1.368082414617533717e-05
3.170804511627351211e-05
8.087137676496689023e-06
8.989587894451264004e-07
1.090115019810818548e-05
4.336313662436560039e-05
2.401505001025013177e-05
5.360975659986995557e-05
1.840490021169535029e-05
2.169956893444866563e-05
2.155041507710691410e-05
6.563825947546635196e-05
6.329945682203198950e-05
1.815948727994718933e-04
1.337549727577093243e-04
3.463016029831885302e-04
5.682402438340845852e-02
2.281155131088609678e-01
