1.953274311585260267e-03
4.934624794356198526e-04
7.213099509903565874e-05
3.870793730985938748e-05
8.567549662136475465e-05
3.153826885299830388e-05
4.339840470584019723e-05
2.920582429778875063e-05
7.188065850476151194e-05
3.944833207635117778e-05
8.783267525285833044e-05
5.036444382657678928e-05
1.146031300301632999e-04
6.023936325115482007e-05
1.309902365364344460e-04
5.129753794656026310e-05
7.149535756477030587e-05
3.937987097401762977e-05
8.447583434752858704e-05
5.417018248218334701e-05
1.308969620676594535e-04
6.136590103287560940e-05
1.132918967619793546e-04
6.468428646772141728e-05
1.406437961984316227e-04
5.742103243290772323e-05
8.786548014484465963e-05
7.166221907174364833e-05
2.020420317874743060e-04
1.048417937266219119e-04
2.196844245027714145e-04
8.589132468075569163e-05
1.317241628619691377e-04
8.297662490022393296e-05
2.023030531665737412e-04
1.231660350973873914e-04
3.017797864912316911e-04
1.714013219056463252e-04
3.823801907941599661e-04
2.394380795730995950e-04
5.975722663611686804e-04
3.588671842441735929e-04
8.290909437590959297e-04
4.702064964791680297e-04
1.074612647307987773e-03
8.039112410260742430e-04
2.135078606621664682e-03
4.581211686897832674e-02
1.861984920258550336e-01
