5.684502059609288699e+04
1.378866798378676867e+04
1.745558648181295496e+02
9.340656797397971900e+01
1.975652782834423817e+02
9.611591760198329837e+01
1.892187386227751347e+02
8.564020260974992027e+01
1.516043953544874512e+02
7.574591626823169577e+01
1.511449016781326122e+02
7.747914295940341844e+01
1.496017552069520207e+02
7.797145576611346485e+01
1.580769306810401815e+02
8.551058288013273057e+01
1.966261445696251542e+02
7.439919112488158248e+01
1.114834916912396352e+02
5.054774160647689030e+01
8.886105257300411608e+01
5.453243625790210558e+01
1.297238062148134645e+02
6.279196808011855069e+01
1.172978287144429146e+02
6.431082175300475967e+01
1.436805545908681836e+02
6.995793063051402783e+01
1.457559307377472919e+02
6.345790856537542624e+01
1.182661915871190672e+02
5.751681707886529438e+01
1.156381402897336699e+02
6.982511518109222948e+01
1.538659118069061549e+02
7.245102231949188365e+01
1.330726070750176291e+02
7.264384827570367520e+01
1.609440112733886963e+02
7.170629187907984203e+01
1.301648715008895749e+02
6.838329811548959469e+01
1.398844511917085356e+02
7.909622012755473008e+01
1.748973352458469037e+02
7.654437790165189881e+01
1.379721628558311295e+02
8.560469697375376086e+01
2.063881709394159714e+02
