3.405110136613302984e+03
8.711772463118869609e+02
2.699412970240724263e+01
1.005261825604793557e+01
1.336779609785621759e+01
6.665346931058838464e+00
1.367433643580139702e+01
8.287954030664295146e+00
1.994019014071776397e+01
8.489482479739697496e+00
1.334013067888572124e+01
7.252694223822910402e+00
1.562886785643243570e+01
6.678856367146371653e+00
1.102713528942857835e+01
7.650720127088661116e+00
2.061045969299824776e+01
7.265917828801041978e+00
8.790013108568492939e+00
5.627619540066202575e+00
1.334361275273240821e+01
6.742919622823739800e+00
1.353286424120366149e+01
4.584412995501736532e+00
4.506577910110216578e+00
3.899061026736932778e+00
1.102699143014206129e+01
5.668044153352764347e+00
1.144648478437317074e+01
6.667956346086120867e+00
1.601133262147491010e+01
7.326203404653140794e+00
1.348010609357539735e+01
6.023482677111204886e+00
1.144989741112889980e+01
7.891721521220214974e+00
2.021908425832406664e+01
7.240785372484327631e+00
8.844347879908418975e+00
6.838107434908487825e+00
1.823459863554160520e+01
1.255689063078926715e+01
3.143565317412430460e+01
1.578887825835759884e+01
3.177173752576148047e+01
1.484026631289505360e+01
2.710707832692168040e+01
2.149896717046306094e+01
5.959161648848715487e+01
