3.546836510970611034e+00
1.902010314629296817e+00
1.667131534595023057e+00
2.340470532101658119e+00
2.050728077645679104e+00
2.293656336136484342e+00
2.409993966424742506e+00
2.369459953224808402e+00
2.097922496334932330e+00
2.473341343069444420e+00
2.275124839960265266e+00
2.263859391733351600e+00
2.359688256908808679e+00
2.292062059208206382e+00
2.431996760376880395e+00
2.443262208603793617e+00
2.359990662746168422e+00
2.720370357640488734e+00
2.786704684250172814e+00
3.047962281168778986e+00
2.908814610576822890e+00
3.118296561912915710e+00
3.395885735619476709e+00
3.904175670250197072e+00
3.531642694606458743e+00
2.978741806539898729e+00
3.089004181095560853e+00
3.481639390927884214e+00
4.348814714685166116e+00
3.871008230016932394e+00
4.076062926662669561e+00
4.173361174047861333e+00
3.495541474665329940e+00
4.388057133722605307e+00
3.897544896102084433e+00
4.556550909245879133e+00
4.792112317841591640e+00
4.669978575670607590e+00
5.030713846659405242e+00
4.864474268495204257e+00
5.451985116947781762e+00
5.320179926549738703e+00
6.497882844441446260e+00
7.372478188350939377e+00
8.625281325137844846e+00
1.040854971691482156e+01
1.313488566663260038e+01
1.943143157850024494e+01
9.440195713945041689e+01
