8.961197151080778703e-03
0.000000000000000000e+00
1.045472888728443163e-02
5.974131434053852469e-03
5.974131059950582405e-03
1.045472888728443163e-02
8.961197151080778703e-03
4.480598201437119288e-03
5.974131434053852469e-03
2.987065717026926234e-03
2.987065717026926234e-03
0.000000000000000000e+00
2.987065717026926234e-03
7.467663918464045522e-03
5.974131059950582405e-03
8.961196402874238576e-03
7.467663918464045522e-03
7.467663918464045522e-03
4.480598201437119288e-03
1.344179535251789799e-02
5.974131059950582405e-03
8.961196402874238576e-03
1.344179385610481774e-02
7.467663918464045522e-03
1.194826286810770494e-02
1.493532783692809104e-02
5.974131059950582405e-03
1.045472963549097176e-02
2.987065717026926234e-03
8.961196402874238576e-03
5.974131434053852469e-03
8.961196402874238576e-03
8.961197151080778703e-03
8.961197151080778703e-03
8.961197151080778703e-03
1.792239280574847715e-02
1.642885882492520558e-02
1.344179385610481774e-02
1.642886181775136262e-02
1.792239430216155741e-02
3.136418965467945019e-02
2.837712169303290705e-02
3.883185357314349745e-02
7.019604322782295458e-02
7.915723514145794892e-02
1.344179505323528090e-01
2.359781894005075487e-01
5.735165697839512688e-01
2.417581718320893813e+01
