8.411518009984058075e-01
2.205839063753116669e-01
3.925055912771344135e-02
1.785020415391492046e-02
3.411391177814018100e-02
1.677472274427411342e-02
3.285933176305634584e-02
1.697725741904657082e-02
3.730114201431906917e-02
1.932486247476960378e-02
4.168669307266827800e-02
2.187541298072618462e-02
4.582902178413468530e-02
2.382572983648970771e-02
5.188145079106031010e-02
2.418660921752864915e-02
4.222987369561648913e-02
2.310179443688375675e-02
4.703358136104153486e-02
2.607346512686689252e-02
5.533469835292757072e-02
3.168516496050074321e-02
7.484033082088535627e-02
3.297303496811130469e-02
5.870168585481077422e-02
3.322615456660591576e-02
7.678823340292040278e-02
4.214081252330496852e-02
9.370275237245807853e-02
4.470512051946063520e-02
9.005574727314859251e-02
4.911667502973717653e-02
1.034559622261246870e-01
5.554301020930783178e-02
1.119763640786770736e-01
6.626356738231926891e-02
1.454257349205569094e-01
7.948511903087129848e-02
1.614210135765082044e-01
9.997404296901639398e-02
2.333274046473381713e-01
1.511688846393310082e-01
3.723981943621888502e-01
2.207998559279026884e-01
5.154166746277535349e-01
4.235999159482146115e-01
1.195368463198823950e+00
7.634973589915056813e+00
2.871504438554317318e+01
