2.557722118108039285e+04
6.424525596213941753e+03
3.974596087181878801e+01
1.906655354437232219e+01
3.464180900788856832e+01
2.055611967327620704e+01
5.007411025630840840e+01
2.435884038184029521e+01
4.849892962191605505e+01
2.280546661957994914e+01
4.425630453391896424e+01
2.103753047401532683e+01
4.042143189216312749e+01
1.904541604436425217e+01
3.492613727895908937e+01
1.523950591432837420e+01
2.708365202603592081e+01
1.303374850774804550e+01
2.473171050434561735e+01
9.871771152895329138e+00
1.577812119748029929e+01
1.351032641533622680e+01
3.686929027348146093e+01
1.559856430539007910e+01
2.582969664647465180e+01
9.109391717640813013e+00
1.009272516345912329e+01
7.558863237173638616e+00
2.063023473379662320e+01
8.535691232959946362e+00
1.466955097171888411e+01
7.365275540480507921e+00
1.475451154247962293e+01
6.216222145979178215e+00
1.011883232531241106e+01
5.877650720379357985e+00
1.311744634662969311e+01
6.085551559845968406e+00
1.130628962169365970e+01
5.830690454679043455e+00
1.159165568347956921e+01
5.999093391160401190e+00
1.328190264725418146e+01
5.644213528543431835e+00
1.017343446061991585e+01
5.380598217748582712e+00
1.152739429010203942e+01
1.148994201928231718e+01
3.498267345984028509e+01
