1.620466510181885553e+02
4.113185998309391067e+01
3.073168853543522400e-02
1.454447810913804887e-02
2.887405998219540193e-02
1.401648498054688767e-02
2.639953164440012393e-02
1.336316579109417431e-02
2.543359806954818142e-02
1.215992162020244904e-02
2.349639318542305275e-02
1.134278384520351693e-02
2.214354286592804325e-02
1.073272938647669775e-02
2.105774021317084743e-02
1.017395785304886849e-02
2.003849477906607252e-02
9.882959727576899958e-03
1.961941437993532794e-02
9.518453467573162116e-03
1.855079620102714419e-02
9.107943583402762153e-03
1.706256887329075586e-02
8.516365384613330466e-03
1.683850580220590948e-02
8.082415111990310166e-03
1.611317360977781304e-02
7.729023681502540828e-03
1.540131671756441584e-02
7.265682235714307317e-03
1.421852990347216399e-02
6.934880256860390633e-03
1.360606273130920627e-02
6.700873676465954852e-03
1.360129904752901790e-02
6.367659747549985795e-03
1.259849938672526204e-02
6.236690626591455400e-03
1.236949607518498216e-02
5.976386134572260651e-03
1.202321608593417968e-02
5.766795530387090057e-03
1.110472057926946074e-02
5.609691996977111961e-03
1.085134666625336107e-02
5.383841561090924911e-03
1.048026673085890315e-02
5.213534280891756606e-03
1.015893484632204684e-02
