1.609871750106928266e+04
4.158402150785836056e+03
6.882815853281444163e+01
3.787974495503656414e+01
8.738396081231377366e+01
3.729295091723307820e+01
6.419204687954403710e+01
3.341781423221777914e+01
7.121338518654476957e+01
3.297538442327223862e+01
5.985789443649115782e+01
2.874636617078209611e+01
5.409166655242947286e+01
2.719883202472997752e+01
5.524866507722067865e+01
2.623200730299847194e+01
4.901179293203998100e+01
2.338195308446971055e+01
4.214568471485742407e+01
2.039084353240262359e+01
3.892426247187356125e+01
2.411526658675255774e+01
5.880164305098539046e+01
2.614734717655414187e+01
4.420949802279328367e+01
1.874658508820168734e+01
3.209495469108801302e+01
1.969710376035547483e+01
4.693519035054330857e+01
2.118655062406043399e+01
3.899223283046251254e+01
1.728921201571155919e+01
3.127125648614637754e+01
1.435045629780497300e+01
2.453094805381742560e+01
1.026386457925359075e+01
1.563519304160738521e+01
7.847644485300613759e+00
1.572585579219456875e+01
9.565128728410783765e+00
2.289476216142486464e+01
8.896818778458511545e+00
1.319533039104956984e+01
7.678600718223804300e+00
1.767909031005829590e+01
1.438723099431564201e+01
3.774991221236417971e+01
3.205586077653896382e+01
9.018554624722457902e+01
