3.762331325560808182e-03
2.014075173065066338e-03
1.138465828262269497e-03
1.186238718219101429e-03
6.972959963604807854e-04
9.203272638842463493e-04
5.469670286402106285e-04
8.379012579098343849e-04
5.087313475087285042e-04
7.303593447431921959e-04
4.180782707408070564e-04
3.652262967079877853e-04
6.443507736548781395e-04
5.172998062334954739e-04
9.119138121604919434e-04
5.996327381581068039e-04
4.361840256024152040e-04
5.651659448631107807e-04
4.312912351451814175e-04
2.742317446973174810e-04
5.172998644411563873e-04
6.625496898777782917e-04
4.395183641463518143e-04
4.527313285507261753e-04
6.657908670604228973e-04
6.015637191012501717e-04
3.320696705486625433e-04
6.048049544915556908e-04
4.427595413289964199e-04
1.240742276422679424e-03
7.435723673552274704e-04
7.286146283149719238e-04
4.312912351451814175e-04
5.733930738642811775e-04
1.096895779483020306e-03
9.021283476613461971e-04
6.676287157461047173e-04
9.467531926929950714e-04
1.358255743980407715e-03
1.824014121666550636e-03
1.176266930997371674e-03
2.129564527422189713e-03
2.846617717295885086e-03
3.465759567916393280e-03
4.841934889554977417e-03
5.496257450431585312e-03
8.661452680826187134e-03
1.291496865451335907e-02
2.485557645559310913e-02
9.008731842041015625e-01
