2.195814624428749084e-03
1.033324748277664185e-03
6.888830685056746006e-04
5.166623159311711788e-04
4.305519105400890112e-04
5.166622577235102654e-04
3.874967223964631557e-04
7.319382857531309128e-04
4.305519178160466254e-05
4.736070986837148666e-04
3.013863461092114449e-04
3.013863461092114449e-04
3.013863461092114449e-04
4.736070986837148666e-04
3.013863461092114449e-04
1.291655789827927947e-04
2.152759552700445056e-04
4.305519396439194679e-04
3.013863461092114449e-04
8.611038356320932508e-05
4.736070986837148666e-04
3.444415342528373003e-04
2.583311579655855894e-04
2.583311579655855894e-04
2.583311579655855894e-04
5.166622577235102654e-04
1.291655789827927947e-04
4.305519396439194679e-04
1.722207671264186502e-04
5.166622577235102654e-04
4.736070986837148666e-04
3.444415342528373003e-04
3.013863461092114449e-04
3.874967223964631557e-04
3.013863461092114449e-04
4.736070986837148666e-04
5.166623159311711788e-04
5.166623159311711788e-04
8.611037628725171089e-04
8.611038792878389359e-04
4.305519396439194679e-04
8.611037628725171089e-04
1.205545384436845779e-03
9.041589219123125076e-04
1.420821412466466427e-03
1.808317960239946842e-03
2.755532041192054749e-03
5.855506286025047302e-03
9.558252990245819092e-03
9.569448232650756836e-01
