8.448896733848004078e+04
2.154201532162832882e+04
2.434495577867564862e+02
1.285806690097249714e+02
2.738207017711084745e+02
1.293354925578313157e+02
2.386564268503787218e+02
1.197261938815225193e+02
2.498696570345173313e+02
1.193386521973715020e+02
2.234236348580083416e+02
1.129952672817873065e+02
2.292442337985345944e+02
1.103641863091216067e+02
1.978446411043379953e+02
1.026008747250524777e+02
2.073951462977864253e+02
9.581487592569054357e+01
1.747753559039190066e+02
9.545634909906489440e+01
1.993948804605916223e+02
9.676782621893947578e+01
1.923727204358637550e+02
9.472110764248519388e+01
1.814976474516007272e+02
8.638714504970265295e+01
1.567343449108599600e+02
9.282411179944963919e+01
2.196097218110751044e+02
9.887558778030660278e+01
1.711104999370270718e+02
7.896214290428736149e+01
1.502118445651703666e+02
6.862762025759683127e+01
1.307289197533182801e+02
7.410357821081441898e+01
1.610157236787254362e+02
8.430032481629494612e+01
1.642534730543962382e+02
8.177962863063996224e+01
1.587295344053970894e+02
8.601271974507629636e+01
1.777913425372178722e+02
8.595622242909044530e+01
1.736292319931186512e+02
8.820184467496993364e+01
1.817119447011115483e+02
8.229230594804003829e+01
1.441321566759457653e+02
