2.040228284308774528e+04
2.134098419481362612e+02
1.264668239399469769e+02
8.595888826055555398e+01
6.324055301488542113e+01
4.896342149209205274e+01
3.931590950232439496e+01
3.242888140506158123e+01
2.734214694380133537e+01
2.343318385408229787e+01
2.035439017898953651e+01
1.789810326591607748e+01
1.588475522795699391e+01
1.421007663979609781e+01
1.281397011443401546e+01
1.162312026267072440e+01
1.061671598618307932e+01
9.716683886253063562e+00
8.946342426183097274e+00
8.269586728457138491e+00
7.668637662370739960e+00
7.140829427986735034e+00
6.666104345666243880e+00
6.237710791841960756e+00
5.856330873964659567e+00
5.508807979504256380e+00
5.191064191076061540e+00
4.905449213823574794e+00
4.642358509766621566e+00
4.400909989951813372e+00
4.177190527953590582e+00
3.981821932000306763e+00
3.784695359117070446e+00
3.607891712656412508e+00
3.446712977551120272e+00
3.295195364339531974e+00
3.152732572512560338e+00
3.022172090628350460e+00
2.898792339907753313e+00
2.783210162520458386e+00
2.673546817512842733e+00
2.572726530531262767e+00
2.476675027264913176e+00
2.385180621867422968e+00
2.300815246989265095e+00
2.220065894234528159e+00
2.146975290444418594e+00
2.071259658139770199e+00
2.002679722404541174e+00
