3.603023668180334482e+00
1.405199626983326011e+00
1.378656776247841664e+00
1.415672014006372992e+00
1.358001412113018835e+00
1.320096927373360929e+00
1.516707357333466399e+00
1.453576619534808545e+00
1.533129437177669363e+00
1.581292754381472987e+00
1.452949363412424644e+00
1.528420607469405779e+00
1.448026737567704281e+00
1.677067625652733485e+00
1.538741404576490446e+00
1.570896101922018229e+00
1.581430453588004603e+00
1.682541652267467880e+00
1.608111245107575638e+00
1.661272801930914200e+00
1.842702015159709106e+00
1.970969429987609711e+00
2.024055252247356051e+00
2.223360962992147805e+00
2.323506938549336542e+00
2.216508132480434323e+00
2.291138445067352425e+00
2.344989464233569354e+00
2.639656103108583451e+00
2.772157043804658993e+00
2.836052857721009790e+00
2.965023867178774974e+00
3.361063695591994804e+00
3.380629786529887770e+00
3.953176564693514639e+00
4.047986333631278910e+00
4.369044595692147759e+00
4.770910308429423097e+00
5.054766834859054647e+00
5.566437760125364953e+00
6.770483487276937495e+00
7.131660292371956089e+00
8.701714375724913353e+00
9.703241773012292626e+00
1.197050607459776295e+01
1.442424409113340467e+01
1.909408124934832784e+01
3.069024840732711112e+01
5.563679524229763729e+01
