1.705665839944263687e+06
4.149218285086749238e+05
4.232853413719974014e+03
2.118538266979805030e+03
4.232996642774767679e+03
2.051884027944908667e+03
3.881245821394746599e+03
1.954346176035326380e+03
3.846236561699480717e+03
1.722372129964383475e+03
3.061830467990195302e+03
1.695982026231682767e+03
3.685975060710104572e+03
1.699726571343813248e+03
2.897580531309023172e+03
1.324492765427634595e+03
2.466653298539889420e+03
1.114124355834293738e+03
1.971677488680269107e+03
1.116261396521947063e+03
2.426233330867419681e+03
9.438271162909092027e+02
1.399214165052079579e+03
7.156044307568890872e+02
1.392626253597394452e+03
1.003601604043571456e+03
2.553499679240584101e+03
8.763431248130106042e+02
9.142490123207970782e+02
7.075091728358860337e+02
1.841486394538022751e+03
7.024044755034375385e+02
9.411918619399933732e+02
4.617915367383498051e+02
9.301790769588860712e+02
4.879484158507538041e+02
1.028922021792254554e+03
3.805225166548726747e+02
4.765241546359524705e+02
3.228198622943089617e+02
8.037623765299314300e+02
3.438353272655118076e+02
5.792275159581088246e+02
3.204451606916278479e+02
7.003377430441248634e+02
2.597095103252043486e+02
3.451738718332775875e+02
1.429048835485810969e+02
2.361662469292909918e+02
