7.578816100859824554e-05
0.000000000000000000e+00
0.000000000000000000e+00
7.578816100859824554e-05
0.000000000000000000e+00
0.000000000000000000e+00
0.000000000000000000e+00
7.578816100859824554e-05
0.000000000000000000e+00
0.000000000000000000e+00
0.000000000000000000e+00
7.578816100859824554e-05
0.000000000000000000e+00
0.000000000000000000e+00
0.000000000000000000e+00
0.000000000000000000e+00
0.000000000000000000e+00
0.000000000000000000e+00
0.000000000000000000e+00
7.578816100859824554e-05
7.578816100859824554e-05
0.000000000000000000e+00
0.000000000000000000e+00
7.578816100859824554e-05
7.578816100859824554e-05
7.578816100859824554e-05
0.000000000000000000e+00
7.578816100859824554e-05
1.515763220171964911e-04
7.578816100859824554e-05
7.578816100859824554e-05
1.515763220171964911e-04
7.578816100859824554e-05
2.273644830257947095e-04
1.515763220171964911e-04
1.515763220171964911e-04
7.578816100859824554e-05
7.578816100859824554e-05
1.515763220171964911e-04
3.789408050429912277e-04
7.578816100859824554e-04
4.547290216358867293e-04
3.031526718265416102e-04
7.578817212545769675e-04
9.852461209039257116e-04
1.667339708942053170e-03
2.804162429784661653e-03
6.593571202810438042e-03
4.606405076994721792e-01
