2.781243054888746337e+04
7.082255565378659412e+03
6.698131575245344038e+01
3.239398382216837291e+01
6.584845150188061780e+01
3.376520885594459997e+01
6.984055763596910538e+01
3.404861137312402519e+01
6.835689865592085823e+01
3.224160230927365234e+01
6.027041449186501865e+01
2.917800472995877925e+01
5.207709577310098581e+01
3.001132884531424949e+01
6.652821219681840148e+01
2.748295426152521159e+01
4.503226747954297338e+01
2.251138875416657115e+01
4.381190356887890403e+01
2.785447577309836831e+01
6.628571049115193148e+01
2.808981980959690716e+01
4.878666589718202573e+01
1.776025836551263737e+01
2.324568700819041922e+01
1.553553474230154308e+01
3.820722419464782149e+01
2.083682255573135578e+01
4.366652567139092156e+01
2.127630747491641117e+01
4.059097728182080544e+01
2.078335892468971835e+01
4.016088761385751127e+01
1.867797193653516530e+01
3.171076044149408091e+01
1.727881044581618042e+01
3.603495011802057491e+01
2.213366348695440422e+01
4.944088907516515263e+01
2.038805826986891034e+01
2.926592472467373440e+01
1.854646318181821130e+01
4.489156635256365746e+01
2.209289632606726528e+01
4.058680431079881856e+01
2.296757807288622288e+01
5.013821651778432908e+01
2.582042902886413316e+01
5.350431719780159057e+01
