5.207905993642755055e-02
1.363627451717793794e-02
3.347977719730507642e-03
1.434476870134071633e-03
2.536048034978312295e-03
1.157202643632691602e-03
2.130064950947085922e-03
1.032241306092825496e-03
2.072312931387996875e-03
1.208651648199062824e-03
2.702745688221431988e-03
1.448405544132190092e-03
3.226848908951795818e-03
1.483941168271052814e-03
2.797331617233179187e-03
1.715519764299893108e-03
3.995624064554548042e-03
1.770124907665539390e-03
2.934798585206007532e-03
1.620386492522457415e-03
3.478968479015327655e-03
1.750999937620275736e-03
3.510624771541140821e-03
2.295036546726073132e-03
5.669530331368173234e-03
2.641705264388758551e-03
5.170924444558280299e-03
2.524491327955688015e-03
4.870533342167709771e-03
2.413301530329204671e-03
5.054390561077580848e-03
2.937486956552461375e-03
6.442677202226104738e-03
3.352596864715956179e-03
6.791878100882846672e-03
4.162556298855537955e-03
1.004478492932225388e-02
5.622608730688348662e-03
1.213215849508119358e-02
6.752028248649347836e-03
1.444084407617957436e-02
9.387897147526386155e-03
2.324149203590482327e-02
1.457254284942428868e-02
3.650789180958812635e-02
3.084390560412613586e-02
8.627528255900863974e-02
4.980032014138897623e-01
1.899483905507530768e+00
