3.869695432686497849e+00
8.292599638876660961e+00
3.041198868098268449e+00
7.471237002224955681e+00
1.287175730555149755e+01
3.390463727075724965e+00
1.063130270975105596e+00
2.064173702023818002e+00
7.881420630008565409e-01
1.919759067093033567e+00
3.390090033608694764e+00
8.822464270802241604e-01
3.827394020264091035e-01
3.155012811091495450e-01
1.046957248369236732e-01
7.894934397505506962e-02
4.509109978583237255e-01
2.295164703282873142e-01
1.168460733818532521e-01
1.545528300772654462e-01
4.399788496770146856e-02
8.785237914671563397e-02
2.989824372494410132e-01
1.485500621317203673e-01
8.202134131344158974e-02
2.976802367283215567e-01
7.674053035592161287e-02
2.649322274229919394e-01
7.315087181840367325e-01
3.638080862826552631e-01
4.685585455292502755e-02
1.672834407453279160e-01
4.371732101460046316e-02
9.454177127916586765e-02
3.346035798619582113e-01
1.270572498190804811e-01
1.054871527276972643e-01
3.694378270714611667e-01
1.041739672736644862e-01
1.081157079955345213e-01
6.032316643690851521e-01
1.560614393758463503e-01
8.207445055886748719e-02
2.051000485205252133e-01
3.755076525966198620e-02
1.059871843093496135e-01
3.432995096313223304e-01
8.218877978113663108e-02
2.195367210978044492e-01
4.609758169840552644e-01
5.064484442150821164e-02
3.250229302029276068e-01
7.812734689477919270e-01
1.839915618502341865e-01
1.073313636866856935e-01
1.856979563548211143e-01
5.151184031506061967e-02
1.505218697853420717e-01
3.228233673451764707e-01
9.712221061397542654e-02
2.176256699055216237e-01
3.002716047416320033e-01
1.535471286441812966e-01
2.886044822096880402e-01
5.480849000814921324e-01
2.030082534183066945e-01
1.860164402369123005e-01
1.499745280870820596e-01
1.132732070493755044e-01
1.257048951983500973e-01
3.368736623295653931e-01
1.563095272648660494e-01
5.087474382751298041e-01
2.939736637070897163e-01
3.021193182033027891e-01
2.178778203107887834e-01
8.019137407605430035e-01
4.053015050500860528e-01
1.968511601055258353e-01
1.569525184350764047e-01
1.160255504266744508e-01
1.014119148795231129e-01
3.963107962639074722e-01
1.774956639762123589e-01
2.676854938327271061e-01
3.251129707037740402e-01
1.569494200322865129e-01
1.896694388063159542e-01
8.153861032047168278e-01
3.045162671311988922e-01
1.718387878754053799e-01
1.640007944241515525e-01
1.097439758641533536e-01
1.067965770221596944e-01
3.839135291736074374e-01
1.465231437079010102e-01
4.026190733533316912e-01
3.478270551898242080e-01
2.793920716986625918e-01
2.388727310859776465e-01
7.179219292173483202e-01
2.797231193604889365e-01
1.918840253077891134e-01
1.628471480378380354e-01
1.704595102102923476e-01
1.061953349232034188e-01
4.599429795331153037e-01
2.049187901549812674e-01
3.432444184606416315e-01
2.972428092813703682e-01
3.899899993700562950e-01
1.846983595222926322e-01
1.124098620050129727e+00
5.189515540523880199e-01
2.344005627672436087e-01
1.508120512267463742e-01
1.385106987274811463e-01
1.174456177858583666e-01
5.964781084803626454e-01
2.235900617553364111e-01
5.734130019695523606e-01
3.163440935539462706e-01
1.769514569925241254e-01
2.981580277966304759e-01
1.270022179018765351e+00
3.605684789129908752e-01
2.928006707991114288e-01
2.126672540778963560e-01
1.483018387116337433e-01
1.563948977739258450e-01
6.441990309058198694e-01
2.089918220009369387e-01
6.261892577927715697e-01
5.013674945387470716e-01
4.021608482939130758e-01
3.243239125596416028e-01
1.289569386968057341e+00
4.576434823311886224e-01
2.919099904877595630e-01
2.731048788232338653e-01
1.963729968136536941e-01
1.595778163437397701e-01
6.294560833960243240e-01
2.194600859284040195e-01
5.402678086410572789e-01
5.693293931359003635e-01
3.825976606334991481e-01
3.131482782462087777e-01
1.263438798179357558e+00
4.140539668981075838e-01
2.778176705152241022e-01
2.799017651636305226e-01
1.932106421789555328e-01
2.095905953810680566e-01
6.422375591803115569e-01
2.812319440926639436e-01
6.045065397432365373e-01
5.615406462855238034e-01
3.792014564875950122e-01
5.435278957751557005e-01
1.319534825631152097e+00
7.088374179813794473e-01
3.139176436347915211e-01
3.233935907522980657e-01
2.490156561521346124e-01
2.724673773232693663e-01
7.533614597663642609e-01
3.700418300982786235e-01
6.460495539616972760e-01
7.112686380878409098e-01
6.020332325602018031e-01
5.374397123628530393e-01
1.765130393780514950e+00
8.148336893413424820e-01
3.552337485030233055e-01
3.177024765816561791e-01
3.018554046282054260e-01
2.048880238506204376e-01
8.857809163672920594e-01
4.011568070241575690e-01
7.399531239605520172e-01
5.743194288998916264e-01
6.185993197433825586e-01
2.653541474343618645e-01
1.777551670018482133e+00
8.161185856794608284e-01
3.954218029433941295e-01
2.824098919536178198e-01
3.284075128328185489e-01
2.033208278829433113e-01
1.041878607513045285e+00
4.712212148293726255e-01
8.378889401039236740e-01
5.990179741319811013e-01
7.244705124714408973e-01
5.411004028934871535e-01
2.304759979266032932e+00
1.041642737508869265e+00
6.076869672667697397e-01
4.037388320260659746e-01
3.361573119527529463e-01
3.181389613455010701e-01
1.292787537751415972e+00
5.025276189149204820e-01
1.651563422621516786e+00
9.914934665826768967e-01
6.172032401632184806e-01
7.510030205004203374e-01
2.699713487431671943e+00
9.789357655292664218e-01
6.858193015246579760e-01
5.614994887010169577e-01
4.308625906549733986e-01
3.346509490196252212e-01
1.645592763441616979e+00
5.182837333866885388e-01
1.202715020625550801e+00
1.292369649959703271e+00
1.142773492230434451e+00
5.573787289800893330e-01
3.868863943424198037e+00
1.050264815391936279e+00
8.496506792191083068e-01
6.774362030685299185e-01
6.237407503108016726e-01
3.691419099799961856e-01
2.107597530899267380e+00
7.082502106201380432e-01
2.086352880230253337e+00
1.444668208888454375e+00
1.330204637842771875e+00
8.940354267931639454e-01
4.659844108597858359e+00
1.826565528141812722e+00
1.051232458847474627e+00
8.715575043031117408e-01
8.330486796781927383e-01
5.101066798060478469e-01
2.567458366852398921e+00
1.126149916766039594e+00
1.979173653450942316e+00
1.906062734834517824e+00
1.982453656105430007e+00
1.100588849140750947e+00
5.802973498553581244e+00
2.698939181224315753e+00
1.471338902198947585e+00
1.367147556444125334e+00
1.293883385214888104e+00
6.929114798210902482e-01
3.698075711940503663e+00
1.582277630737487284e+00
3.781587866070982074e+00
3.545332324786693690e+00
3.222762697921390806e+00
1.671641802760616580e+00
9.032044667595380716e+00
3.598763818519325586e+00
2.344536249885674550e+00
2.195662132446091430e+00
2.111342366810235571e+00
1.360633638262716216e+00
5.905747471435810247e+00
2.390901773632680083e+00
5.376204333767416799e+00
5.247442889379635211e+00
5.174044003901427047e+00
3.639912992628254962e+00
1.480421254868564063e+01
6.147333069843049280e+00
4.196344844796042750e+00
3.772694581808301528e+00
4.275225917422606159e+00
2.341395093222703228e+00
1.186469817418037209e+01
5.104076675378558470e+00
1.171065827568959961e+01
1.006382675793651416e+01
1.145564134784557986e+01
5.842887574437976461e+00
3.214938451729218372e+01
1.428204117293362785e+01
9.797888189875308740e+01
9.826556462915998225e+01
2.601940434868494378e+01
1.503533623846068110e+02
1.306789953106993494e+02
3.592410834592428159e+01
3.672707924618683819e+02
3.723160230293624409e+02
9.415855003998977679e+01
6.013164000008911216e+02
4.869799649140254019e+02
1.335227357712181231e+02
