4.888515412390082702e+02
2.985419850464743831e+03
3.986812551375029670e+03
3.217947799724543074e+03
2.116280342228566224e+04
2.661038679945569675e+04
1.232183968220324743e+02
7.326525566645273102e+02
9.873671746485979384e+02
8.165792167029098891e+02
5.263854093037774874e+03
6.538547789784364795e+03
4.340512154460760108e+00
4.508151462654837793e+00
8.938260699564670730e+00
2.417086449135489801e+01
1.162129662489775370e+02
9.382127295971073977e+01
3.332318516252888330e+00
2.888989622666373602e+00
5.823757816686663702e+00
1.191872644593537878e+01
5.108524950513458407e+01
5.678114824787606807e+01
8.735577868424124759e+00
6.780761556372024934e+00
1.374572151680490073e+01
2.259722273810050552e+01
8.293311317594944398e+01
1.290759925020982166e+02
3.340341617027918097e+00
2.901233650898028316e+00
5.651325440025119384e+00
7.937120774218525021e+00
3.369132073858662579e+01
5.913256508248134935e+01
4.445014815466130642e+00
4.522091043526089926e+00
8.987346044395016165e+00
9.149712112033402178e+00
5.391222231380416474e+01
1.041800271794917307e+02
1.630530307349015828e+00
2.339652889521775858e+00
4.016355118928172097e+00
6.670256717807563795e+00
3.813499225744746468e+01
5.656993628737967583e+01
2.185453607540233545e+00
4.522009393602697713e+00
6.825370548416038297e+00
1.809776824876075096e+01
9.617954153587618293e+01
1.266074404383193865e+02
1.689199023219746465e+00
2.859774867777217455e+00
7.527115097602878002e+00
7.447197605940952592e+00
3.544935083960080391e+01
6.232826721938094039e+01
4.318942924244220549e+00
6.837755683214119529e+00
2.287279829429904510e+01
1.140148889133034515e+01
4.970198153317869583e+01
1.282716093163175799e+02
2.763371381143433059e+00
2.297282688436403486e+00
9.717892429189571857e+00
5.640363197930865269e+00
3.183477219454172769e+01
6.248400299784462675e+01
6.669967452201060354e+00
2.333887973076844258e+00
1.621782940224685987e+01
1.123837419879572153e+01
8.059237809218467419e+01
1.226925330775604266e+02
2.177382486974752229e+00
1.696764305372281401e+00
7.806793630930689787e+00
6.072456527751017852e+00
3.690581187585330980e+01
5.280741670692893308e+01
2.250744229504948013e+00
4.544846727862053903e+00
1.576784239518211983e+01
1.328075979760405190e+01
6.902694570575529553e+01
9.222019865540903538e+01
1.688962308990748618e+00
1.687050000627394297e+00
8.622422775339943612e+00
9.481995332751372629e+00
3.806882656620412320e+01
5.007658128086155358e+01
4.503254205759697371e+00
2.311795734367758648e+00
1.844781280320497174e+01
2.490631644090780483e+01
8.244914363496333465e+01
1.041988178584001616e+02
2.246187288287586625e+00
1.176319705113548553e+00
6.896563833423312140e+00
1.182959598034267756e+01
4.020068640813988736e+01
5.150119001966348264e+01
4.423569704586622464e+00
2.286187060979532504e+00
9.109720314828964050e+00
2.214940555122632659e+01
8.026917843726535295e+01
1.007113835434820857e+02
1.694582411015392198e+00
2.303866335420150513e+00
5.148009989974651646e+00
1.083702654684353028e+01
3.156523338534467982e+01
4.833942935695259990e+01
2.178081425928144466e+00
6.879269891345358268e+00
1.142601812416678264e+01
2.005142072409443443e+01
4.445833902103581181e+01
9.122748017789780306e+01
2.228987510657512772e+00
3.526281550584081881e+00
6.348405108465022373e+00
1.021606632584163421e+01
2.439687677234128671e+01
4.459695513211187290e+01
6.670799519078029149e+00
6.753688626377983617e+00
1.381185543910031654e+01
2.030851051833015219e+01
5.213439044574882075e+01
8.939773245131047474e+01
1.677662139315608369e+00
2.321951298986144607e+00
4.448099583718254202e+00
8.297774045967436507e+00
2.170841462477415718e+01
4.305012832915224408e+01
2.547202083614729870e-03
2.328492717922519439e+00
4.491211788632431201e+00
1.328012459631448472e+01
3.358517374153233703e+01
8.039581955802749746e+01
3.802457192411268228e+00
5.690459106248875187e-01
2.249954773235598893e+00
5.639209215758926419e+00
2.358798162920311370e+01
5.417099007109260356e+01
1.552977602624441289e+01
1.242581526193214242e-02
4.591687626605130745e+00
8.851058257989979694e+00
6.167600996973209249e+01
1.353448169889651922e+02
5.044602186640434027e+00
1.141445046888071246e+00
3.456948383500171307e+00
4.435549656894008486e+00
2.802741357443993309e+01
5.588214090650627952e+01
4.363062319738575390e+00
4.600658383393379403e+00
9.005701033343834538e+00
9.035205289164194298e+00
5.227525645445101787e+01
9.115440440651995857e+01
2.713652882824230339e+00
1.723795060971831994e+00
3.999952637592480542e+00
4.505498657555028430e+00
2.476906726890663890e+01
4.080521588655857812e+01
6.583666977327910175e+00
2.251388008092722437e+00
6.910310106652055140e+00
8.971306935881933953e+00
4.554879961429259794e+01
7.180052283728007012e+01
3.294514661825743040e+00
5.686166267267653840e-01
3.467746270754417548e+00
5.569971551835506851e+00
1.886636436724579013e+01
3.919576177610332479e+01
6.772413196974326866e+00
1.285724099717110158e-02
6.767267400858496984e+00
1.333617095912630468e+01
3.112655546194604739e+01
8.739924024055176233e+01
3.832365073120107102e+00
1.290039410648404286e-02
2.772461121468551948e+00
8.435308663836680765e+00
2.359644534611557631e+01
4.366412969706166081e+01
8.805630252310532313e+00
1.283732758131189006e-02
4.507578948822289711e+00
2.058627020464730251e+01
6.348296535695830300e+01
9.124864257323649497e+01
2.712525385512643883e+00
1.256061991282241171e-02
2.907033298688058487e+00
1.012325906451223290e+01
2.813951103427984890e+01
4.255897640211099286e+01
2.244964264064020831e+00
1.193604532759592711e-02
6.690145388849949804e+00
1.972258424280308731e+01
5.069115629955580005e+01
7.540594700686949636e+01
1.620911613354670600e+00
5.834479619632713110e-01
2.227946821498564489e+00
1.080334686019368462e+01
1.701888666921573900e+01
4.647702727511105536e+01
4.333319894317203769e+00
2.281099292186585359e+00
2.269543818735567875e+00
2.241882811410724941e+01
1.829300517000378434e+01
1.043269216427553232e+02
3.337365882283998442e+00
1.127862451208673678e+00
5.719298666870179515e-01
1.136764465934487944e+01
1.476220301477492569e+01
4.500300677470478661e+01
8.976017545627509975e+00
2.315480219342518353e+00
1.680575047904995720e-02
2.224473707694413704e+01
4.003838682585362108e+01
7.394528510493086060e+01
4.379967916546982920e+00
1.688352945379480330e+00
3.450475534113285558e+00
1.172796907756016616e+01
1.775547404550460584e+01
4.561247427958445400e+01
8.857242275500768258e+00
4.492340949658580662e+00
1.353146191948740729e+01
2.422680653255755701e+01
3.129113010293138686e+01
1.141475059402659298e+02
2.165347561362839013e+00
1.143291330891350377e+00
3.947944502126297550e+00
1.483191872503968689e+01
1.386093671265030913e+01
5.093566148496774559e+01
2.561014040898077371e-03
1.187069716292496295e-02
2.240406051279488331e+00
3.627867822966403821e+01
2.236967140402730791e+01
9.285688954600983891e+01
1.654856502734226353e+00
1.160403041733994112e+00
1.133461269963671025e+00
2.050079063480397323e+01
1.547146879549309162e+01
4.275433807137440567e+01
6.669759155194106448e+00
4.490142969697652475e+00
2.235397680348278460e+00
4.389064451168172809e+01
4.087537975406987556e+01
7.987283557228420250e+01
7.162219867071548229e+00
4.590987302082522703e+00
3.982465929379164216e+00
5.391869073959076530e+01
2.872952414199505355e+01
3.675309635883176895e+01
2.244758784459171252e+01
1.354272592109241202e+01
1.392193182068914048e+01
1.742723200747851138e+02
7.135286347823482345e+01
7.090752110281813714e+01
