2.560882754668444150e+01
9.775921034395713605e+01
1.570009241418870261e+02
2.404882456403457880e+01
1.294924976215959020e+02
2.043910134919875645e+02
1.737339190195808847e+00
4.327562734474128092e+00
1.047386684115327071e+01
7.412991246202804696e-01
9.217066748436050005e+00
1.370265502518967793e+01
2.276961912908046948e+00
4.356775225487998782e+00
1.251639426796654675e+01
1.248489750427416611e+00
1.052948436217458905e+01
1.753645635083186960e+01
3.419515218524056266e+00
5.200668318516258992e+00
1.370906157798289549e+01
1.658240908580328687e+00
1.122010899428950026e+01
1.721906375035202785e+01
3.014626268831862799e+00
6.580589595839694717e+00
1.778846692797788975e+01
1.635525380246281024e+00
1.405457163158613376e+01
1.837302677380199611e+01
4.809835879996200880e+00
7.744094851125859158e+00
2.242150867489716148e+01
2.278497737186173655e+00
1.766042120686144656e+01
2.373645656038331353e+01
5.328825672567992555e+00
9.466751931838290446e+00
2.656217847888077443e+01
2.745371263264331674e+00
2.293584770384589788e+01
2.695369435233229183e+01
8.354791257035266483e+00
1.380173155294194842e+01
3.630050662403206019e+01
4.279822376126337424e+00
3.126206716745455694e+01
3.932635661815264427e+01
1.112855570063344146e+01
1.843607207113995372e+01
4.700987374708350330e+01
7.533847338744596556e+00
4.758738196860839764e+01
6.486963933819164652e+01
2.310189313797621580e+01
3.250102776054456655e+01
7.616847284532144613e+01
1.368132012215654569e+01
9.315416343800448828e+01
9.636810141789635509e+01
5.265002914559173632e+02
7.269832723360507316e+02
2.493016353232133042e+02
8.673809825400088585e+02
9.339592524435387304e+02
3.445520997058598596e+02
