6.177943811201937024e+03
1.570914341841650821e+04
1.109213262623010087e+04
5.401919500261519715e+04
1.317225720973276766e+05
8.014997416623792378e+04
1.539955717315465336e+03
3.955664104767607114e+03
2.755260345901988785e+03
1.363187888634745104e+04
3.205558914856502088e+04
2.086982923239317461e+04
2.906650311741656267e+01
6.879258863948874136e+01
7.905574833325877648e+01
1.678392274554885546e+02
6.674254036915598363e+02
4.771776677003414875e+02
1.581253423741323338e+01
3.123433789977720920e+01
2.835235110336292053e+01
8.874317210844600368e+01
3.554791580091884384e+02
2.150661943508228831e+02
3.358788335912159795e+01
5.569346858654838428e+01
3.585671697240427136e+01
1.744385155294108927e+02
7.459194676580368650e+02
4.059857302085042647e+02
1.493868378664943464e+01
3.525205919378534958e+01
2.098379988158998444e+01
9.283279147094386019e+01
3.448008897509754433e+02
2.016452491029501459e+02
2.699194746728784722e+01
8.368949616691006099e+01
4.668426820315607273e+01
1.932431234736136787e+02
6.400060154384716498e+02
3.944816996540326954e+02
1.470075207855794730e+01
3.811576062912520513e+01
2.100793700755667359e+01
9.601903524381080501e+01
3.100475796173817571e+02
1.933637070626317040e+02
3.340935446022963617e+01
7.225006054139151956e+01
3.608451353817122254e+01
1.964226742087614639e+02
5.976647192470834398e+02
4.013131369169984168e+02
1.688501174800932247e+01
3.705019536204788011e+01
2.156299230676638601e+01
9.431110306377078700e+01
2.979810113986690112e+02
1.988084709842851794e+02
3.514588624887993973e+01
7.589376522933395108e+01
5.215130231897701663e+01
1.722512931160637208e+02
5.912088151611543481e+02
4.040862778967768918e+02
1.914902607001481982e+01
3.152401031038553825e+01
2.566914663809182073e+01
9.199222602609427213e+01
2.994865561241359728e+02
1.945079875140295655e+02
4.054099206875538641e+01
5.132189818409607796e+01
4.926529752888112057e+01
1.994785481339228852e+02
6.014530832729377607e+02
3.785502552515347361e+02
1.796790922162706750e+01
2.644430232699945549e+01
2.264018236014290508e+01
9.219509301414953484e+01
2.730604832139985660e+02
1.878431135138964692e+02
3.076941023294271105e+01
5.329900465590257141e+01
4.331023296421552971e+01
1.719005383390728809e+02
4.947027928578593787e+02
3.817218938962024595e+02
1.647331852136931118e+01
2.999693176958137641e+01
2.141642735685389098e+01
8.076085707519413859e+01
2.651167596177268706e+02
1.743928367339936187e+02
3.352652826684445841e+01
6.586199785743890800e+01
4.019284750691912222e+01
1.575800869054747579e+02
5.785995222658179955e+02
3.237587146843150094e+02
1.780787690398215162e+01
2.787691774431997160e+01
1.885587461717389957e+01
8.754291735376696693e+01
2.827068412623820564e+02
1.656103391958199609e+02
3.740952980557529628e+01
4.530702905703513039e+01
3.404526392947473568e+01
1.919778172148728572e+02
5.674206482418729820e+02
3.411116206713926999e+02
1.976101613215915975e+01
2.650941223810598402e+01
1.784509485187711064e+01
9.500563287153471492e+01
2.688964255799222656e+02
1.752528430223662781e+02
4.142767998483702740e+01
6.116847422447309413e+01
3.689297703342442958e+01
2.026818886495112793e+02
4.979657245777944468e+02
3.628080345587197257e+02
1.571593534788113544e+01
2.850917790767004334e+01
1.582751912892380730e+01
9.617155798023881630e+01
2.338181399064861239e+02
1.768495261340761431e+02
2.201094482707706135e+01
5.676588004576814939e+01
2.680945521583446478e+01
1.790882301130429539e+02
4.380513636343812891e+02
3.478055194347149950e+02
1.099082752462064150e+01
3.077581709611461491e+01
1.940930375640457584e+01
9.814972836760766484e+01
2.123597352364773201e+02
1.570505878040305845e+02
2.219704443937553151e+01
6.803050398500120366e+01
4.917280917770052895e+01
2.053053488455161073e+02
4.157507963830288986e+02
2.772604572794322166e+02
1.015203267867277148e+01
3.109117434128395985e+01
1.934696694336473755e+01
1.023336484143659106e+02
1.997127452169025617e+02
1.462296481241663457e+02
1.772597123376128536e+01
5.996737336064914814e+01
2.967389224169931694e+01
1.996542049050396201e+02
3.963524349374482654e+02
2.857202315586341115e+02
9.815613417833594312e+00
2.639672491593623249e+01
1.709866519195421120e+01
1.087487941917135004e+02
1.973345209512055760e+02
1.581278460488051962e+02
2.247566969458686970e+01
4.401928829091188788e+01
4.102771306437239218e+01
2.344957833558098628e+02
3.961053120802121157e+02
3.453099797117779985e+02
9.921025899628922673e+00
2.351123216147433936e+01
1.621729710738568997e+01
1.042171707877809297e+02
1.975024632887246980e+02
1.715708639457563152e+02
1.788664023269425130e+01
4.845376129392951725e+01
2.461464006516649050e+01
1.930946938799631312e+02
3.711752754323642307e+02
3.457994915299587433e+02
9.541013010038794206e+00
2.807324666114357470e+01
1.819019882468828442e+01
8.581060942775619083e+01
1.838296966270112307e+02
1.616881867863520483e+02
1.991086377091313508e+01
6.358407127663974734e+01
4.649389895691143693e+01
1.525621679227808443e+02
3.511478866891847019e+02
3.069869754347849948e+02
1.014866918799588191e+01
2.487105285751441741e+01
2.256548709988053503e+01
8.089161821128831775e+01
1.912352717048690351e+02
1.678012817535366423e+02
1.995254494362623277e+01
3.829631877924694550e+01
4.110094065035315225e+01
1.786607261141095648e+02
4.230995721302317634e+02
3.487490389032127496e+02
1.088754742507435758e+01
2.293896110752978856e+01
2.261107485605290179e+01
1.015095739116878661e+02
2.004234257563773838e+02
1.507814965014572124e+02
2.428407069664304174e+01
5.447617516291757767e+01
5.046963441781773696e+01
2.256090041556785764e+02
3.606532226681105158e+02
2.683748903584609593e+02
1.222514524529973556e+01
2.326654591196710342e+01
2.012753403751467829e+01
1.229532054662115144e+02
1.759804283506674949e+02
1.388135607216677272e+02
2.449572442578500286e+01
3.802460490418850725e+01
2.914534906580582074e+01
2.647953442492081422e+02
3.568982565036560004e+02
2.811289615390674612e+02
1.033895304650918412e+01
1.935745759686289702e+01
1.553950022962019339e+01
1.349593363097731356e+02
1.794417341859811756e+02
1.395561234022515578e+02
1.773203412307366023e+01
3.914994103948819060e+01
3.118803976038848091e+01
2.715592787221386857e+02
3.477703788544804411e+02
2.825785720721180496e+02
8.420788131701316459e+00
2.073528254523539971e+01
2.227135215055508866e+01
1.453214913407913684e+02
1.671932767913158671e+02
1.508390448628642844e+02
1.578488557341944798e+01
4.542638370572808526e+01
5.692080167331815233e+01
3.085176702569777945e+02
3.248383994624012416e+02
3.137158301691640645e+02
1.150605661933816570e+01
2.706397328709021721e+01
2.535702725413170455e+01
1.497748575426179798e+02
1.480287825639586003e+02
1.593876875481572881e+02
3.126160688876041860e+01
6.186840167131104806e+01
4.574412455368162966e+01
2.858799821074803731e+02
2.831820319941018624e+02
3.052809076771179662e+02
1.301127286062606458e+01
2.817448127673161551e+01
2.772985470937593178e+01
1.598511808362772513e+02
1.422744099152245099e+02
1.327750000497184431e+02
2.027965049056012248e+01
5.408255014912718650e+01
6.458087180881440759e+01
3.799728183342308512e+02
2.878766945610959738e+02
2.127551760208024234e+02
1.110134939222490047e+01
5.929344231719019831e+01
3.475240067989535930e+01
2.877853724503493709e+02
1.514925197936681514e+02
1.074650079289334883e+02
2.431915619179426358e+01
1.893690928965705496e+02
7.002248835738325283e+01
7.396547508957337413e+02
3.114785477197980867e+02
2.087196641282124574e+02
