6.454873830080032349e-03
5.235641263425350189e-03
4.789759404957294464e-03
4.990927409380674362e-03
5.274403840303421021e-03
5.031978711485862732e-03
5.213029682636260986e-03
5.010390188544988632e-03
5.619618110358715057e-03
5.721673835068941116e-03
6.044851150363683701e-03
6.309804040938615799e-03
6.653588265180587769e-03
6.146252620965242386e-03
6.004617083817720413e-03
7.140643894672393799e-03
8.032815530896186829e-03
7.646834477782249451e-03
8.173960261046886444e-03
8.397862315177917480e-03
8.357301354408264160e-03
8.195100352168083191e-03
8.701701648533344269e-03
8.479474112391471863e-03
1.001963391900062561e-02
9.188715368509292603e-03
9.817489422857761383e-03
1.042642816901206970e-02
1.083150319755077362e-02
1.265722513198852539e-02
1.292091049253940582e-02
1.348839048296213150e-02
1.271908916532993317e-02
1.399687305092811584e-02
1.557796262204647064e-02
1.647307910025119781e-02
1.598377525806427002e-02
1.706051267683506012e-02
1.772882416844367981e-02
1.953532919287681580e-02
2.152251824736595154e-02
2.302813157439231873e-02
2.521611750125885010e-02
2.854520455002784729e-02
3.301280736923217773e-02
4.104649275541305542e-02
5.062319338321685791e-02
6.312026828527450562e-02
9.677946567535400391e-02
2.410529553890228271e-01
