6.189641356468200684e-01
8.280771970748901367e-02
4.430893063545227051e-02
3.059488534927368164e-02
2.214138023555278778e-02
1.745662093162536621e-02
1.394959259778261185e-02
1.216990686953067780e-02
1.114920526742935181e-02
9.735926054418087006e-03
9.186317212879657745e-03
7.930068299174308777e-03
6.438273936510086060e-03
6.516789086163043976e-03
6.307414732873439789e-03
4.789447411894798279e-03
5.810149479657411575e-03
5.234369076788425446e-03
4.108979366719722748e-03
4.108979366719722748e-03
4.344526212662458420e-03
4.056635778397321701e-03
3.768745344132184982e-03
3.323824144899845123e-03
2.826559357345104218e-03
3.323824144899845123e-03
3.245308762416243553e-03
2.957418560981750488e-03
2.669528126716613770e-03
3.035933710634708405e-03
3.114449325948953629e-03
2.695700153708457947e-03
2.800387330353260040e-03
2.564840717241168022e-03
2.146091079339385033e-03
2.433981280773878098e-03
2.643356099724769592e-03
2.224606927484273911e-03
2.460153307765722275e-03
2.172263106331229210e-03
1.674997969530522823e-03
1.884372904896736145e-03
1.727341674268245697e-03
1.779685495421290398e-03
1.596482470631599426e-03
2.067575696855783463e-03
1.910544582642614841e-03
1.622654381208121777e-03
1.832029083743691444e-03
1.387107768096029758e-03
