4.506942033767700195e-01
9.115677326917648315e-02
5.222932249307632446e-02
3.752757608890533447e-02
3.079788386821746826e-02
2.535074017941951752e-02
1.802357099950313568e-02
1.617897860705852509e-02
1.436067093163728714e-02
1.166153140366077423e-02
1.037781406193971634e-02
9.446631185710430145e-03
8.318815380334854126e-03
7.731878198683261871e-03
7.369698956608772278e-03
7.295153103768825531e-03
5.787194240838289261e-03
5.693042650818824768e-03
5.769765004515647888e-03
4.904359579086303711e-03
5.130972247570753098e-03
4.677410703152418137e-03
3.931593615561723709e-03
4.357243422418832779e-03
3.981617745012044907e-03
3.749253693968057632e-03
3.439136082306504250e-03
4.104260820895433426e-03
3.511291230097413063e-03
3.273926908150315285e-03
3.609480336308479309e-03
3.300094977021217346e-03
3.071767743676900864e-03
3.126927418634295464e-03
3.014632733538746834e-03
3.124682931229472160e-03
2.746898913756012917e-03
2.829103963449597359e-03
2.763894852250814438e-03
2.441275864839553833e-03
2.682037185877561569e-03
2.083152532577514648e-03
2.238244749605655670e-03
2.185604302212595940e-03
2.476987428963184357e-03
2.656436758115887642e-03
2.375840675085783005e-03
2.290446311235427856e-03
2.272005192935466766e-03
2.401203848421573639e-03
2.162601333111524582e-03
2.183793112635612488e-03
1.820760546252131462e-03
2.083286875858902931e-03
2.081201178953051567e-03
2.150099957361817360e-03
2.230286598205566406e-03
1.768626156263053417e-03
2.381756203249096870e-03
1.855600276030600071e-03
2.028700662776827812e-03
2.049227943643927574e-03
2.093196380883455276e-03
2.270194003358483315e-03
2.311918186023831367e-03
2.199849812313914299e-03
1.817711512558162212e-03
1.454172888770699501e-03
1.881633768789470196e-03
2.040123101323843002e-03
2.275103237479925156e-03
1.820461708121001720e-03
1.719888299703598022e-03
1.798629527911543846e-03
1.711423974484205246e-03
1.599794370122253895e-03
1.634060987271368504e-03
1.283389632590115070e-03
1.430962467566132545e-03
1.331120962277054787e-03
1.664497423917055130e-03
1.615046174265444279e-03
1.024327240884304047e-03
1.210362301208078861e-03
1.557569485157728195e-03
1.333072315901517868e-03
1.177541096694767475e-03
1.378828077577054501e-03
1.320912619121372700e-03
1.472681295126676559e-03
1.576651236973702908e-03
1.189329195767641068e-03
1.343689742498099804e-03
1.554380287416279316e-03
1.174351782537996769e-03
1.703831832855939865e-03
1.260179444216191769e-03
1.129236537963151932e-03
2.071199938654899597e-03
