5.774280105742249924e-01
2.984352934024837722e+01
6.207146941041623478e+01
6.984176335810757807e-01
2.937242243460353919e+01
8.064497690519034734e+01
1.015232341806383788e-03
9.429125329110257248e-01
3.093396190393269851e+00
1.945032692084396270e-03
2.020959875267612116e+00
5.324185899431245872e+00
4.077226701601110309e-02
9.831376955725138478e-01
3.812255715919764310e+00
1.620014318328331093e-01
1.887779215161079716e+00
5.714678056555261065e+00
1.334651233241044383e-03
1.003285722569288607e+00
4.487489150131353632e+00
1.627479526130261034e-01
2.208650304260922681e+00
6.103790910445004769e+00
2.171747508386987630e-02
1.612742736621354700e+00
5.203836850874037800e+00
1.982362923390940113e-01
2.563909994867689779e+00
6.761805875987493053e+00
8.089908303000048484e-02
1.730717703201527069e+00
5.696475886756073415e+00
1.985717032471193966e-01
3.102274748170693375e+00
7.276508258575653088e+00
1.025728079534003884e-01
2.009632620526449198e+00
7.134337101373064982e+00
3.962025939691289356e-01
3.666880428086669141e+00
9.344876658033145489e+00
6.350497935203264221e-02
2.152194635839685510e+00
9.062388352912600809e+00
5.214128899301443409e-01
5.103903208586667795e+00
1.248558783004119377e+01
2.442200981953389083e-01
3.320795770537919633e+00
1.265218346313558051e+01
7.031025157057764208e-01
6.869549005552224585e+00
1.796344200203314401e+01
1.278772440698119794e+00
4.405902636107085435e+00
2.131033918595298715e+01
1.195864291399206580e+00
9.889988624805530648e+00
2.782975680549922615e+01
9.223499110193623451e+00
3.314545422363477201e+01
8.168966146874170420e+01
1.034107496893217792e+01
3.725954149534404536e+01
8.692009371237497817e+01
