8.351618607982270987e+03
2.124599434828781523e+04
1.497943584232102330e+04
7.336111842221645929e+04
1.772500201907829905e+05
1.108040190710279712e+05
8.533670394415230120e+00
5.404657665484401008e+01
1.137822667579408176e+01
1.877407589222537752e+02
3.584141190130314953e+02
2.161863088235104726e+02
1.706734078883046024e+01
6.258025093464208766e+01
3.413467733761644496e+01
1.792070752106413920e+02
3.242794350212871564e+02
1.877407308102686727e+02
2.844556798138410159e+01
5.120202534088060986e+01
2.844556803436810455e+01
1.479169546138744806e+02
3.242794559880483689e+02
1.649842841641365681e+02
1.991189859598287981e+01
5.689113305328438486e+01
2.560100979638953334e+01
2.048081086746523454e+02
3.072121139921762278e+02
2.076526380469481694e+02
1.706734078883046024e+01
3.413468186576141505e+01
4.551291028953072981e+01
1.820516541186716495e+02
3.072121139921762278e+02
2.104971774564007490e+02
1.422278399069205079e+01
4.551290745952289996e+01
3.129012447916947792e+01
1.962744249630399906e+02
3.100566744859484629e+02
1.991189672703858378e+02
2.844556798138410159e+01
3.697923826420178983e+01
3.697923736877221756e+01
2.104972134782344426e+02
3.299685769755928391e+02
2.247199796000727758e+02
2.844556999941212183e+01
2.844556906888067260e+01
3.982379022721918460e+01
2.702329111053903148e+02
2.645437694858764530e+02
2.161863088235104726e+02
2.560101017423168557e+01
4.266835106108253228e+01
7.111392187909746099e+01
3.043675752685351767e+02
2.133417434982600298e+02
2.304090846930802456e+02
1.280050508711584314e+02
1.792070683551742718e+02
9.955947915440236784e+01
6.514034807410015446e+02
1.137822729835605884e+02
1.848961782637649378e+02
