2.205426730998277796e-02
1.055383113140910684e-01
9.493043937895848106e-02
3.607812684042457224e-02
1.852105762752295492e-01
1.270970992119465348e-01
8.270350081124633367e-04
4.315693444934421558e-03
5.688242014325535154e-03
1.675055833580567583e-03
1.066052524804309704e-02
6.391031196608314841e-03
1.102713344149951116e-03
5.361922248652783995e-03
8.848376128781736821e-03
1.803906361264568260e-03
1.554124856220464972e-02
8.320398338382641035e-03
1.240552550985400118e-03
5.623478708774732812e-03
9.353997708755603865e-03
2.190457944316570073e-03
2.080729128481762641e-02
8.561569722616856754e-03
1.929748274629004227e-03
9.546835488039187231e-03
1.023883522024971598e-02
2.319308266738282897e-03
2.106417089045191024e-02
1.254089100898241396e-02
1.654070171491747341e-03
1.006995038377012965e-02
1.200851024323794022e-02
2.834709966949709031e-03
2.645865341588202885e-02
1.543494237699380260e-02
3.445979394552122800e-03
1.464720127657002241e-02
1.744394096065623317e-02
4.638616533476565794e-03
3.763294057697123829e-02
1.820840936358788034e-02
3.859496859791649356e-03
1.961678587180931688e-02
2.275296805730214061e-02
4.380915478108564007e-03
5.599987290648563570e-02
2.942285906998191175e-02
6.202762910193821040e-03
3.426398517289229451e-02
3.412945208595321439e-02
7.473325679377121680e-03
8.374292435053908024e-02
4.594306874393028900e-02
1.047577661415771515e-02
6.264293912786199348e-02
8.241630435581220882e-02
1.649285769096225235e-02
1.636326492130088239e-01
1.108180636255507029e-01
1.280939404895286682e+00
3.970698867962604517e+00
1.879395125845967129e+00
1.683302308404801328e+00
5.181272031276367152e+00
2.431967950008085300e+00
