4.595947163105558138e+04
1.153191383444526582e+04
6.713675528527105030e+01
3.798912767958238135e+01
8.875178412181033138e+01
4.700975069419813224e+01
9.794702558670070403e+01
3.680133012398407999e+01
4.979417405942685804e+01
3.531990483814105630e+01
9.169060976905261384e+01
3.565488372549103246e+01
5.033595836640458288e+01
2.996192217805305802e+01
6.760048355491709060e+01
3.879018370492211432e+01
8.846052294556373852e+01
3.237448486951104343e+01
3.748441865565347086e+01
1.943712083681682401e+01
4.017657980255076211e+01
2.228659871029178063e+01
4.891158012364648044e+01
2.018988199451241528e+01
3.170454675080161167e+01
1.765482653648174605e+01
4.023017327695277601e+01
2.049915335502881319e+01
4.145588788125547808e+01
1.925009716868554932e+01
3.338314279655615735e+01
1.861297142075008182e+01
3.963224037367695729e+01
1.532406435210989670e+01
2.296172005352984158e+01
1.429536573857507697e+01
3.395673828333374189e+01
1.249297406477404593e+01
1.658934394961573844e+01
9.028145566572332470e+00
1.969620224565006339e+01
9.846779400721723974e+00
1.954327024604534202e+01
1.064895372670843265e+01
2.248385278441715585e+01
7.777037341665934633e+00
8.358427410693771265e+00
4.157100692227531979e+00
8.447165494953432940e+00
