3.631263997132625626e-02
9.321506929151927509e-03
2.066554718881970405e-03
1.060920073670146291e-03
2.277394823871164292e-03
8.652393474519918344e-04
1.157702943046847897e-03
4.986127010881038612e-04
8.805532222266738681e-04
7.175837744734367071e-04
1.999919308354379099e-03
8.496712210576995742e-04
1.454515006524876967e-03
8.013197094103472959e-04
1.751705698552532978e-03
1.223381115261353578e-03
3.155469464092749629e-03
1.627894261553747366e-03
3.529732762502391791e-03
1.597621543268615881e-03
2.879795421752834577e-03
1.415682398498818500e-03
2.934660002786800698e-03
1.462860432680800115e-03
2.883679441079351098e-03
1.702427215896153666e-03
4.010239712155365573e-03
1.984845607042070529e-03
4.094336860384983380e-03
2.139400450311208530e-03
4.382408463889545663e-03
2.961306712708288574e-03
7.812053170019437123e-03
4.308777045918580316e-03
1.002958397550268201e-02
4.624717742280927239e-03
8.412814242082126276e-03
5.436801392267618348e-03
1.406697935175538726e-02
7.737774368939134666e-03
1.678163477093706085e-02
1.050886551209531325e-02
2.572785733650822734e-02
1.569443251013068544e-02
3.850889952613532202e-02
3.246967559031344042e-02
9.069746339289309900e-02
1.448909135942926252e+00
5.647596722774339995e+00
