3.017424959696905495e-01
7.867308124698613181e-02
1.365206904984451151e-02
6.409782288007016826e-03
1.235782502806509649e-02
5.925469762875915265e-03
1.182603947426179650e-02
5.791619709138200872e-03
1.113660278745596567e-02
7.288329838539562081e-03
1.769547837321376604e-02
9.205270540693281586e-03
1.786788238468637463e-02
8.075650172176868438e-03
1.465992463692973764e-02
7.896066662828240407e-03
1.661983124872022655e-02
8.644128850517312015e-03
1.733752801418506073e-02
9.047915800061454711e-03
1.899295625381614352e-02
1.088889126890081258e-02
2.435602709610104957e-02
1.269129819097147491e-02
2.736721069175496526e-02
1.309709262074629926e-02
2.311592149203667290e-02
1.247933857147682200e-02
2.590222308428194106e-02
1.750697341941555296e-02
4.410827867902310240e-02
2.271851786836419362e-02
4.705173284140096862e-02
2.745681073093203181e-02
6.085720591648038219e-02
3.185994200540452626e-02
6.803748126498468385e-02
3.930490375579790557e-02
8.984137610693973541e-02
5.082652972637767552e-02
1.151004368785858711e-01
7.107718714134554638e-02
1.647090023377360268e-01
1.115440787920719129e-01
2.718081640030254875e-01
2.051670791325451437e-01
5.335731951828999176e-01
3.011340667615097999e+00
1.173300622549260908e+01
