1.966939818588616617e+01
5.161404602982525347e+00
9.028840617386529876e-01
4.788868281199592514e-01
1.057773383070963469e+00
5.896002175833262582e-01
1.295258799177240849e+00
6.370522282598026775e-01
1.194875607621522118e+00
6.324211880947961939e-01
1.289934349373484279e+00
6.397258802944615352e-01
1.262908243041287459e+00
7.190740294839157443e-01
1.601478175760011391e+00
7.262634979776982913e-01
1.369465914746177404e+00
7.249130766915385937e-01
1.519419801276506776e+00
8.114046714522294979e-01
1.673265866086472986e+00
8.677528773663495398e-01
1.755842948924287494e+00
9.068400588759881753e-01
1.724348914875003969e+00
9.252538052319350115e-01
1.965566343926642201e+00
1.001207941549676628e+00
2.154686415422942147e+00
1.182265872109216298e+00
2.526543558321727723e+00
1.322728480150070052e+00
2.822797780915180521e+00
1.560346152825891952e+00
3.407540037954102541e+00
1.761878118913620783e+00
3.845449577268376551e+00
1.983114541080440940e+00
4.014591578366142777e+00
2.229879247614531490e+00
4.885949459997971367e+00
2.592751941556600936e+00
5.651539697587390165e+00
3.172801811950499928e+00
7.488657987563445140e+00
4.711547546386991137e+00
1.085999551366781901e+01
1.011118802950168849e+01
2.850684661804343634e+01
