1.697696307878674997e+04
1.680745263834605339e+03
1.186577320194440972e+03
7.096479508527773987e+02
6.148366925968034593e+02
5.602484212782018176e+02
4.165949683814092737e+02
3.562605144572855238e+02
4.625640849604341156e+02
3.189106055817069318e+02
3.016721901748144319e+02
2.643223077811704798e+02
2.873068528297155808e+02
2.240993473257329356e+02
1.924955945737416130e+02
2.844337747679219319e+02
2.384646846708317582e+02
2.499569704360716571e+02
1.838764001112627113e+02
2.039878670980141351e+02
1.982417242153941856e+02
1.637649198835439392e+02
1.752571924078164898e+02
1.580187637599566131e+02
1.608918418217502904e+02
1.235419461871390041e+02
1.063035440212138809e+02
1.034304659594202178e+02
1.034304659594202178e+02
1.407803615940314899e+02
1.149227384836927541e+02
6.320751212446633360e+01
6.895364838660259466e+01
8.619206379349509461e+01
8.331899235218511990e+01
8.906512861432138095e+01
6.608057694529261994e+01
9.481126487645765621e+01
5.171523960019379018e+01
9.193819343514768150e+01
7.469979126922255830e+01
5.458830442102008362e+01
4.596910002781567783e+01
5.458830111077824654e+01
5.458830442102008362e+01
5.458830442102008362e+01
5.171523960019379018e+01
5.458830442102008362e+01
3.160375606223316680e+01
