1.001904164320725727e+03
1.020223670716754150e+01
6.068971816794481278e+00
4.134000600693850558e+00
3.042379822080782947e+00
2.364144374723596620e+00
1.895994697758094150e+00
1.567646475579592025e+00
1.322264625198166899e+00
1.134842542702255930e+00
9.880504400218247385e-01
8.691504192851841060e-01
7.724076769701152534e-01
6.925592793523057678e-01
6.247232942468345929e-01
5.673853926917875601e-01
5.184848493482734355e-01
4.755919577539892140e-01
4.384068617852617811e-01
4.057494913386970881e-01
3.771013708769653805e-01
3.511773962061608412e-01
3.282235598137966948e-01
3.077948476414639201e-01
2.889992078820595722e-01
2.721568400721226522e-01
2.570028842357676702e-01
2.428713941120315412e-01
2.300915769415795842e-01
2.183693357494072285e-01
2.081896791045579620e-01
1.975805132163412359e-01
1.883598955701751565e-01
1.799211983755965305e-01
1.718808638528545041e-01
1.644844356258275686e-01
1.576814279474031688e-01
1.511480199405320635e-01
1.451108192699964439e-01
1.395351188866209569e-01
1.341427374547861928e-01
1.291412706015958589e-01
1.244343876263357962e-01
1.200681312869211897e-01
1.157992098855050722e-01
1.118344848908734701e-01
1.081471195831741200e-01
1.045213132602187817e-01
1.011459918650523815e-01
