6.414122227155496148e+03
1.625458641966000141e+04
1.152449557499383809e+04
5.665774905219701759e+04
1.358456123194438987e+05
8.506873316985169367e+04
1.588084258296113376e+03
4.147449306272896138e+03
2.827340232447942526e+03
1.396002288442517965e+04
3.424089984695104795e+04
2.147513314462617200e+04
1.123648129139286134e+01
4.106984543849164737e+01
3.742632113819797723e+01
1.776538915243633028e+02
5.146175585553761493e+02
2.588889157473668661e+02
5.812483383285207417e+00
1.727446583244124767e+01
2.141424431641159032e+01
8.017441760024060216e+01
2.666024276550201080e+02
1.180693211520999881e+02
1.159602397233311777e+01
2.793430531251337356e+01
4.801400157108593447e+01
1.496272530637604916e+02
5.521856650350728160e+02
2.054365801112278405e+02
6.220970581006777245e+00
1.600033350658180353e+01
2.359439226175863169e+01
7.951100128274433132e+01
2.567310497868238599e+02
1.081721876058460907e+02
1.387693704280750673e+01
3.633298037639968925e+01
4.422019810521806704e+01
1.690485803512256382e+02
4.747167113765459021e+02
2.361903598345724618e+02
6.389766489013342543e+00
1.896194687674223900e+01
2.280684624919650716e+01
8.125209524886534496e+01
2.219930745206365827e+02
1.211054733297808781e+02
1.163119233402081854e+01
4.062500391530395660e+01
4.934673516592625475e+01
1.584332220933046074e+02
4.187520263860674845e+02
2.416295043609869992e+02
6.257089675568686005e+00
1.772205740637141247e+01
2.075316334354777581e+01
7.228658106947021622e+01
2.176522251042838150e+02
1.170449520909059231e+02
1.355852027258122838e+01
2.968435238883064997e+01
3.294477484692929181e+01
1.347768918715702853e+02
4.148793366924907673e+02
2.221024405844842988e+02
5.676562436501815689e+00
1.922824306001521322e+01
1.647831249747655136e+01
7.154757252977525184e+01
2.133502155151536215e+02
1.075639763277124530e+02
9.145271149929556032e+00
4.694828143988388547e+01
3.068285093889750570e+01
1.508256765501051575e+02
4.358547253127392764e+02
1.983623272941768221e+02
5.719406331494084839e+00
2.341956846293989614e+01
1.241176973533057648e+01
7.545654964335820125e+01
1.974018896673451593e+02
1.006189304049108699e+02
1.362284515689884046e+01
4.831202678516540772e+01
1.751767864469655223e+01
1.548289775682553682e+02
3.840638765364952860e+02
1.970210128367430116e+02
1.022140295109563368e+01
1.910587937029782779e+01
1.139724545854645932e+01
7.260924871789923429e+01
1.877903503619866399e+02
1.012657126068140343e+02
2.739372615720987980e+01
2.702636427011670861e+01
2.856669402076211384e+01
1.334089825293587808e+02
3.854153496773961365e+02
2.072358942781886242e+02
1.068025492026452206e+01
1.173012846611098681e+01
1.471935795224072230e+01
6.166666307247244561e+01
1.768685507898100866e+02
1.043563466269237097e+02
1.609860000736767205e+01
2.052232502709952655e+01
3.049775299019644947e+01
1.093861228905332865e+02
3.316413832139768374e+02
2.109091538887739148e+02
1.007411036722178466e+01
1.459386935245687766e+01
1.606502132018775697e+01
6.483747301978873168e+01
1.616943260562534022e+02
9.856908935627812696e+01
2.553776304882709169e+01
3.728971695919403118e+01
3.339378671816194810e+01
1.488331982582538160e+02
3.200473991630502155e+02
1.738592802259653638e+02
6.765792719982030690e+00
1.796249824752296576e+01
1.528904754934180765e+01
7.174451762638020114e+01
1.514663277830961761e+02
9.485852803038642378e+01
2.229970026282457773e+00
3.674368385663439085e+01
2.942495947221779318e+01
1.337368142751195705e+02
2.945064935749282995e+02
1.961241229135250990e+02
1.747244297580313077e+00
1.595680634770452144e+01
1.466279481694940223e+01
6.907044792968670777e+01
1.355429727132103608e+02
8.108325504885549151e+01
4.505969907435038557e+00
2.754046981527699600e+01
3.111464981304380828e+01
1.435681586589595895e+02
2.468420773973844291e+02
1.303260568594282915e+02
3.402400533283992168e+00
1.577319994512848567e+01
1.344105489324848435e+01
6.521016990636655919e+01
1.192015536713831949e+02
7.946626264247413474e+01
9.161347390606131569e+00
3.374930521072665357e+01
2.259971532569456798e+01
1.125519593549322366e+02
2.409259688776874668e+02
1.816102280884624349e+02
3.956672481074037684e+00
1.627542599324935324e+01
1.246253509435978479e+01
5.801126693890339681e+01
1.212979659848036391e+02
8.272807895133681200e+01
6.925887433097342338e+00
3.156929010681273695e+01
2.854466570763861455e+01
1.218788082353919577e+02
2.559062507549865870e+02
1.478118818751130732e+02
5.060810624514999745e+00
1.863510319055600206e+01
1.388884900209613882e+01
6.039516537431585164e+01
1.201679416899457493e+02
7.649666291684589225e+01
1.364682203931712401e+01
4.271893609535305814e+01
2.641036380191457766e+01
1.253656560348051414e+02
2.206870927688830477e+02
1.501456468734656937e+02
7.215066832993827894e+00
1.666383886532862491e+01
1.239814317407749478e+01
7.101850773050503562e+01
1.065234634262845645e+02
7.573799774803920570e+01
1.563063955422951068e+01
2.310974063561253899e+01
2.247089136432733270e+01
1.519650712141470308e+02
2.173405665124332984e+02
1.534222485866673651e+02
6.165224300505259158e+00
1.518500867997879311e+01
1.306186268079802559e+01
7.084036149199513943e+01
1.112238932582910422e+02
7.729212077999576991e+01
8.933645847263113282e+00
3.584028942513028682e+01
2.913454969175757370e+01
1.319155952632514186e+02
2.124472968848879475e+02
1.500108886066708749e+02
5.725001829888345384e+00
1.630605804798731384e+01
1.007329331239303727e+01
7.269537300455367301e+01
8.824196691025586858e+01
7.089793739131648920e+01
1.389246297079341197e+01
2.682906237318370657e+01
1.104755453206831994e+01
1.583853934641566354e+02
1.379294273445881061e+02
1.381335509908314521e+02
6.898652659127948894e+00
1.746542441331433793e+01
9.267388691248779509e+00
7.680851462677648556e+01
7.828130460737256158e+01
7.091949396132329753e+01
1.371082078946088778e+01
4.179226035038739440e+01
2.709485645058891734e+01
1.510675620693467920e+02
1.793299156185668153e+02
1.455587798939231163e+02
9.260912998027905019e+00
2.138865165697275472e+01
1.384895999375700271e+01
7.500688058460771401e+01
8.055374712666596793e+01
7.034181074673513479e+01
2.233725612559601359e+01
4.641424960964708646e+01
2.867455689478888203e+01
1.436792195510485328e+02
1.413747018882745010e+02
1.453239688973696957e+02
1.279988054261600716e+01
2.270429056722905514e+01
1.341879272416797875e+01
7.033977424183747473e+01
7.308347450617743846e+01
6.888222332461627673e+01
2.738657042806542208e+01
4.657714521620247439e+01
2.463458480166307396e+01
1.377467943992274968e+02
1.505875547195143156e+02
1.341836328217974597e+02
1.229020137402689805e+01
2.563477380316187038e+01
1.198404542676139251e+01
7.578014797220031085e+01
6.507339165573733908e+01
7.301642308354747968e+01
2.253506302341738277e+01
5.823433092309711157e+01
2.456332559310162011e+01
1.742393976595243998e+02
1.142090595851843347e+02
1.593923597291699537e+02
1.814836612401209948e+01
2.801443787586389433e+01
1.114170244194930248e+01
9.096478622643444112e+01
4.927238831966916166e+01
6.803975481231242384e+01
5.064821041362401388e+01
4.941443787388057274e+01
1.993621189938085081e+01
1.899897160482721006e+02
7.732525476689102106e+01
1.223581856741766103e+02
3.705456291311069350e+01
4.471944189181331097e+01
1.373369568489917647e+01
1.003138267674322464e+02
3.485772526168850050e+01
6.833435331658331791e+01
9.637306034823437528e+01
1.286265691484719866e+02
3.486478201260125331e+01
2.273923571550330394e+02
6.014038080851116774e+01
1.616465012734813911e+02
