2.070695183773600678e-02
1.041926493019788014e+00
1.769829436159608305e+00
1.562409526301045647e-02
8.662808042743413983e-01
1.798986615488771035e+00
5.195128879251691666e-03
2.612422704238575033e-01
4.584833018266660232e-01
3.938714933012503472e-03
2.320730967223434693e-01
4.676456257175430342e-01
1.059599828247147397e-05
2.012125909819013903e-02
1.166284149901166134e-01
3.510079681439017127e-05
5.260264654707057924e-02
1.175799322403238562e-01
8.541571339473851400e-06
1.285676446414103086e-02
4.863478996172627966e-02
2.902843299424039927e-04
2.549921550031873999e-02
5.792523319395257581e-02
2.303089056457342530e-05
3.209400014713769539e-02
7.749593055424010279e-02
1.151256430508800074e-03
4.984869149576697661e-02
1.125743162023858240e-01
8.570891716638338837e-06
1.315069550625364361e-02
4.633505507215968100e-02
2.900034690275945896e-04
2.784596582850834209e-02
5.906895228771618517e-02
1.040244115623537895e-05
2.086305461539118833e-02
1.044943930116357667e-01
1.785463948359743212e-05
6.303613959175051462e-02
1.293209549169190009e-01
2.838093443118302876e-04
1.235066036764766693e-02
5.243707594725402488e-02
8.388435606741579580e-04
2.937735036653309553e-02
5.498650518820796113e-02
1.125803290284353502e-03
2.739978501794226168e-02
1.035866243148158561e-01
3.366166890201591124e-03
5.193521111395945494e-02
9.561720885208675746e-02
2.924709222147980946e-04
1.273606362953461253e-02
5.031762578041791556e-02
1.636329172837755995e-03
2.416135914583737027e-02
5.942078844648732150e-02
2.066513414024601935e-05
2.317266308612130066e-02
9.892632948970185580e-02
3.282100227133256682e-03
4.423998177440963825e-02
1.406282026746706049e-01
5.953891718171357020e-04
1.148867252849417910e-02
4.749982874032298436e-02
2.438591155221184366e-03
2.611423963447293689e-02
7.038477310966510803e-02
2.337811037887022481e-03
2.317982493121666793e-02
9.362846606867039623e-02
6.659180227906011558e-03
5.722608407801410557e-02
1.370951759078052334e-01
5.919868002469279343e-04
1.138389117451953959e-02
5.107015769769741864e-02
2.484462274690944251e-03
2.907142520160288512e-02
6.962074283167453415e-02
5.161781797117797086e-06
2.250431945788681012e-02
1.045531153519116824e-01
3.265200417171288186e-03
6.360170237305519392e-02
1.431691013923930278e-01
3.814936963619442852e-06
1.353277269597179602e-02
5.386211358060104953e-02
2.235272299811148517e-03
2.969014172391069156e-02
7.575460432962795310e-02
1.034233756596241986e-05
3.152887026204896637e-02
1.042955882714709098e-01
5.514883118125135479e-03
5.815107764451816347e-02
1.576799204444747082e-01
6.588591695746639167e-06
1.466077247558455685e-02
5.855586304547469312e-02
2.195704166897658599e-03
3.410809441002811415e-02
8.349325201763091453e-02
1.563264134358984726e-05
2.490565765702655934e-02
1.298284590186006282e-01
3.387420163714800758e-03
7.506641930800952989e-02
1.721181868798106751e-01
6.661563955211068430e-06
1.539277792975253349e-02
7.112954362872743463e-02
1.684978797665290760e-03
3.474339047839640482e-02
8.095956956924739434e-02
1.040026825269791429e-05
3.495802704546935313e-02
1.626382080785093442e-01
3.358062021554586440e-03
5.900463834069515773e-02
1.544480237107788978e-01
2.926263509129721691e-04
1.587763150939619505e-02
7.587156770378386539e-02
2.498237714390907915e-03
3.395111148473600043e-02
8.512314622430211530e-02
1.132619299744139088e-03
2.727311282712516910e-02
1.428405645021217363e-01
6.717629772718111854e-03
7.815533109388597688e-02
1.904613499627006157e-01
2.878862835316985547e-04
1.569584810735512662e-02
7.502767892444563158e-02
2.817166647533986355e-03
3.948721413889284826e-02
9.872350877602642516e-02
1.548980852509757462e-05
3.558805331536522149e-02
1.617644206012701369e-01
4.458929344265860975e-03
8.337794680893539923e-02
2.049465606256362371e-01
2.993970156067044257e-04
1.717576526266856654e-02
9.093110431362956547e-02
1.913305529462660691e-03
4.231049377928219196e-02
9.683394100068623556e-02
1.144933688471007523e-03
3.260064417461019937e-02
2.005902338180220734e-01
3.425429488046455046e-03
8.764283115276108593e-02
1.835569751820224638e-01
2.933845769269884367e-04
1.644546167109694687e-02
1.011321877806728026e-01
2.715335002545087115e-03
4.339400252444195610e-02
1.067507821616619640e-01
1.045264080420734761e-05
3.491259537315009182e-02
1.998713188154062903e-01
7.766376093829675115e-03
8.690002542699197530e-02
2.487266529528440184e-01
8.956344685039559306e-06
1.705482181323939028e-02
1.021798104393488449e-01
4.460308137866981354e-03
4.402651378649930641e-02
1.233116273431710819e-01
2.627797106954032972e-05
3.403473168077374156e-02
2.130452712100213697e-01
1.020910147192131447e-02
9.040002982239368767e-02
2.488525211014597227e-01
1.110803800972019433e-05
1.666619892792424451e-02
1.122642106782019006e-01
5.027599487110934705e-03
5.439056235524035443e-02
1.312585314448395657e-01
1.859429427578778097e-05
3.309782964682043971e-02
2.486781318982613509e-01
9.967054447742061674e-03
1.262910206772564214e-01
2.809882291608666316e-01
3.017736842839602502e-04
1.772137095351871208e-02
1.304166400675807747e-01
6.442196057109564333e-03
6.510306413432602468e-02
1.578448205929624815e-01
1.159313472600528513e-03
3.946433389998963565e-02
2.774393108671079355e-01
1.525425936876973095e-02
1.299730142401567534e-01
3.403571803041318122e-01
2.895741622188084436e-04
2.145624052068912518e-02
1.413267068179271668e-01
8.563625930084228441e-03
6.866418351761797989e-02
1.771815884929865137e-01
1.591861078649028246e-05
4.571225831023436464e-02
3.002179486576093126e-01
1.865823613067492739e-02
1.365349243562593573e-01
3.516557702060922885e-01
5.883291680408850918e-04
2.746315557890302225e-02
1.564954272125337054e-01
7.825681543513329091e-03
7.733748550273679412e-02
2.007173854925091705e-01
2.327067173208564616e-03
6.591971965079915230e-02
3.392346397435679339e-01
1.212625075936418946e-02
1.729417327031690654e-01
4.590184874810527282e-01
1.764031121272743039e-03
4.029618049388866696e-02
1.863686810172665020e-01
1.056235122172609862e-02
1.014730594311887280e-01
2.506150511182571039e-01
4.732523396296730439e-03
9.471593121029953100e-02
4.212728422621815350e-01
2.943954519774158798e-02
2.254565250182284930e-01
5.184873335139215111e-01
2.584818336313160492e-03
5.389773794550396097e-02
2.446463217499305065e-01
1.433627971994855602e-02
1.150211919300303531e-01
2.960758967514015572e-01
5.863759544322113063e-03
1.220253521690324722e-01
5.333522081254751246e-01
2.622918649080688280e-02
2.372515954910478231e-01
6.483079745638805624e-01
4.339123917412605370e-03
7.747506336321088871e-02
2.956342876044100731e-01
1.884048206204754633e-02
1.417622678497303390e-01
3.901591296768580075e-01
1.189354214963646988e-02
1.839307492317142356e-01
6.706566978353593056e-01
4.984378609297601681e-02
3.248395975388901902e-01
8.763967636173000120e-01
1.801143900902524991e-02
1.159460122317611946e-01
4.356763795128449912e-01
3.071078879446484042e-02
2.141495444561770933e-01
5.397657188469275891e-01
5.912955118995334713e-02
2.727510550395738642e-01
1.110767647979613137e+00
7.214285894302349678e-02
5.338377764100594725e-01
1.257488555093230875e+00
1.444084091322504204e-01
6.869741098493706843e-01
1.286697975437291808e+00
1.529706452648239567e-01
6.741805343111658688e-01
1.870829446790694295e+00
5.274390977102779710e-01
2.448325846967484676e+00
3.877873639132114914e+00
5.346616226456558651e-01
2.225825146208422645e+00
6.068287984708099714e+00
