8.059723174030470835e-06
6.429963912030010182e-05
6.194400808917710293e-05
4.326870534849532279e-05
1.299005544277697939e-04
1.965581361645486280e-05
1.963347701738833845e-06
1.666318822716020669e-05
1.594882316184599547e-05
1.072267059204079131e-05
3.375886861276823739e-05
4.737704412009380773e-06
1.588176812514949022e-07
2.667797788133577648e-06
5.561357395328867481e-08
2.261248111060175000e-07
5.493896977246363318e-06
6.419428631587166622e-08
6.645483123042542044e-07
1.329532384010700872e-06
6.715960002036081394e-07
1.348037908991047952e-06
4.857967378072817670e-06
6.940412530683441028e-07
2.628241508788894193e-06
2.664419104793577662e-06
2.702300026110317822e-06
5.296391298599330237e-06
1.388561383402929430e-05
2.722478874715213023e-06
6.601724885605612036e-07
6.656797126142708642e-07
2.083033974081471018e-06
2.070540162430818019e-06
4.666225995847257264e-06
6.816740173469853019e-07
1.605725072554136032e-07
1.631460349631128452e-07
5.441512495547914721e-06
2.648261186264771633e-06
5.510533316579431684e-06
6.971863358950557228e-08
1.541485403065272592e-07
6.623995384697946685e-07
2.030314579377391203e-06
1.324086138891568100e-06
4.827575779205633840e-06
7.031291408755129751e-07
1.658911855154638810e-07
2.644375261259178934e-06
2.694948690587106105e-06
2.690520670288857428e-06
1.347518161200523886e-05
2.743648822360155599e-06
1.592503929750193534e-07
1.342351691583493091e-06
2.070196079112367351e-06
6.642273153056035718e-07
4.006102554723880510e-06
1.377690004968954775e-06
1.649845505885595730e-07
2.650763417338850721e-06
5.529409483378565854e-06
2.201633168004066082e-07
2.741937378192832786e-06
2.786090156313998256e-06
1.607482396473752358e-07
6.876001336787188671e-07
2.067214192237548808e-06
6.806408115612297529e-07
2.720359050228472880e-06
6.734667789942389819e-07
1.584278754718183859e-07
1.668434554799024676e-07
2.689165454162550134e-06
2.739474145825262831e-06
8.205450951912708594e-06
6.854938122442396641e-08
1.536538362893092065e-07
1.549847338643284522e-07
1.395410325424173864e-06
6.631596608197167183e-07
3.444874621463533688e-06
6.982699418806743856e-08
1.592025960303673387e-07
1.650879337680135587e-07
2.767253900385985098e-06
2.151487654449523208e-07
5.333768503419732207e-06
6.974790422812871630e-08
1.540007975423518959e-07
6.677006562457900361e-07
1.998051045331479733e-06
2.075351116818715984e-06
6.646226517187500426e-06
1.390762603285300245e-06
1.618199655896349155e-07
2.739116714412767226e-06
5.459289402829865990e-06
7.973633000799590256e-06
2.136168698615784880e-05
5.444991369531063285e-06
1.609924366701784334e-07
6.672610008912787011e-07
2.088513580612719197e-06
1.977041545447222934e-06
1.200875391936958539e-05
2.762834543603030376e-06
1.653608610292122005e-07
1.554685700562931505e-07
2.679866253102401877e-06
2.193699446623571532e-07
2.692023722241603369e-05
5.584719387253220707e-06
1.505959672774211508e-07
1.587657739714641030e-07
3.404642563279896855e-06
6.864473738630615723e-07
8.287134029811223270e-06
1.397793906885729971e-06
1.654582638525152881e-07
1.587561059460129089e-07
1.112033111065476880e-05
2.655863259008174374e-06
5.558042298507398037e-06
6.461572558717032903e-08
1.619436576603029829e-07
3.435486847745323571e-06
4.707180731850410166e-06
1.358483131065527846e-06
3.991206320579919474e-06
6.923889833832856758e-07
1.584382661811632391e-07
1.368174769147965285e-05
8.024019256414574488e-06
2.740639280263482136e-06
1.066015997850000048e-05
2.710043427411991720e-06
1.537123677851840852e-07
3.421234586894111730e-06
1.995520712270895066e-06
1.382796942391630811e-06
4.873906647913757239e-06
2.069900119032579409e-06
1.582361017669416781e-07
1.570795863238531557e-07
5.610206322321793607e-08
2.662757737243227257e-06
7.978488749203288422e-06
5.430694220201564349e-06
6.839693111284204567e-07
6.847410391157649320e-07
6.799803266855820580e-07
6.880072878813290830e-07
6.068904728726726138e-06
4.179796552678875280e-06
2.697392450666724761e-06
2.642002630422191587e-06
2.742024838939284430e-06
2.329069749897050004e-07
1.615023795294114043e-05
1.120710586557047015e-05
6.554120697127314844e-07
6.836907356845965611e-07
1.373408026260322607e-06
2.037003129476356041e-06
1.041628968869062279e-05
4.213092568545780266e-06
1.530457062779786622e-07
1.571579331028334049e-07
2.688456601030354887e-06
8.245459487552315645e-06
2.411440784676577260e-05
5.513703739974417753e-06
1.364162210874456834e-06
6.881663411648842961e-07
2.018198128685053558e-06
2.723306528428996569e-06
9.010347521938889283e-06
6.758564860191895293e-06
5.358087421022624673e-06
2.734534035436328841e-06
5.476562373512133899e-06
2.712172403951695727e-06
1.079722728800972101e-05
2.168634520887475622e-05
2.027917951421812345e-06
1.313176286541471672e-06
2.064167339395775585e-06
1.372575180156293419e-06
1.070658880054512175e-05
6.226157091682649353e-06
2.676978045361990788e-06
2.684568845338703967e-06
2.717317378088052834e-06
2.681477830764542437e-06
3.223215840148694705e-05
2.809634942997119642e-06
1.338540567240732758e-06
2.687261711579053113e-06
4.078680963197918662e-06
2.066002202499041258e-06
1.426344854837522630e-05
5.403610013988032624e-06
2.628004464498656099e-06
8.166976071572858574e-06
1.385107647065712119e-05
5.396489953838530641e-06
2.486340980641790153e-05
1.912094580781746811e-05
6.532724872367297156e-07
2.738401981903315530e-06
7.612788518936493439e-06
3.417874022317662260e-06
1.061586870949448362e-05
8.314564620284180366e-06
1.659925763472326533e-07
2.743788042512307468e-06
1.661416790566231543e-05
8.245446763322624033e-06
1.891104029021799929e-05
1.408430323769279478e-05
1.559170593951449278e-07
2.014341591649324576e-06
1.033427129055345570e-05
2.654046350690181206e-06
1.438769634208134733e-05
7.002557201824153479e-06
1.582187063141193241e-07
5.276341337046824103e-06
2.418883570492380409e-05
2.696127547536327271e-06
3.805328004620455189e-05
1.354790968469892955e-05
2.041595666084770441e-06
6.081926193081221771e-06
1.271386454567209436e-05
1.360146450148328651e-06
2.328779204223652778e-05
8.976142741448122202e-06
7.977043768418294069e-06
1.917618982268931628e-05
2.731641094085573640e-05
2.692466134369387495e-06
5.316609189732510952e-05
2.216805770525678374e-05
4.079124340787031920e-06
6.836878642536950230e-06
1.573895633244024113e-05
2.058292478905528492e-06
2.989659962741314519e-05
1.266348031627685624e-05
7.999734434576374591e-06
8.164181556461154508e-06
3.465490912650673945e-05
5.309832244181312526e-06
6.722319020907806502e-05
2.806215604108581430e-05
3.934387268616481541e-06
7.551494585533644925e-06
3.650541500249800743e-05
4.621676818954772701e-06
4.992778892329989592e-05
2.733577508909937372e-05
8.154635100701050719e-06
2.154172917806001028e-05
1.071690871643969059e-04
1.340097354906663500e-05
1.272161501253373829e-04
8.390435219375429188e-05
6.734722635865955796e-06
2.337393643081960704e-05
7.003637356644911468e-05
1.429522963334233787e-05
9.823884331590665312e-05
4.984061330327229381e-05
1.889496419261140877e-05
6.982501528270544286e-05
1.716108138303559891e-04
4.380683183800539908e-05
2.788351075881492823e-04
1.204580283409158544e-04
9.840634436004167679e-03
9.920138933988704305e-03
3.417393404925399107e-03
1.414452887188086261e-02
1.329276718857895501e-02
4.005013243723573417e-03
4.035093817407946204e-02
4.020919727503615565e-02
1.299636591363124115e-02
5.661545298864303216e-02
5.268520716778729573e-02
1.602962931645816880e-02
