1.640887288893522467e+01
1.622284733374004304e+02
2.028546666775309859e+03
6.109104887886722679e+01
8.319593492763417544e+02
1.769500547491883844e+04
4.150495333413014798e+00
4.118888048107062616e+01
4.892470889448781577e+02
1.507648438623388643e+01
2.098271528030219599e+02
4.433145977203401344e+03
2.057380296979868686e-04
1.883411592364883300e-02
2.243405612369490376e-01
1.111929278027135384e-02
1.733545272850047503e-01
3.814233729343900148e+00
9.610763920128409965e-05
9.178097638439566483e-03
1.094128501015755872e-01
5.465287924928285100e-03
8.654790405751483506e-02
1.825988342255853825e+00
1.851226472900785187e-04
1.709583828241864611e-02
2.060409015310135372e-01
1.050450463636248138e-02
1.649551993952380613e-01
3.517707601404572060e+00
8.965288688628819300e-05
8.549067021988949328e-03
1.013178445248465315e-01
4.937458709041600211e-03
8.189635366564733399e-02
1.695083600148689307e+00
1.719473298877194757e-04
1.606359626177609676e-02
1.946388767142248899e-01
1.001044212448865683e-02
1.548570853013304105e-01
3.377296057893266035e+00
8.106086763783873148e-05
8.111673216333386768e-03
9.692023114450526444e-02
4.851685503502103404e-03
7.497814284401856100e-02
1.622502943923513685e+00
1.538164783639978876e-04
1.529435630668471088e-02
1.848084921992459717e-01
9.092743317815791398e-03
1.502256830755554773e-01
3.144655021916450632e+00
7.488680733793486857e-05
7.617014322773978628e-03
9.187322840558932724e-02
4.620951830709441217e-03
7.422186281624106041e-02
1.513506852809315406e+00
1.483715403832065586e-04
1.454128295995437553e-02
1.745856112380394787e-01
8.921811221913883080e-03
1.422064399524158584e-01
2.965104471010352238e+00
6.980405435600686237e-05
7.280927356296243783e-03
8.507611948856456940e-02
4.397966939585170633e-03
6.875049674123560883e-02
1.473664345380570007e+00
1.377148833816566596e-04
1.358764986867868306e-02
1.668245818662772162e-01
8.330570247614665566e-03
1.361969187327580488e-01
2.884892538028316356e+00
6.404178698921834641e-05
6.744075351236272255e-03
8.325666008512372374e-02
4.022570838889160012e-03
6.484437894673347746e-02
1.419526993699288475e+00
1.251514671264510677e-04
1.288283543177361559e-02
1.614611325073109227e-01
8.015009185354891180e-03
1.303150479658383154e-01
2.749795954226939898e+00
6.033665121610957429e-05
6.553965453103556549e-03
7.863113294947519927e-02
3.959165174780763380e-03
6.156200457567425482e-02
1.341733940004937065e+00
1.141995957512397853e-04
1.226106536628931466e-02
1.485332319731215711e-01
7.470482526250956518e-03
1.236364025875466149e-01
2.602013721714021344e+00
5.733203364271930629e-05
6.053934840096340982e-03
7.385470595411300354e-02
3.703675913682991268e-03
5.930898598363487650e-02
1.264900635126083195e+00
1.096962985962991499e-04
1.170882592128045553e-02
1.448297650878320186e-01
7.298653163793783656e-03
1.152925660569413951e-01
2.512726220597776727e+00
5.146837655161202389e-05
5.855377652416736238e-03
6.835797792684665530e-02
3.590320513593572762e-03
5.663354724219935715e-02
1.219716660645307815e+00
9.918946266727683388e-05
1.133222609681530137e-02
1.374450276830075646e-01
7.053598143636202224e-03
1.138363873074120930e-01
2.434677091319143116e+00
4.732865090865881876e-05
5.624038395977146512e-03
6.580318251965332210e-02
3.408681625200781981e-03
5.460287152407154732e-02
1.146879146802242788e+00
9.497813198942223775e-05
1.074604822841474135e-02
1.285111533203440737e-01
6.733037194967019835e-03
1.076786080413729141e-01
2.263438119077188837e+00
4.603070174471487292e-05
5.271581417549547031e-03
6.278719718074232681e-02
3.169704912852496469e-03
5.149341020122935597e-02
1.130591321284692308e+00
8.673198247439347351e-05
1.030631725142225862e-02
1.224290068742531767e-01
6.441617076665050352e-03
1.030911003056054071e-01
2.152859415536449994e+00
4.240262202453691113e-05
5.069404141591520203e-03
6.007572027001123471e-02
3.087245956092016068e-03
4.926558473916377301e-02
1.093113594949324252e+00
8.277448708977010639e-05
9.738194868589955533e-03
1.156823317431563691e-01
6.145328038072495926e-03
1.001262742023244223e-01
2.135179005691686172e+00
3.944174925949750114e-05
4.838490839671116470e-03
5.725717517189805178e-02
2.998665764547339685e-03
4.895592610820832802e-02
1.031613796708466646e+00
7.611380193608025283e-05
9.192559871285841538e-03
1.127578230544972887e-01
5.921622870958151603e-03
9.609703377705910987e-02
2.018988346470595552e+00
3.633773211648549923e-05
4.502017284940604616e-03
5.630458064529127865e-02
2.874859673093920452e-03
4.692527614056594965e-02
9.720057898451017753e-01
7.053921193324463206e-05
9.114726321708803772e-03
1.082901036683086016e-01
5.496885541785561692e-03
9.261302144399122249e-02
1.911176280199386346e+00
3.534730847816718312e-05
4.308721688914811214e-03
5.410644082194464993e-02
2.775296969790493149e-03
4.563215385157237680e-02
9.730596422100776799e-01
6.637142201179872141e-05
8.732825276955303792e-03
1.020034265640292759e-01
5.340096045180323797e-03
8.768834348942461387e-02
1.863431362329630581e+00
3.207799661162129089e-05
4.158162485571342652e-03
5.096293493662317625e-02
2.576488184478343667e-03
4.386744307349734612e-02
9.092510231042445490e-01
6.413734381634343684e-05
8.336510683407958797e-03
1.004306325686078333e-01
5.138397507668378099e-03
8.386639884557858804e-02
1.832452380548629467e+00
2.987281893746895648e-05
4.132287253588509679e-03
4.809331457884587213e-02
2.569404477121700180e-03
4.131588227599855556e-02
8.857847309205610919e-01
5.960184482187647141e-05
8.003815461521398417e-03
9.675242316754457950e-02
5.057026411114644987e-03
8.153415719200531042e-02
1.734285092019868024e+00
2.809649621554844852e-05
3.835818891817013420e-03
4.795074340299271959e-02
2.400581117683953016e-03
4.062780703340028443e-02
8.778837618815686916e-01
5.635365343871258381e-05
7.591692008222450209e-03
9.262243374711356947e-02
4.910957192735611841e-03
7.848728830858224537e-02
1.699398651445397368e+00
2.741548599466381140e-05
3.812712249644645453e-03
4.569318893111587454e-02
2.406869581856304740e-03
3.852710969241768951e-02
8.304203983906156550e-01
5.094292409157747742e-05
7.305617771277604644e-03
8.848894698560400007e-02
4.686667223892491616e-03
7.802244046401858590e-02
1.611073182719365837e+00
2.511568236872406190e-05
3.599597198883622631e-03
4.257998085167023772e-02
2.312523807889566799e-03
3.766313506304086456e-02
8.100774578658884728e-01
5.007812389892133222e-05
7.101604001853160063e-03
8.628800657487664671e-02
4.529582390716790398e-03
7.523628337208507211e-02
1.605103767018781324e+00
2.325113322517464439e-05
3.545959034751446515e-03
4.245651067357954916e-02
2.218835004917828462e-03
3.595759564790191459e-02
7.775171932521343088e-01
4.656760671330749287e-05
6.688418583449622611e-03
8.140944359739320235e-02
4.274855103188234147e-03
7.241398112873988213e-02
1.529969765738013132e+00
2.245036297690723896e-05
3.358730469540331838e-03
4.000369839825091561e-02
2.103169715771368176e-03
3.438347097972926925e-02
7.405945079443831958e-01
4.306350159104838402e-05
6.588612771455017690e-03
7.867443105202297227e-02
4.103412458115494182e-03
6.949332489906492882e-02
1.504658391006428397e+00
2.063753296844522458e-05
3.253959283102341761e-03
3.859548642622629561e-02
2.095115012966389939e-03
3.338730743975893561e-02
7.380801709010800238e-01
4.048639958754999743e-05
6.252749305553128960e-03
7.530807012713518211e-02
4.026517599214539389e-03
6.699543485686475230e-02
1.454925173065054755e+00
