5.193400257345151658e+02
3.030998663686041255e+03
3.957981883729242782e+03
3.404808011836633796e+03
2.129783370711171301e+04
2.809515030377820221e+04
1.324375851994462607e+02
7.455688713333819351e+02
1.034966110544205776e+03
8.596957367378398658e+02
5.297570167000722904e+03
6.972744717524259613e+03
2.268465973804060898e+00
4.492370501747819489e+00
1.173481277932101108e+01
9.265430411486423878e+00
9.438194795158300110e+01
6.999384422793312410e+01
1.093716406793586060e+00
1.109847220412261359e+00
6.855911435078477112e+00
8.710379330010125543e+00
4.352297886640815960e+01
3.448175336852306572e+01
2.239297268660258577e+00
1.278253668508229184e-02
1.628078290804269557e+01
2.564822448446518521e+01
7.399306496388179255e+01
6.591287106469196999e+01
1.113914214566696259e+00
1.245745957669127171e-02
6.483510349575123399e+00
7.518252123261215836e+00
4.022709288319216370e+01
2.961553631557483612e+01
2.190004716517796268e+00
1.166073557872204791e-02
9.308696167337195959e+00
4.641599550819488051e+00
8.052501705571388868e+01
5.532818265971241800e+01
1.095835772176426026e+00
1.265791363385321798e-02
5.675993338646765807e+00
2.870484808147544697e+00
4.057628638203651406e+01
3.247249039990629171e+01
2.182280563995739442e+00
1.260444504737362470e-02
1.384003942259971787e+01
6.891631859935867688e+00
7.921394680357704488e+01
7.346870856301696051e+01
1.089914026058350194e+00
1.147989076432500033e+00
4.566491202173450503e+00
5.830817075415155593e+00
3.883594391369598497e+01
3.145024725524870490e+01
2.246878239980276248e+00
4.502432894123868046e+00
4.636680334483466837e+00
1.586430102930394348e+01
7.398234482715875515e+01
4.931176393699220029e+01
1.130716946473196982e+00
1.116707049852965650e+00
2.936696223472700318e+00
6.335587435344411489e+00
3.223903097688594244e+01
2.751248357945275913e+01
2.184225029602246515e+00
1.257083704585948078e-02
6.837644458855479890e+00
8.981082166461350269e+00
5.495206287100961617e+01
6.127694936980772411e+01
1.091174243818364920e+00
1.120828299295291819e+00
2.857150899581394565e+00
6.999690313365535488e+00
2.383926613937167716e+01
2.758078571521106070e+01
2.220947417348572817e+00
4.610528027746114255e+00
4.603544006232093366e+00
1.806921246162156791e+01
4.119655795665899944e+01
4.992297042491427561e+01
1.124801413984377163e+00
1.724318638050369445e+00
7.068554401341706317e+00
7.969069805544775953e+00
2.243118843433228093e+01
2.254537639922417824e+01
2.264450564462871629e+00
2.305945481528190122e+00
2.339876801076296076e+01
1.347735163022830740e+01
4.895083240059435781e+01
3.893570885980366114e+01
2.195315281340029401e+00
1.683018514150850686e+00
7.429536791013323871e+00
7.869893439474547669e+00
3.283273829088583540e+01
2.272838924433461116e+01
6.597969584103199558e+00
4.475762597518052388e+00
6.779908123021010979e+00
1.832198018990649757e+01
8.242157187539262964e+01
5.166601145454563948e+01
1.704769209507603245e+00
2.266824024199908472e+00
2.353342763400415372e+00
7.502618983812245013e+00
3.383396124735843813e+01
2.706887218194669842e+01
2.581626493007387578e-03
4.476784249511677416e+00
2.276993839554189325e+00
1.143718077808734357e+01
5.148933101620642816e+01
5.746879024511883927e+01
1.123909206540360639e+00
1.117099924248879494e+00
2.312544120326168517e+00
6.240723052396705661e+00
2.654849157370591328e+01
2.447456967262913707e+01
4.356332258795169388e+00
1.229226068612655071e-02
6.931856575080265870e+00
1.381109266131186253e+01
5.327144965913964825e+01
3.929412337801107213e+01
2.265113475343807803e+00
1.255535353566803944e-02
3.971426299534025262e+00
4.664088634598932970e+00
2.357763080313333148e+01
1.617506394852724583e+01
4.478789654914711704e+00
1.245591220910002329e-02
9.093651264723447980e+00
4.687484967634393485e+00
4.420848804736320403e+01
2.523582492065840199e+01
1.635428508300276862e+00
1.187440272702984349e-02
5.121096554550149449e+00
5.153744077470674867e+00
2.346989844677537107e+01
1.807880341199044949e+01
2.245471527534032674e+00
1.246010460151444378e-02
1.126725867620396215e+01
1.637665941862265484e+01
5.045108376209180534e+01
4.804113418223813881e+01
1.083609152045252877e+00
1.173434983778630716e-02
4.538139227133933140e+00
8.013142835263735719e+00
2.794810918525983112e+01
2.392136130582200693e+01
2.212085139012301305e+00
1.191162307845896814e-02
7.001288972468914018e+00
1.629818624190843934e+01
5.962823232662202599e+01
4.609841475146276935e+01
1.120827448125862436e+00
1.163218487122464673e+00
3.379264305188169892e+00
7.996795318446404011e+00
2.608356861608827160e+01
2.013983729670388811e+01
2.212647141000946505e+00
4.646969794218827943e+00
6.875703849165262227e+00
1.588010769198836769e+01
4.615329953654973849e+01
3.383909786206843506e+01
1.688099348528716792e+00
1.670917238959743756e+00
4.698005977247881049e+00
9.111621913539984519e+00
1.865427724364794670e+01
1.570214750366742607e+01
4.441874428687548004e+00
2.240662984583386752e+00
1.148047038254076035e+01
2.055804033113401985e+01
2.973400922134726088e+01
2.754077857447569500e+01
1.679551709883894572e+00
1.138902841230020613e+00
6.407198300649895373e+00
8.792717905774317444e+00
1.883012808642175173e+01
1.346370712787016366e+01
2.242429628056691548e+00
2.308414925263645667e+00
1.409032178910257471e+01
1.371986410736963080e+01
4.604739368507452468e+01
2.759372788983179348e+01
1.137329555557238470e+00
1.716094887460100304e+00
5.208342840626805526e+00
6.166974883365035964e+00
2.351096274719351698e+01
1.536994951577638524e+01
2.253377157490351834e+00
4.528092624597586990e+00
6.949667836100419827e+00
1.140758686833632751e+01
4.929695460555522857e+01
3.367135262778185734e+01
2.229387385849421754e+00
2.783300754276350819e+00
3.440159637446701169e+00
6.221688297474900153e+00
2.310199805222910996e+01
1.707263318607692071e+01
6.725386866484362791e+00
6.739829994635736732e+00
6.785035673887839458e+00
1.388570008139530110e+01
4.393323393272901711e+01
3.404441726092672127e+01
1.660648579926357060e+00
1.697228246693873510e+00
3.450128180859066696e+00
8.563729867947174057e+00
2.031247560460327506e+01
1.516818983863688430e+01
2.536025359685255883e-03
1.265947788939494889e-02
6.809331245298486657e+00
2.061381781242003441e+01
3.878242538373752524e+01
2.455285934481905485e+01
1.092677345113225007e+00
1.207208304411954911e-02
4.084056383604613316e+00
1.153861940262560992e+01
1.797877127668824215e+01
1.467120822868714214e+01
4.462478742623816608e+00
1.232887712049490943e-02
9.087699221098349156e+00
2.564984488916699590e+01
3.425268788991277091e+01
3.428359841101643468e+01
3.294754850295345427e+00
1.212044838136749382e-02
3.398118784816912097e+00
1.410089888936821367e+01
1.502212831183645392e+01
1.861509149741011626e+01
9.012837372677871883e+00
1.217023640132900222e-02
4.673272197157000818e+00
3.180978236172796159e+01
2.511003032742113206e+01
3.866437256202548411e+01
4.442713444556051883e+00
5.759621543989076331e-01
2.345281146734039535e+00
1.699669873337882819e+01
1.320006687683740232e+01
1.865003105915214476e+01
8.970683571703919057e+00
2.299243353451234206e+00
4.616833101104845127e+00
3.514511240824268867e+01
2.696156032951925141e+01
3.593942720559206094e+01
1.363102642431296552e+01
5.784205527014114612e-01
2.269579189759900473e+00
2.525395627972703494e+01
1.017780100361004436e+01
1.830368427895210459e+01
4.505384026980552648e+01
1.236406334514115156e-02
4.526028713561908390e+00
6.983411579011202264e+01
1.366468536609549211e+01
3.638370615400715025e+01
