2.094738851321991877e-02
1.025857061500713874e+00
1.731560319058402575e+00
1.553716037801157468e-02
8.654327133998837018e-01
1.764929702733462946e+00
5.179627660587762458e-03
2.654352650320211948e-01
4.729809530599384804e-01
3.902918030349573995e-03
2.288683435558329093e-01
4.687315612606439696e-01
2.175556185812008729e-06
1.962858996524759550e-02
1.168913790237953165e-01
2.913902280645795255e-06
5.266253188863233986e-02
1.155206038692661308e-01
2.258497756526220456e-06
1.299216841135148424e-02
4.783991069248584582e-02
2.785980848826414614e-04
2.569986971343695553e-02
5.718446508253050703e-02
2.284024461593490333e-06
3.200027373686648025e-02
7.603907000123914794e-02
1.114920914749709937e-03
4.982130535844617875e-02
1.130589209393029065e-01
2.148746046326669080e-06
1.362237304066638358e-02
4.500061254988684672e-02
2.674379251647924670e-04
2.728425725930382767e-02
5.941256797094432440e-02
2.234178045817988202e-06
2.146160804411419154e-02
1.018147331612672263e-01
2.911156183023755622e-06
6.261125997319605396e-02
1.247841172939522791e-01
2.873138198919222906e-04
1.213078183704999549e-02
5.103386548157486796e-02
8.171781684550188159e-04
2.883784599806834756e-02
5.474834695546975522e-02
1.158605623296216991e-03
2.781070638315109173e-02
1.002122038990319181e-01
3.270691338647952612e-03
5.211863079970987384e-02
9.619179040915186440e-02
2.824395265288896046e-04
1.276328848403248187e-02
5.082247722416129154e-02
1.658833849726804727e-03
2.419235193970342007e-02
5.824370141402836210e-02
2.286282361997205851e-06
2.309565206657305386e-02
9.913419444365861866e-02
3.275845202702755508e-03
4.540879048483944386e-02
1.421682643928482148e-01
5.698234519391153722e-04
1.149465310573711228e-02
4.885299358906432937e-02
2.506132630748920433e-03
2.590458579288961241e-02
6.766512802656005077e-02
2.362230588640015522e-03
2.325074187966162664e-02
9.413670475247465363e-02
6.524658244065002603e-03
5.639897634391132647e-02
1.357195483910116351e-01
5.863969112735314482e-04
1.130440965197143481e-02
4.997629075117882708e-02
2.469887353238371316e-03
2.957631166525143476e-02
7.108715560811329492e-02
2.124836677099158683e-06
2.185504046407921175e-02
1.050338713977013588e-01
3.228021408803237978e-03
6.171179362170042815e-02
1.451240019015365978e-01
2.163934723636856976e-06
1.355658332189358696e-02
5.092516610535875038e-02
2.246946144669127472e-03
2.970247928047908478e-02
7.648865887606010050e-02
2.214358736106777984e-06
3.213914694946287676e-02
1.034398740586331966e-01
5.428618354809537291e-03
5.650955323374935030e-02
1.596955696198476826e-01
2.215824977312543617e-06
1.450567447299763377e-02
5.877487669133082265e-02
2.226612973572962909e-03
3.407047799528092891e-02
8.076781803535096338e-02
2.248050799962409479e-06
2.586890011377228002e-02
1.283792517619140039e-01
3.261342542752742463e-03
7.578736014214862426e-02
1.688974295417647042e-01
2.274736992126101123e-06
1.560908477350710089e-02
7.177944910303064863e-02
1.675651359764484052e-03
3.401611179319465050e-02
8.188995186993919262e-02
2.295089915585607877e-06
3.490531048148949600e-02
1.572773555406243029e-01
3.297232111775634522e-03
5.944386485971490247e-02
1.535151452838816044e-01
2.859215537712382995e-04
1.567449137628364880e-02
7.342314027592915238e-02
2.479221895868269094e-03
3.388982246487132893e-02
8.384034947821560058e-02
1.180620674669705149e-03
2.773885109589391967e-02
1.367468331722601349e-01
6.457464240205841761e-03
7.581920308193895730e-02
1.887241603199744377e-01
2.941540078011189389e-04
1.622449821602622508e-02
7.416040764109754768e-02
2.714935667460526870e-03
3.990405533754497192e-02
9.946824030952168549e-02
2.118895873496460740e-06
3.631925754310133536e-02
1.600803554248861060e-01
4.453553624682391604e-03
8.395264678886193987e-02
2.047124188349681850e-01
2.829129729025926538e-04
1.690103694725501871e-02
9.011787162693231379e-02
1.936546912921515654e-03
4.291033063427264482e-02
9.842324218108954026e-02
1.169241034737406428e-03
3.243164439417817180e-02
1.961365866000776559e-01
3.348828400358720009e-03
8.531768946551805677e-02
1.858669120094426919e-01
2.865603394197595993e-04
1.691998090415409300e-02
9.900918693132089443e-02
2.762548080876701256e-03
4.188237383261947389e-02
1.100534521433315649e-01
2.286316781848944936e-06
3.502483972434281001e-02
1.994931224570133665e-01
7.612413675352851065e-03
8.544220545524626453e-02
2.532392504376588804e-01
2.296811771841042098e-06
1.688949851992405105e-02
1.045605955818676297e-01
4.485653639637976302e-03
4.302689551439019960e-02
1.225801228066314696e-01
2.132393320198326013e-06
3.459198046267207560e-02
2.087787984632751837e-01
9.900659838415874076e-03
8.761619238848461499e-02
2.407107584426010916e-01
2.118945826917971697e-06
1.735572862706458858e-02
1.140297703699695575e-01
4.852353169231549135e-03
5.325076076589591034e-02
1.301028592578910847e-01
2.320707718870579947e-06
3.409046647850637324e-02
2.416787201960448050e-01
9.796402889082581056e-03
1.237463943178101350e-01
2.802996109250714962e-01
2.829530582101228786e-04
1.785743118295755189e-02
1.294959403168394751e-01
6.282963053730762810e-03
6.433633029986363105e-02
1.568260537749096295e-01
1.141098146366684293e-03
3.946285672200267047e-02
2.724707719951556251e-01
1.522154941046116421e-02
1.335634273317687359e-01
3.448228369692939999e-01
2.842535025895150808e-04
2.139015926424947187e-02
1.425841308116492234e-01
8.342609064968671898e-03
6.509242412697853475e-02
1.742125177470673081e-01
2.301935935037223236e-06
4.581627065300256790e-02
3.010263057221373439e-01
1.861151239726325027e-02
1.351789668704465874e-01
3.590093610727887463e-01
5.780949798176191010e-04
2.771664787375009015e-02
1.589168605621751051e-01
7.720502539780223737e-03
7.814253268372055306e-02
1.985435096250137421e-01
2.348233427481677144e-03
6.653850869445084026e-02
3.360616804248415246e-01
1.180046484437549323e-02
1.702384310428950998e-01
4.590638822420382570e-01
1.733156582424335776e-03
3.984543350660478545e-02
1.816843007731299697e-01
1.067121203481035015e-02
9.878613665792718157e-02
2.446139803137469537e-01
4.695574318266603278e-03
9.226568197684058281e-02
4.121782212065866480e-01
2.931320289640446802e-02
2.248305371524191854e-01
5.221115151227760931e-01
2.575493313925690444e-03
5.479621778276753952e-02
2.417634502597525437e-01
1.411090029698233890e-02
1.124376008320123882e-01
2.906423371263067712e-01
5.735097597538063065e-03
1.199764940939346824e-01
5.344381786665073353e-01
2.631376216478134925e-02
2.379529439613679853e-01
6.508475078307413009e-01
4.402522376430767492e-03
7.585771001830048099e-02
2.914350044751625735e-01
1.826086358457644498e-02
1.420250590371611998e-01
3.879511821226653279e-01
1.175430365503877563e-02
1.826090979831790084e-01
6.581076863105451702e-01
4.819523948039314970e-02
3.209661450094548063e-01
8.763509049711831755e-01
1.726889567349773613e-02
1.141729339696644363e-01
4.356509453528681908e-01
2.904138230056595854e-02
2.048659077606446721e-01
5.396005952521749638e-01
5.842810293892407997e-02
2.696797035809415655e-01
1.116847179016800862e+00
7.020120137771798663e-02
5.165228533362891117e-01
1.217832028603204941e+00
1.242336181061924477e-01
6.130152043701607711e-01
1.247195143720593258e+00
1.239474367730142995e-01
6.257792608643046872e-01
1.805516266448426332e+00
4.348493721863750938e-01
2.275118966988098013e+00
3.882147605964494819e+00
4.113559970040580049e-01
1.970230231219251005e+00
6.046031614155597644e+00
