6.664746403694152832e-01
6.397472321987152100e-02
4.232405126094818115e-02
1.714620972052216530e-03
7.924118079245090485e-03
2.631068043410778046e-02
0.000000000000000000e+00
1.756285689771175385e-02
1.732093095779418945e-02
0.000000000000000000e+00
0.000000000000000000e+00
0.000000000000000000e+00
1.879362389445304871e-02
9.396811947226524353e-03
9.396811947226524353e-03
1.560630928725004196e-02
1.714620972052216530e-03
0.000000000000000000e+00
0.000000000000000000e+00
9.396811947226524353e-03
0.000000000000000000e+00
9.396811947226524353e-03
0.000000000000000000e+00
0.000000000000000000e+00
0.000000000000000000e+00
1.714620972052216530e-03
0.000000000000000000e+00
0.000000000000000000e+00
0.000000000000000000e+00
0.000000000000000000e+00
0.000000000000000000e+00
0.000000000000000000e+00
0.000000000000000000e+00
0.000000000000000000e+00
0.000000000000000000e+00
1.714620972052216530e-03
9.396811947226524353e-03
0.000000000000000000e+00
4.494875669479370117e-03
0.000000000000000000e+00
9.396811947226524353e-03
0.000000000000000000e+00
0.000000000000000000e+00
9.396811947226524353e-03
0.000000000000000000e+00
1.879362389445304871e-02
0.000000000000000000e+00
1.389168761670589447e-02
1.389168761670589447e-02
0.000000000000000000e+00
