6.148570179939270020e-01
8.627862483263015747e-02
4.565046355128288269e-02
3.125819936394691467e-02
2.207563444972038269e-02
1.918968558311462402e-02
1.555413939058780670e-02
1.409242581576108932e-02
1.038191933184862137e-02
8.245567791163921356e-03
8.582886308431625366e-03
6.783854216337203979e-03
6.334095261991024017e-03
5.621978081762790680e-03
5.659458227455615997e-03
5.209699738770723343e-03
4.610022064298391342e-03
4.460102878510951996e-03
4.385142587125301361e-03
3.448146628215909004e-03
3.785465378314256668e-03
3.410666715353727341e-03
2.960908459499478340e-03
2.661069622263312340e-03
2.848468953743577003e-03
2.736029215157032013e-03
2.960908459499478340e-03
2.436190377920866013e-03
2.736029447987675667e-03
2.586110029369592667e-03
2.211311366409063339e-03
2.436190377920866013e-03
2.548630116507411003e-03
2.173831686377525330e-03
1.836512936279177666e-03
2.436190377920866013e-03
2.248791279271245003e-03
2.398710697889328003e-03
1.873992849141359329e-03
1.986432354897260666e-03
2.061392180621623993e-03
2.548629883676767349e-03
2.173831686377525330e-03
2.586110029369592667e-03
2.511150203645229340e-03
2.361230785027146339e-03
2.248791046440601349e-03
2.810989040881395340e-03
3.073348198086023331e-03
3.673025872558355331e-03
