2.661038679945569675e+04
6.538547789784364795e+03
9.382127295971073977e+01
5.678114824787606807e+01
1.290759925020982166e+02
5.913256508248134935e+01
1.041800271794917307e+02
5.656993628737967583e+01
1.266074404383193865e+02
6.232826721938094039e+01
1.282716093163175799e+02
6.248400299784462675e+01
1.226925330775604266e+02
5.280741670692893308e+01
9.222019865540903538e+01
5.007658128086155358e+01
1.041988178584001616e+02
5.150119001966348264e+01
1.007113835434820857e+02
4.833942935695259990e+01
9.122748017789780306e+01
4.459695513211187290e+01
8.939773245131047474e+01
4.305012832915224408e+01
8.039581955802749746e+01
5.417099007109260356e+01
1.353448169889651922e+02
5.588214090650627952e+01
9.115440440651995857e+01
4.080521588655857812e+01
7.180052283728007012e+01
3.919576177610332479e+01
8.739924024055176233e+01
4.366412969706166081e+01
9.124864257323649497e+01
4.255897640211099286e+01
7.540594700686949636e+01
4.647702727511105536e+01
1.043269216427553232e+02
4.500300677470478661e+01
7.394528510493086060e+01
4.561247427958445400e+01
1.141475059402659298e+02
5.093566148496774559e+01
9.285688954600983891e+01
4.275433807137440567e+01
7.987283557228420250e+01
3.675309635883176895e+01
7.090752110281813714e+01
