3.390463727075724965e+00
8.822464270802241604e-01
2.295164703282873142e-01
1.485500621317203673e-01
3.638080862826552631e-01
1.270572498190804811e-01
1.560614393758463503e-01
8.218877978113663108e-02
1.839915618502341865e-01
9.712221061397542654e-02
2.030082534183066945e-01
1.563095272648660494e-01
4.053015050500860528e-01
1.774956639762123589e-01
3.045162671311988922e-01
1.465231437079010102e-01
2.797231193604889365e-01
2.049187901549812674e-01
5.189515540523880199e-01
2.235900617553364111e-01
3.605684789129908752e-01
2.089918220009369387e-01
4.576434823311886224e-01
2.194600859284040195e-01
4.140539668981075838e-01
2.812319440926639436e-01
7.088374179813794473e-01
3.700418300982786235e-01
8.148336893413424820e-01
4.011568070241575690e-01
8.161185856794608284e-01
4.712212148293726255e-01
1.041642737508869265e+00
5.025276189149204820e-01
9.789357655292664218e-01
5.182837333866885388e-01
1.050264815391936279e+00
7.082502106201380432e-01
1.826565528141812722e+00
1.126149916766039594e+00
2.698939181224315753e+00
1.582277630737487284e+00
3.598763818519325586e+00
2.390901773632680083e+00
6.147333069843049280e+00
5.104076675378558470e+00
1.428204117293362785e+01
3.592410834592428159e+01
1.335227357712181231e+02
