4.861224654468776407e+01
1.279051606990876344e+01
2.949461622636619484e+00
1.415402064590345343e+00
2.857389274174279681e+00
1.613756337434646637e+00
3.746260678759177676e+00
1.761502264693634912e+00
3.453591229644945138e+00
2.076038373288845662e+00
4.732899427311382468e+00
2.297178449350286478e+00
4.488333680909239121e+00
2.170243130068457482e+00
3.945032209037655502e+00
2.161738814911790207e+00
4.520392635803522019e+00
2.621430254956369055e+00
5.884738880565812735e+00
2.882625258449077243e+00
5.600821778751764235e+00
2.856024951304267923e+00
5.955080028498735523e+00
3.203822768881512850e+00
6.928563826236941559e+00
3.491593382054442252e+00
7.036654619138450251e+00
3.634666314275601273e+00
7.564803082441081017e+00
3.886137283551718280e+00
7.543932172376110579e+00
4.220933661407387127e+00
9.607031577525612320e+00
4.689466116762991632e+00
9.350243561891097954e+00
4.786437015219748403e+00
9.436724346775729799e+00
5.466309839891155598e+00
1.218893145409358958e+01
6.304722320363705279e+00
1.300390930032582126e+01
8.111516862976040798e+00
1.910289576284283442e+01
1.267661516836825619e+01
3.088972942824982937e+01
1.673762438312064660e+01
3.615753800800420237e+01
1.786711948614807710e+01
3.683070896400656835e+01
