6.123482963483422026e+01
1.649623124752447012e+01
3.624158370642118321e+00
1.819021219727733119e+00
3.690118080297597025e+00
1.997721644005047592e+00
4.358742109396810172e+00
2.161930064912872762e+00
4.233097843247267456e+00
2.417569594596971516e+00
5.466316061183242425e+00
2.870022937446666145e+00
5.570156355957855965e+00
2.724694677758924044e+00
5.062467955437047529e+00
2.647004025171488362e+00
5.649588920954082383e+00
3.089342472035869758e+00
6.960323338771531532e+00
3.476599502197970537e+00
6.773791764392930403e+00
3.660634600994798760e+00
7.422979073054744248e+00
4.020041431394755449e+00
8.469847211833547718e+00
4.430036805117011589e+00
9.034912207699239417e+00
4.647760006793927090e+00
9.726926127935122679e+00
4.813197757419979794e+00
1.003256722194470996e+01
5.610711594376787126e+00
1.292856999760900472e+01
6.332880953187445705e+00
1.241578077798894419e+01
6.456781848128278156e+00
1.352200569503183125e+01
7.706376823649224050e+00
1.692724361003528344e+01
9.229004722462983423e+00
1.917516190025065015e+01
1.220394654073217922e+01
2.895630269015468983e+01
1.907499130161743395e+01
4.679720158337661928e+01
2.891973456969659750e+01
6.923958790795910545e+01
8.013347339151239623e+01
2.528161772125291407e+02
