1.668420638354666531e+06
4.148236152432285598e+05
4.672088508478807853e+03
2.636210162971176487e+03
6.030648181924382698e+03
2.557671233800700065e+03
4.377100562355301008e+03
2.871446214216473436e+03
6.913458789231846822e+03
2.780137939125553658e+03
3.929035891808992801e+03
2.243104674692916433e+03
5.030934055944751890e+03
2.169020934694692642e+03
3.602871000353881300e+03
2.185524144733541107e+03
4.968829713940309375e+03
2.270110630268134628e+03
4.271778339842953756e+03
1.624092141733188100e+03
2.065661960188112062e+03
1.298860984150025388e+03
3.126799702055719990e+03
1.527669051762270556e+03
2.972202014425674861e+03
1.540762841135169083e+03
3.196956407938183929e+03
1.531678011538009059e+03
2.980332835441438874e+03
1.597758459221575777e+03
3.298796792863051905e+03
1.352808398504763090e+03
2.105609438973755005e+03
8.339329086200200436e+02
1.265855575245425371e+03
8.845720817812782570e+02
2.196203633742443344e+03
6.228274605208700905e+02
2.294723558163412918e+02
2.330309491915912474e+02
7.121265558154632345e+02
5.772009077193645226e+02
1.619930350375524768e+03
6.820819396025909782e+02
1.141127265196467533e+03
4.664201716644491285e+02
6.908451119905463429e+02
2.959134700152178539e+02
4.747519453832005070e+02
