6.046273126193261760e+01
1.558518128299540706e+01
1.676630814706204717e-02
7.941421972815080818e-03
1.536336755087876378e-02
7.533839353505777242e-03
1.464941392599094887e-02
7.246519738479596795e-03
1.420835915323215640e-02
6.627346398068243404e-03
1.299267763387154662e-02
6.413420768526195345e-03
1.287224034019894200e-02
6.060093675610763418e-03
1.208600859996190532e-02
5.960886423232969814e-03
1.138878605171800111e-02
5.543872033120707601e-03
1.091381703207534339e-02
5.354835059030118964e-03
1.039794540517865670e-02
5.173839148068325351e-03
1.011080588268948276e-02
5.005663939665421468e-03
9.417593426361076797e-03
4.651330252644762277e-03
9.345826724465140442e-03
4.482009985003540010e-03
8.742111832356153078e-03
4.355996421982000558e-03
8.480048080533169122e-03
4.075151215061315058e-03
8.255123959349595919e-03
4.073287742485470764e-03
7.833122622841274738e-03
3.811316618458430224e-03
7.665688361236662474e-03
3.639540677178303586e-03
7.239347538861060950e-03
3.567125551147157410e-03
7.094603451028211848e-03
3.500560600296448183e-03
6.882705450838151780e-03
3.390809522884459526e-03
6.670945304236299521e-03
3.158665144373554081e-03
6.495956122269288223e-03
3.128141178365759743e-03
6.221879310560494460e-03
