2.620955495772911426e-02
6.630129101760280988e-03
6.052848322667109390e-04
3.331800634112899772e-04
7.269301546944668523e-04
3.463493428000908041e-04
6.229869814074850791e-04
2.744516476103774257e-04
5.040999347259141148e-04
4.994079288682322197e-04
1.481917639052842675e-03
4.851282553826340746e-04
4.925928893611918177e-04
3.022326938234175448e-04
7.522503780283946008e-04
5.502860051531066566e-04
1.503043455687353433e-03
6.943514808623807910e-04
1.374413272142753972e-03
5.782545967306216726e-04
9.848348217620993099e-04
4.995475273128802433e-04
1.007018923016460938e-03
4.615092648060938030e-04
8.449145560346480073e-04
6.762717346922386772e-04
1.820639819618361660e-03
8.388943282950910582e-04
1.505109052586735448e-03
1.048584613762439718e-03
2.721715258459931393e-03
1.066996939923835989e-03
1.493046640305235309e-03
1.244744436340615651e-03
3.443519188767234403e-03
1.656546458112782795e-03
3.321134870495864519e-03
1.972438161077566185e-03
4.523050934862357479e-03
2.227869860753441990e-03
4.415870955053468293e-03
3.172920528823396612e-03
8.089114549256280762e-03
5.043317246030979729e-03
1.213099283423373607e-02
9.573407147215981516e-03
2.731858873172064717e-02
4.167733438063391249e-01
1.615272752323842154e+00
