9.280039132357885412e-03
2.413821255766785377e-03
5.989314586544147159e-04
2.956475328473728978e-04
5.768623836288263316e-04
1.455785851558685784e-04
1.734593118588087971e-05
1.695654347631355205e-05
1.699511942122357367e-05
9.727150222641884312e-05
3.945830081202779415e-04
1.492823978394563773e-04
1.914439471513875563e-04
9.656033484880028228e-05
1.914130664870658039e-04
1.994062589480970226e-04
5.885088528940216404e-04
1.976011130247997728e-04
1.921968364870923758e-04
1.435132566679820135e-04
3.962057121470839304e-04
2.922622282435514474e-04
7.942711576182948660e-04
3.884449246474931715e-04
7.706837912906220906e-04
4.867490453548228954e-04
1.184126497394391922e-03
6.884994451217040044e-04
1.561850945266133424e-03
6.306177713099286701e-04
9.754663318288177070e-04
3.950333015870951246e-04
5.851803298545068047e-04
4.809837289898607040e-04
1.343527934290701838e-03
7.310807614542493178e-04
1.567809831597510991e-03
1.141573237158950791e-03
2.944708286099564053e-03
1.198079958494561179e-03
1.793639597548288712e-03
1.173187337061006291e-03
2.967906306625564539e-03
1.543144871705546487e-03
3.059408952919031883e-03
3.422497356227954292e-03
1.094278832939953733e-02
1.079677067071299845e+00
4.190369682432398157e+00
