5.521341197193790140e+04
1.428408549947652864e+04
1.711609836935375597e+02
8.591786914432874767e+01
1.772484707792283132e+02
8.820744955445950097e+01
1.708509642738145828e+02
8.020598829910778704e+01
1.545635519966974414e+02
7.867593885898976680e+01
1.547096802281919565e+02
6.860286838400860177e+01
1.252889238461459200e+02
6.354443616361394476e+01
1.282739983954932939e+02
7.996062794551326647e+01
1.857218702559883923e+02
8.533125765879928792e+01
1.526048928060480705e+02
7.085574654642256576e+01
1.306221096874274394e+02
6.488539345494000088e+01
1.352328340122374186e+02
6.558902040493667585e+01
1.273861334540428487e+02
7.278758893380990003e+01
1.670485511441602853e+02
8.330981588895942025e+01
1.594446603752707290e+02
7.227752755485245473e+01
1.298013879757078257e+02
7.275888373226551664e+01
1.598684550958275281e+02
7.385347664391873934e+01
1.460828714725187467e+02
7.697027582309188176e+01
1.716801346405677862e+02
9.151446675390283758e+01
1.877096656589086194e+02
1.036862544380453954e+02
2.150350092996801266e+02
1.154495840590692950e+02
2.371312065023425077e+02
1.265335120372775890e+02
2.541127046576283419e+02
1.337659139106051498e+02
2.984504443707357950e+02
1.794994165045065131e+02
4.239082905806996564e+02
