6.831321686799628201e-02
1.783416998943324061e-02
3.004938778834160325e-03
7.731776743221625619e-04
6.870710953220043439e-06
7.412607377893344965e-04
2.976127849671789376e-03
7.591226784743122010e-04
6.746787308468767145e-06
7.395237829720061700e-06
7.338936994655638539e-06
6.829743783112824069e-06
6.853935693150292784e-06
7.518701342801844883e-04
3.062900792721454362e-03
7.656938150882618751e-04
7.005038779005308372e-06
7.707263253719042308e-04
3.038707252686029519e-03
1.535659476407592611e-03
2.993842846433072101e-03
1.493138931097327685e-03
3.025315335488595880e-03
3.114544301913165381e-03
8.999787604107880451e-03
4.469328356613220567e-03
9.151351913567839710e-03
8.494439414574993588e-03
2.459134325836316928e-02
1.074771150726539642e-02
1.845108674867607101e-02
1.070090085280183886e-02
2.415173303976420396e-02
1.505327766927747925e-02
3.704491737521165701e-02
1.991252023420923487e-02
4.344668886706352234e-02
2.468757530504413211e-02
5.526658922999629076e-02
3.113588207155746843e-02
6.707376757597008354e-02
3.691204939975641086e-02
7.906839898627135432e-02
5.292125141419172507e-02
1.345387398430497872e-01
8.218376731495907750e-02
1.825049810009263529e-01
2.892840942463356657e-01
9.941546625910951951e-01
