2.156359987566247582e-04
2.875146747101098299e-04
2.156359987566247582e-04
3.114742285106331110e-04
3.354337823111563921e-04
2.635550918057560921e-04
1.677168911555781960e-04
2.156359987566247582e-04
1.677168911555781960e-04
1.677168911555781960e-04
2.635550918057560921e-04
2.395955525571480393e-04
2.395955525571480393e-04
2.395955525571480393e-04
2.875146747101098299e-04
2.156359987566247582e-04
3.833528608083724976e-04
2.635550918057560921e-04
1.916764304041862488e-04
1.677168911555781960e-04
2.156359987566247582e-04
2.635550918057560921e-04
1.437573373550549150e-04
9.583821520209312439e-05
2.156359987566247582e-04
3.833528608083724976e-04
1.916764304041862488e-04
2.395955525571480393e-04
1.677168911555781960e-04
1.677168911555781960e-04
1.437573373550549150e-04
2.156359987566247582e-04
7.187866867752745748e-05
1.197977762785740197e-04
1.916764304041862488e-04
1.197977762785740197e-04
1.437573373550549150e-04
1.677168911555781960e-04
1.916764304041862488e-04
2.635550918057560921e-04
2.635550918057560921e-04
2.395955525571480393e-04
2.875146747101098299e-04
2.635550918057560921e-04
2.395955525571480393e-04
2.635550918057560921e-04
1.677168911555781960e-04
3.354337823111563921e-04
3.354337823111563921e-04
1.197977762785740197e-04
1.677168911555781960e-04
3.354337823111563921e-04
2.395955525571480393e-04
2.635550918057560921e-04
9.583821520209312439e-05
3.114742285106331110e-04
3.593933070078492165e-04
3.833528608083724976e-04
3.354337823111563921e-04
2.875146747101098299e-04
2.635550918057560921e-04
3.833528608083724976e-04
2.395955525571480393e-04
4.312719975132495165e-04
4.073124437127262354e-04
3.833528608083724976e-04
2.635550918057560921e-04
3.354337823111563921e-04
4.312719975132495165e-04
4.552315513137727976e-04
4.073124437127262354e-04
4.552315513137727976e-04
5.989889032207429409e-04
4.552315513137727976e-04
5.271101836115121841e-04
4.073124437127262354e-04
7.187866140156984329e-04
5.271101836115121841e-04
8.146248874254524708e-04
9.823418222367763519e-04
9.344226564280688763e-04
1.054220367223024368e-03
9.344226564280688763e-04
1.030260929837822914e-03
1.102139591239392757e-03
1.461532898247241974e-03
1.341735129244625568e-03
1.485492335632443428e-03
1.964683644473552704e-03
2.611591713503003120e-03
2.755348803475499153e-03
2.994944341480731964e-03
3.569973865523934364e-03
4.312720149755477905e-03
6.900351960211992264e-03
8.361885324120521545e-03
1.126099005341529846e-02
2.106044813990592957e-02
4.207297787070274353e-02
