5.394048690795898438e-01
9.663072228431701660e-02
4.998439550399780273e-02
3.245295956730842590e-02
2.046143263578414917e-02
1.284663565456867218e-02
1.301959529519081116e-02
1.671959087252616882e-02
1.104081701487302780e-02
4.530306905508041382e-03
7.143062539398670197e-03
7.907243445515632629e-03
4.902450833469629288e-03
7.112449035048484802e-03
7.888773456215858459e-03
1.137602049857378006e-02
6.671328097581863403e-03
4.251427948474884033e-03
4.009488970041275024e-03
7.466122042387723923e-03
5.386328324675559998e-03
6.199593190103769302e-03
4.381632432341575623e-03
6.752448622137308121e-03
6.168980151414871216e-03
6.250100675970315933e-03
4.351019393652677536e-03
5.567040760070085526e-03
5.597653798758983612e-03
3.084489842876791954e-03
4.692549817264080048e-03
6.764592602849006653e-03
2.612755401059985161e-03
5.727858282625675201e-03
4.481223411858081818e-03
4.511836916208267212e-03
2.271225210279226303e-03
4.741633310914039612e-03
3.375512314960360527e-03
4.723162855952978134e-03
4.883980378508567810e-03
2.824081107974052429e-03
1.024590455926954746e-03
2.742959884926676750e-03
2.482550684362649918e-03
4.723162390291690826e-03
5.648161284625530243e-03
2.793467603623867035e-03
3.537754295393824577e-03
5.877957213670015335e-03
