4.496548175811767578e-01
6.565064191818237305e-02
3.985932096838951111e-02
3.608180209994316101e-02
2.891754545271396637e-02
2.396769635379314423e-02
2.019017934799194336e-02
1.823629066348075867e-02
1.511006895452737808e-02
1.667317934334278107e-02
1.458903215825557709e-02
1.224436610937118530e-02
1.068125572055578232e-02
1.120229251682758331e-02
8.727367036044597626e-03
8.987885899841785431e-03
8.987885899841785431e-03
6.903738249093294144e-03
5.991924088448286057e-03
7.555034477263689041e-03
5.861664656549692154e-03
6.382701452821493149e-03
4.689331632107496262e-03
6.122183054685592651e-03
3.777517238631844521e-03
3.647258039563894272e-03
4.168294835835695267e-03
2.865702845156192780e-03
4.689331632107496262e-03
3.647258039563894272e-03
3.126221243292093277e-03
2.995962044224143028e-03
3.777517238631844521e-03
3.126221243292093277e-03
2.474925015121698380e-03
2.995962044224143028e-03
2.084147417917847633e-03
3.126221243292093277e-03
1.823629019781947136e-03
3.256480442360043526e-03
3.126221243292093277e-03
2.474925015121698380e-03
2.735443646088242531e-03
2.474925015121698380e-03
2.735443646088242531e-03
2.735443646088242531e-03
1.953888218849897385e-03
2.084147417917847633e-03
1.302592107094824314e-03
2.865702845156192780e-03
2.344665816053748131e-03
1.302592107094824314e-03
1.953888218849897385e-03
2.084147417917847633e-03
1.302592107094824314e-03
1.953888218849897385e-03
3.256480442360043526e-03
1.563110621646046638e-03
1.823629019781947136e-03
2.344665816053748131e-03
1.953888218849897385e-03
2.474925015121698380e-03
1.693369820713996887e-03
1.302592107094824314e-03
1.563110621646046638e-03
1.563110621646046638e-03
1.563110621646046638e-03
2.214406616985797882e-03
1.432851422578096390e-03
1.172332908026874065e-03
1.563110621646046638e-03
1.953888218849897385e-03
9.118145098909735680e-04
2.344665816053748131e-03
2.344665816053748131e-03
1.563110621646046638e-03
1.823629019781947136e-03
1.693369820713996887e-03
1.042073708958923817e-03
1.563110621646046638e-03
1.563110621646046638e-03
1.302592107094824314e-03
1.823629019781947136e-03
1.823629019781947136e-03
1.172332908026874065e-03
1.042073708958923817e-03
1.432851422578096390e-03
1.823629019781947136e-03
1.042073708958923817e-03
1.172332908026874065e-03
1.432851422578096390e-03
9.118145098909735680e-04
1.823629019781947136e-03
7.815553108230233192e-04
2.214406616985797882e-03
1.432851422578096390e-03
2.084147417917847633e-03
1.042073708958923817e-03
3.256480442360043526e-03
