3.168717259541153908e-03
1.078712288290262222e-03
1.078712288290262222e-03
1.179841579869389534e-03
6.404854357242584229e-04
5.393561441451311111e-04
5.056463996879756451e-04
5.056463996879756451e-04
3.370975900907069445e-04
4.719366261269897223e-04
1.045002485625445843e-03
4.719366261269897223e-04
5.056463996879756451e-04
3.370975900907069445e-04
4.382268525660037994e-04
6.741951801814138889e-04
7.416146690957248211e-04
4.045171081088483334e-04
4.719366261269897223e-04
5.393561441451311111e-04
3.708073345478624105e-04
5.393561441451311111e-04
6.741951801814138889e-04
6.067756330594420433e-04
3.370975900907069445e-04
6.741951801814138889e-04
4.045171081088483334e-04
4.045171081088483334e-04
4.382268525660037994e-04
5.056463996879756451e-04
5.730658886022865772e-04
3.033878165297210217e-04
4.719366261269897223e-04
3.033878165297210217e-04
5.730658886022865772e-04
5.393561441451311111e-04
4.382268525660037994e-04
7.753244717605412006e-04
4.382268525660037994e-04
4.719366261269897223e-04
5.056463996879756451e-04
2.696780720725655556e-04
5.730658886022865772e-04
5.056463996879756451e-04
5.730658886022865772e-04
6.404854357242584229e-04
3.033878165297210217e-04
7.416146690957248211e-04
6.741951801814138889e-04
5.393561441451311111e-04
7.416146690957248211e-04
4.382268525660037994e-04
7.416146690957248211e-04
5.730658886022865772e-04
4.382268525660037994e-04
8.427439606748521328e-04
6.741951801814138889e-04
7.753244717605412006e-04
7.753244717605412006e-04
6.067756330594420433e-04
8.764537051320075989e-04
8.764537051320075989e-04
1.112422090955078602e-03
1.045002485625445843e-03
8.764537051320075989e-04
1.011292799375951290e-03
9.775829967111349106e-04
9.775829967111349106e-04
8.090342162176966667e-04
1.179841579869389534e-03
1.078712288290262222e-03
7.079049246385693550e-04
1.584358629770576954e-03
8.427439606748521328e-04
1.348390360362827778e-03
1.516939140856266022e-03
1.584358629770576954e-03
1.247261068783700466e-03
1.618068432435393333e-03
1.752907410264015198e-03
1.752907410264015198e-03
1.752907410264015198e-03
1.820327015593647957e-03
2.325973473489284515e-03
2.460812451317906380e-03
2.629361115396022797e-03
2.966458676382899284e-03
3.404685761779546738e-03
3.741783322766423225e-03
3.977751359343528748e-03
4.449688363820314407e-03
5.730659235268831253e-03
6.472273729741573334e-03
7.416146807372570038e-03
7.719534914940595627e-03
1.179841533303260803e-02
1.763020455837249756e-02
2.605764381587505341e-02
4.965447634458541870e-02
