4.569858312606811523e-03
1.470024231821298599e-03
1.470024231821298599e-03
1.118496758863329887e-03
1.022625598125159740e-03
7.350121159106492996e-04
1.054582651704549789e-03
9.906685445457696915e-04
6.071839598007500172e-04
8.628403302282094955e-04
7.030551205389201641e-04
4.473986919037997723e-04
7.669691694900393486e-04
6.391410133801400661e-04
5.432698526419699192e-04
6.071839598007500172e-04
5.752269062213599682e-04
7.989262230694293976e-04
7.350121159106492996e-04
7.350121159106492996e-04
7.669691694900393486e-04
6.071839598007500172e-04
9.906685445457696915e-04
5.752269062213599682e-04
6.071839598007500172e-04
6.710980669595301151e-04
8.947973838075995445e-04
6.710980669595301151e-04
5.432698526419699192e-04
4.793557454831898212e-04
4.473986919037997723e-04
6.071839598007500172e-04
5.113127990625798702e-04
6.710980669595301151e-04
3.515275602694600821e-04
4.793557454831898212e-04
6.710980669595301151e-04
5.752269062213599682e-04
7.030551205389201641e-04
7.989262230694293976e-04
8.308832766488194466e-04
5.752269062213599682e-04
4.154416383244097233e-04
8.308832766488194466e-04
7.030551205389201641e-04
7.669691694900393486e-04
5.432698526419699192e-04
7.989262230694293976e-04
7.030551205389201641e-04
1.054582651704549789e-03
7.989262230694293976e-04
1.054582651704549789e-03
7.030551205389201641e-04
7.350121159106492996e-04
7.989262230694293976e-04
8.947973838075995445e-04
6.710980669595301151e-04
7.669691694900393486e-04
7.669691694900393486e-04
1.438067294657230377e-03
5.752269062213599682e-04
1.246324973180890083e-03
6.710980669595301151e-04
1.086539705283939838e-03
9.906685445457696915e-04
1.182410866022109985e-03
1.054582651704549789e-03
9.587114909663796425e-04
7.669691694900393486e-04
1.150453812442719936e-03
1.278282026760280132e-03
1.022625598125159740e-03
1.661766553297638893e-03
1.565895392559468746e-03
1.629809499718248844e-03
1.342196133919060230e-03
2.045251196250319481e-03
1.661766553297638893e-03
1.661766553297638893e-03
1.501981285400688648e-03
1.757637714035809040e-03
2.045251196250319481e-03
2.013294026255607605e-03
2.748306374996900558e-03
2.588520990684628487e-03
2.972005633637309074e-03
3.355490276589989662e-03
3.355490276589989662e-03
3.770931856706738472e-03
4.633772186934947968e-03
5.272913258522748947e-03
5.624440964311361313e-03
7.222293410450220108e-03
8.021219633519649506e-03
1.009842753410339355e-02
1.262303441762924194e-02
1.712897792458534241e-02
2.508628368377685547e-02
5.224977806210517883e-02
