3.536842167377471924e-01
1.136842072010040283e-01
6.526315957307815552e-02
5.684210360050201416e-02
4.842105135321617126e-02
5.263157933950424194e-02
2.315789461135864258e-02
1.473684236407279968e-02
1.473684236407279968e-02
2.105263248085975647e-02
1.684210449457168579e-02
8.421052247285842896e-03
4.210526123642921448e-03
8.421052247285842896e-03
1.684210449457168579e-02
6.315789651125669479e-03
8.421052247285842896e-03
6.315789651125669479e-03
6.315789651125669479e-03
8.421052247285842896e-03
2.105263061821460724e-03
8.421052247285842896e-03
4.210526123642921448e-03
0.000000000000000000e+00
2.105263061821460724e-03
4.210526123642921448e-03
0.000000000000000000e+00
8.421052247285842896e-03
1.052631624042987823e-02
0.000000000000000000e+00
2.105263061821460724e-03
2.105263061821460724e-03
0.000000000000000000e+00
0.000000000000000000e+00
4.210526123642921448e-03
0.000000000000000000e+00
6.315789651125669479e-03
2.105263061821460724e-03
0.000000000000000000e+00
0.000000000000000000e+00
0.000000000000000000e+00
0.000000000000000000e+00
6.315789651125669479e-03
0.000000000000000000e+00
0.000000000000000000e+00
2.105263061821460724e-03
0.000000000000000000e+00
0.000000000000000000e+00
2.105263061821460724e-03
0.000000000000000000e+00
2.105263061821460724e-03
2.105263061821460724e-03
0.000000000000000000e+00
0.000000000000000000e+00
2.105263061821460724e-03
2.105263061821460724e-03
2.105263061821460724e-03
8.421052247285842896e-03
0.000000000000000000e+00
6.315789651125669479e-03
4.210526123642921448e-03
0.000000000000000000e+00
0.000000000000000000e+00
2.105263061821460724e-03
2.105263061821460724e-03
0.000000000000000000e+00
2.105263061821460724e-03
2.105263061821460724e-03
0.000000000000000000e+00
2.105263061821460724e-03
0.000000000000000000e+00
0.000000000000000000e+00
6.315789651125669479e-03
0.000000000000000000e+00
0.000000000000000000e+00
2.105263061821460724e-03
0.000000000000000000e+00
4.210526123642921448e-03
2.105263061821460724e-03
4.210526123642921448e-03
0.000000000000000000e+00
2.105263061821460724e-03
0.000000000000000000e+00
2.105263061821460724e-03
2.105263061821460724e-03
0.000000000000000000e+00
2.105263061821460724e-03
0.000000000000000000e+00
0.000000000000000000e+00
0.000000000000000000e+00
0.000000000000000000e+00
4.210526123642921448e-03
0.000000000000000000e+00
0.000000000000000000e+00
0.000000000000000000e+00
0.000000000000000000e+00
0.000000000000000000e+00
0.000000000000000000e+00
2.105263061821460724e-03
