3.234210908412933350e-01
1.471671611070632935e-01
9.289351105690002441e-02
6.136929988861083984e-02
4.717798903584480286e-02
3.769905865192413330e-02
2.924926951527595520e-02
2.388690225780010223e-02
1.939118281006813049e-02
1.565377600491046906e-02
1.316217053681612015e-02
1.321633625775575638e-02
1.175387296825647354e-02
8.828946389257907867e-03
8.449789136648178101e-03
7.203986402601003647e-03
7.258151657879352570e-03
6.933160126209259033e-03
6.662333384156227112e-03
6.337341386824846268e-03
5.308200605213642120e-03
5.308200605213642120e-03
4.224894568324089050e-03
4.549886099994182587e-03
3.412414574995636940e-03
3.249918809160590172e-03
3.737406572327017784e-03
3.629075828939676285e-03
3.087422810494899750e-03
2.599935047328472137e-03
2.599935047328472137e-03
1.949951285496354103e-03
2.274943049997091293e-03
2.112447284162044525e-03
2.274943049997091293e-03
2.437439048662781715e-03
2.220777794718742371e-03
1.408298150636255741e-03
1.787455286830663681e-03
2.058281796053051949e-03
1.787455286830663681e-03
1.137471524998545647e-03
1.787455286830663681e-03
1.299967523664236069e-03
1.733290031552314758e-03
1.462463405914604664e-03
1.462463405914604664e-03
1.299967523664236069e-03
1.083306269720196724e-03
1.299967523664236069e-03
7.041490753181278706e-04
1.083306269720196724e-03
1.029140898026525974e-03
1.245802151970565319e-03
8.666450157761573792e-04
9.208103292621672153e-04
7.041490753181278706e-04
9.208103292621672153e-04
5.958184483461081982e-04
7.041490753181278706e-04
9.208103292621672153e-04
9.749756427481770515e-04
6.499837618321180344e-04
9.208103292621672153e-04
1.191636896692216396e-03
9.749756427481770515e-04
1.191636896692216396e-03
8.124797022901475430e-04
4.874878213740885258e-04
6.499837618321180344e-04
5.958184483461081982e-04
8.124797022901475430e-04
6.499837618321180344e-04
8.666450157761573792e-04
7.041490753181278706e-04
7.041490753181278706e-04
3.791571944020688534e-04
5.958184483461081982e-04
6.499837618321180344e-04
6.499837618321180344e-04
4.333225078880786896e-04
4.333225078880786896e-04
8.124797022901475430e-04
8.124797022901475430e-04
2.708265674300491810e-04
6.499837618321180344e-04
7.041490753181278706e-04
4.874878213740885258e-04
2.708265674300491810e-04
4.333225078880786896e-04
7.041490753181278706e-04
5.416531348600983620e-04
7.041490753181278706e-04
4.333225078880786896e-04
5.416531348600983620e-04
8.666450157761573792e-04
5.416531348600983620e-04
7.583143888041377068e-04
7.583143888041377068e-04
