4.645257592201232910e-01
6.497386097908020020e-02
5.974607914686203003e-02
3.734130039811134338e-02
4.107543081045150757e-02
3.659447282552719116e-02
2.091112732887268066e-02
2.539208345115184784e-02
2.165795303881168365e-02
2.016430161893367767e-02
1.568334549665451050e-02
1.269604172557592392e-02
2.240478061139583588e-02
1.120239030569791794e-02
1.269604172557592392e-02
1.194921601563692093e-02
5.974608007818460464e-03
1.344286743551492691e-02
7.468259893357753754e-03
6.721433717757463455e-03
5.227781832218170166e-03
5.227781832218170166e-03
6.721433717757463455e-03
4.480956122279167175e-03
2.987304003909230232e-03
2.240478061139583588e-03
2.240478061139583588e-03
2.240478061139583588e-03
3.734129946678876877e-03
1.493652001954615116e-03
1.493652001954615116e-03
2.987304003909230232e-03
2.240478061139583588e-03
7.468260009773075581e-04
0.000000000000000000e+00
2.987304003909230232e-03
7.468260009773075581e-04
7.468260009773075581e-04
7.468260009773075581e-04
0.000000000000000000e+00
1.493652001954615116e-03
1.493652001954615116e-03
1.493652001954615116e-03
0.000000000000000000e+00
0.000000000000000000e+00
1.493652001954615116e-03
0.000000000000000000e+00
7.468260009773075581e-04
1.493652001954615116e-03
7.468260009773075581e-04
0.000000000000000000e+00
0.000000000000000000e+00
7.468260009773075581e-04
7.468260009773075581e-04
1.493652001954615116e-03
7.468260009773075581e-04
7.468260009773075581e-04
7.468260009773075581e-04
1.493652001954615116e-03
0.000000000000000000e+00
7.468260009773075581e-04
1.493652001954615116e-03
0.000000000000000000e+00
7.468260009773075581e-04
7.468260009773075581e-04
7.468260009773075581e-04
7.468260009773075581e-04
0.000000000000000000e+00
0.000000000000000000e+00
7.468260009773075581e-04
1.493652001954615116e-03
7.468260009773075581e-04
1.493652001954615116e-03
7.468260009773075581e-04
0.000000000000000000e+00
7.468260009773075581e-04
0.000000000000000000e+00
0.000000000000000000e+00
7.468260009773075581e-04
7.468260009773075581e-04
7.468260009773075581e-04
0.000000000000000000e+00
0.000000000000000000e+00
0.000000000000000000e+00
0.000000000000000000e+00
0.000000000000000000e+00
0.000000000000000000e+00
0.000000000000000000e+00
0.000000000000000000e+00
7.468260009773075581e-04
7.468260009773075581e-04
0.000000000000000000e+00
7.468260009773075581e-04
7.468260009773075581e-04
0.000000000000000000e+00
0.000000000000000000e+00
7.468260009773075581e-04
7.468260009773075581e-04
7.468260009773075581e-04
