2.455414738506078720e-03
7.753941463306546211e-04
6.461617886088788509e-04
9.692427120171487331e-04
3.230808943044394255e-04
4.523132520262151957e-04
5.815456388518214226e-04
6.461617886088788509e-04
4.523132520262151957e-04
6.461617886088788509e-05
5.169294308871030807e-04
1.938485365826636553e-04
3.230808943044394255e-04
3.230808943044394255e-04
1.938485365826636553e-04
5.169294308871030807e-04
3.230808943044394255e-04
3.230808943044394255e-04
2.584647154435515404e-04
2.584647154435515404e-04
5.169294308871030807e-04
5.169294308871030807e-04
1.292323577217757702e-04
3.230808943044394255e-04
3.876970731653273106e-04
1.938485365826636553e-04
1.938485365826636553e-04
1.938485365826636553e-04
6.461617886088788509e-05
3.230808943044394255e-04
1.938485365826636553e-04
4.523132520262151957e-04
2.584647154435515404e-04
2.584647154435515404e-04
5.169294308871030807e-04
1.938485365826636553e-04
2.584647154435515404e-04
2.584647154435515404e-04
2.584647154435515404e-04
5.169294308871030807e-04
1.938485365826636553e-04
1.292323577217757702e-04
1.292323577217757702e-04
3.876970731653273106e-04
2.584647154435515404e-04
2.584647154435515404e-04
2.584647154435515404e-04
1.292323577217757702e-04
3.876970731653273106e-04
2.584647154435515404e-04
1.938485365826636553e-04
3.876970731653273106e-04
4.523132520262151957e-04
3.230808943044394255e-04
3.876970731653273106e-04
3.230808943044394255e-04
4.523132520262151957e-04
4.523132520262151957e-04
7.107779965735971928e-04
3.876970731653273106e-04
4.523132520262151957e-04
2.584647154435515404e-04
3.876970731653273106e-04
3.230808943044394255e-04
5.169294308871030807e-04
2.584647154435515404e-04
3.876970731653273106e-04
4.523132520262151957e-04
3.876970731653273106e-04
3.230808943044394255e-04
2.584647154435515404e-04
5.169294308871030807e-04
5.169294308871030807e-04
7.107779965735971928e-04
6.461617886088788509e-04
7.107779965735971928e-04
5.815456388518214226e-04
7.753941463306546211e-04
7.753941463306546211e-04
9.046265040524303913e-04
4.523132520262151957e-04
9.046265040524303913e-04
6.461617886088788509e-04
7.753941463306546211e-04
1.486172084696590900e-03
9.046265040524303913e-04
1.938485424034297466e-03
1.163091277703642845e-03
2.003101631999015808e-03
1.550788292661309242e-03
1.938485424034297466e-03
2.713879570364952087e-03
3.360041417181491852e-03
5.298526957631111145e-03
4.846213385462760925e-03
7.624709047377109528e-03
1.020935643464326859e-02
1.408632751554250717e-02
3.405272588133811951e-02
