8.162031881511211395e-03
9.975816123187541962e-03
6.348246708512306213e-03
6.952841766178607941e-03
8.464328944683074951e-03
7.255138829350471497e-03
8.766626007854938507e-03
6.952841766178607941e-03
6.952841766178607941e-03
5.139057058840990067e-03
7.859733887016773224e-03
6.045949179679155350e-03
6.045949179679155350e-03
6.650544237345457077e-03
6.045949179679155350e-03
7.255138829350471497e-03
6.045949179679155350e-03
6.952841766178607941e-03
5.743651650846004486e-03
6.952841766178607941e-03
5.139057058840990067e-03
5.441354122012853622e-03
6.045949179679155350e-03
6.045949179679155350e-03
6.348246708512306213e-03
5.743651650846004486e-03
8.162031881511211395e-03
4.836759530007839203e-03
4.836759530007839203e-03
6.952841766178607941e-03
6.045949179679155350e-03
6.650544237345457077e-03
3.627569414675235748e-03
3.325272118672728539e-03
6.045949179679155350e-03
4.534462001174688339e-03
4.232164472341537476e-03
3.022974589839577675e-03
3.022974589839577675e-03
4.232164472341537476e-03
5.441354122012853622e-03
6.045949179679155350e-03
5.139057058840990067e-03
4.232164472341537476e-03
4.232164472341537476e-03
6.952841766178607941e-03
4.232164472341537476e-03
2.418379765003919601e-03
5.441354122012853622e-03
5.441354122012853622e-03
2.418379765003919601e-03
3.627569414675235748e-03
4.534462001174688339e-03
2.720677061006426811e-03
5.139057058840990067e-03
5.743651650846004486e-03
6.348246708512306213e-03
5.139057058840990067e-03
3.627569414675235748e-03
5.139057058840990067e-03
6.045949179679155350e-03
4.232164472341537476e-03
5.139057058840990067e-03
4.232164472341537476e-03
7.255138829350471497e-03
5.441354122012853622e-03
5.139057058840990067e-03
5.441354122012853622e-03
6.650544237345457077e-03
5.743651650846004486e-03
7.255138829350471497e-03
6.045949179679155350e-03
7.557436358183622360e-03
5.139057058840990067e-03
8.464328944683074951e-03
6.952841766178607941e-03
9.673519060015678406e-03
6.650544237345457077e-03
8.766626007854938507e-03
1.209189835935831070e-02
1.118500623852014542e-02
9.068924002349376678e-03
9.673519060015678406e-03
8.464328944683074951e-03
1.027811411768198013e-02
8.766626007854938507e-03
9.975816123187541962e-03
1.451027765870094299e-02
1.299879048019647598e-02
1.511487271636724472e-02
1.662635989487171173e-02
1.511487271636724472e-02
2.116082236170768738e-02
1.874244213104248047e-02
1.602176576852798462e-02
2.841596119105815887e-02
2.781136706471443176e-02
3.627569600939750671e-02
4.866988956928253174e-02
