1.021419279277324677e-02
8.384785614907741547e-03
7.851208560168743134e-03
8.613461628556251526e-03
9.147038683295249939e-03
8.232334628701210022e-03
8.613461628556251526e-03
1.006174273788928986e-02
8.842137642204761505e-03
8.461010642349720001e-03
7.393856067210435867e-03
8.384785614907741547e-03
8.079884573817253113e-03
7.774983067065477371e-03
7.088955026119947433e-03
8.003658615052700043e-03
6.860279012471437454e-03
6.784053519368171692e-03
5.640673916786909103e-03
6.402926985174417496e-03
7.088955026119947433e-03
6.326701957732439041e-03
5.335772410035133362e-03
6.021800450980663300e-03
7.012729533016681671e-03
6.021800450980663300e-03
5.945574957877397537e-03
6.707828491926193237e-03
5.945574957877397537e-03
4.954645875841379166e-03
5.107096396386623383e-03
6.174250971525907516e-03
5.869349930435419083e-03
4.725969862192869186e-03
6.174250971525907516e-03
5.411997903138399124e-03
5.488223396241664886e-03
5.030871368944644928e-03
4.878420382738113403e-03
5.869349930435419083e-03
5.411997903138399124e-03
4.573519341647624969e-03
5.716898944228887558e-03
5.183321889489889145e-03
5.183321889489889145e-03
5.335772410035133362e-03
6.326701957732439041e-03
5.793124437332153320e-03
5.030871368944644928e-03
4.344843327999114990e-03
4.954645875841379166e-03
5.793124437332153320e-03
5.183321889489889145e-03
5.488223396241664886e-03
5.259547382593154907e-03
4.954645875841379166e-03
4.954645875841379166e-03
4.573519341647624969e-03
4.954645875841379166e-03
4.649744834750890732e-03
5.335772410035133362e-03
6.707828491926193237e-03
5.030871368944644928e-03
4.573519341647624969e-03
6.402926985174417496e-03
6.555377505719661713e-03
5.716898944228887558e-03
6.784053519368171692e-03
6.098025944083929062e-03
7.241405546665191650e-03
7.012729533016681671e-03
6.326701957732439041e-03
6.479152478277683258e-03
6.479152478277683258e-03
6.784053519368171692e-03
8.079884573817253113e-03
7.165180053561925888e-03
8.156109601259231567e-03
9.223263710737228394e-03
7.774983067065477371e-03
8.079884573817253113e-03
7.470081560313701630e-03
9.299489669501781464e-03
8.842137642204761505e-03
9.070813655853271484e-03
9.909291751682758331e-03
9.833066724240779877e-03
1.135757286101579666e-02
1.234850194305181503e-02
1.364433299750089645e-02
1.311075501143932343e-02
1.356810703873634338e-02
1.684579625725746155e-02
1.737937331199645996e-02
2.035216055810451508e-02
2.606905996799468994e-02
2.568793296813964844e-02
3.445384651422500610e-02
4.619254544377326965e-02
