1.619701464281990957e+04
4.006380524013616196e+03
4.778635132525147355e+01
2.379190475049592379e+01
4.590415457102918140e+01
2.057509990365383601e+01
3.604732906196609576e+01
1.862799547560333835e+01
3.793482340665789820e+01
2.149648426635356557e+01
4.810101928700153451e+01
2.078190954838198934e+01
3.323352753149899286e+01
1.365316839630972900e+01
2.025184671491138744e+01
1.398723316952620976e+01
3.651437372546350701e+01
1.881455893996054130e+01
3.906508580860790403e+01
1.855978735544408309e+01
3.375885062306018369e+01
1.665647182640340063e+01
3.107340800813079440e+01
1.940561552458003192e+01
4.596797167849340582e+01
1.942180589682205749e+01
3.327964692454093409e+01
1.789576853800878808e+01
3.929296346817146457e+01
1.523573999232256071e+01
2.217788833749630584e+01
1.235493061844128526e+01
2.754897574749146472e+01
1.768879288449047849e+01
4.589452766561753805e+01
2.384369733251543622e+01
5.214942809229216181e+01
2.396745377458648818e+01
4.385242008539361791e+01
2.304548230999603931e+01
4.760769604871056515e+01
2.645943210224170272e+01
5.908578059076340594e+01
2.744080309423231157e+01
5.167544849280003660e+01
2.919924707565111888e+01
6.429871212098942124e+01
6.362288766590684475e+01
1.852384837543041272e+02
