1.551910787820816040e-01
2.222041785717010498e-01
1.514019668102264404e-01
8.861102163791656494e-02
5.662011355161666870e-02
4.011042416095733643e-02
3.101656399667263031e-02
2.587420120835304260e-02
1.829598285257816315e-02
1.575186662375926971e-02
1.418209355324506760e-02
1.293710060417652130e-02
1.012233365327119827e-02
9.635162539780139923e-03
8.281909860670566559e-03
7.469957694411277771e-03
6.712135858833789825e-03
7.199306972324848175e-03
6.333224941045045853e-03
5.954314023256301880e-03
5.629533436149358749e-03
4.222149960696697235e-03
4.817581269890069962e-03
4.168020095676183701e-03
3.734978847205638885e-03
3.680848749354481697e-03
3.085417440161108971e-03
3.789108945056796074e-03
3.139547538012266159e-03
2.598246093839406967e-03
3.085417440161108971e-03
2.056944882497191429e-03
2.327595604583621025e-03
2.273465506732463837e-03
2.598246093839406967e-03
1.732164178974926472e-03
1.786294276826083660e-03
1.678033964708447456e-03
1.678033964708447456e-03
1.786294276826083660e-03
1.623903866857290268e-03
1.028472441248595715e-03
1.623903866857290268e-03
1.353253261186182499e-03
1.623903866857290268e-03
1.299123046919703484e-03
1.678033964708447456e-03
1.353253261186182499e-03
2.056944882497191429e-03
1.515643554739654064e-03
1.190862851217389107e-03
1.244992949068546295e-03
9.743423433974385262e-04
1.299123046919703484e-03
1.299123046919703484e-03
8.119519334286451340e-04
1.461513456888496876e-03
8.660820894874632359e-04
1.028472441248595715e-03
1.028472441248595715e-03
8.660820894874632359e-04
9.202121873386204243e-04
1.082602539099752903e-03
8.119519334286451340e-04
9.202121873386204243e-04
7.036916795186698437e-04
6.495615234598517418e-04
4.871711716987192631e-04
8.119519334286451340e-04
9.743423433974385262e-04
5.413012695498764515e-04
2.706506347749382257e-04
5.413012695498764515e-04
6.495615234598517418e-04
5.413012695498764515e-04
4.871711716987192631e-04
5.954314256086945534e-04
3.247807617299258709e-04
5.954314256086945534e-04
6.495615234598517418e-04
4.871711716987192631e-04
2.706506347749382257e-04
4.330410447437316179e-04
2.706506347749382257e-04
1.623903808649629354e-04
3.789108886849135160e-04
2.706506347749382257e-04
5.413012695498764515e-04
2.706506347749382257e-04
2.165205223718658090e-04
5.413012695498764515e-04
4.330410447437316179e-04
1.623903808649629354e-04
2.165205223718658090e-04
2.706506347749382257e-04
2.165205223718658090e-04
3.789108886849135160e-04
3.247807617299258709e-04
4.330410447437316179e-04
1.623903808649629354e-04
