6.319918669760227203e-03
3.632137086242437363e-03
4.140636418014764786e-03
5.666133947670459747e-03
5.230277311056852341e-03
7.118988782167434692e-03
7.990702055394649506e-03
6.610489450395107269e-03
7.918058894574642181e-03
6.901060696691274643e-03
8.135987445712089539e-03
7.191631477326154709e-03
7.845416665077209473e-03
8.935057558119297028e-03
7.845416665077209473e-03
7.336916867643594742e-03
7.046346087008714676e-03
7.700130809098482132e-03
7.336916867643594742e-03
8.571843616664409637e-03
7.700130809098482132e-03
7.627488113939762115e-03
8.571843616664409637e-03
7.046346087008714676e-03
6.828418001532554626e-03
7.845416665077209473e-03
7.409559562802314758e-03
7.918058894574642181e-03
8.426558226346969604e-03
8.281272836029529572e-03
7.845416665077209473e-03
8.208629675209522247e-03
8.208629675209522247e-03
7.264274172484874725e-03
8.208629675209522247e-03
8.135987445712089539e-03
7.264274172484874725e-03
6.828418001532554626e-03
7.336916867643594742e-03
6.683132145553827286e-03
6.537846755236387253e-03
6.683132145553827286e-03
6.392561364918947220e-03
7.409559562802314758e-03
5.811419337987899780e-03
6.537846755236387253e-03
7.990702055394649506e-03
7.700130809098482132e-03
5.884062033146619797e-03
8.135987445712089539e-03
7.845416665077209473e-03
7.336916867643594742e-03
7.627488113939762115e-03
8.208629675209522247e-03
7.918058894574642181e-03
7.700130809098482132e-03
7.046346087008714676e-03
6.828418001532554626e-03
7.336916867643594742e-03
7.772773504257202148e-03
7.409559562802314758e-03
6.901060696691274643e-03
7.845416665077209473e-03
8.717129006981849670e-03
7.554845418781042099e-03
7.990702055394649506e-03
8.571843616664409637e-03
7.845416665077209473e-03
8.499201387166976929e-03
7.554845418781042099e-03
8.063344284892082214e-03
8.353915065526962280e-03
7.409559562802314758e-03
8.426558226346969604e-03
8.644486777484416962e-03
1.155019644647836685e-02
9.152985177934169769e-03
9.370913729071617126e-03
9.225628338754177094e-03
9.152985177934169769e-03
8.426558226346969604e-03
1.046055462211370468e-02
9.443556889891624451e-03
1.060584001243114471e-02
8.862414397299289703e-03
1.104169711470603943e-02
9.152985177934169769e-03
1.184076722711324692e-02
1.046055462211370468e-02
1.104169711470603943e-02
1.256719417870044708e-02
1.358419284224510193e-02
1.329362206161022186e-02
1.409269217401742935e-02
1.656254567205905914e-02
1.699840277433395386e-02
1.939561218023300171e-02
2.368153445422649384e-02
3.486851602792739868e-02
