4.279312789440155029e-01
5.302464589476585388e-02
5.078416690230369568e-02
3.061986528337001801e-02
3.211351856589317322e-02
3.510082140564918518e-02
2.016430161893367767e-02
2.389843203127384186e-02
2.912621386349201202e-02
2.091112732887268066e-02
1.493651978671550751e-02
1.643017120659351349e-02
1.493651978671550751e-02
1.568334549665451050e-02
1.045556366443634033e-02
1.045556366443634033e-02
1.269604172557592392e-02
8.961912244558334351e-03
1.194921601563692093e-02
9.708737954497337341e-03
1.194921601563692093e-02
5.974608007818460464e-03
7.468259893357753754e-03
5.974608007818460464e-03
5.974608007818460464e-03
3.734129946678876877e-03
7.468259893357753754e-03
7.468259893357753754e-03
5.227781832218170166e-03
5.974608007818460464e-03
2.987304003909230232e-03
2.987304003909230232e-03
2.240478061139583588e-03
3.734129946678876877e-03
6.721433717757463455e-03
2.987304003909230232e-03
4.480956122279167175e-03
2.240478061139583588e-03
2.987304003909230232e-03
2.240478061139583588e-03
7.468260009773075581e-04
4.480956122279167175e-03
2.987304003909230232e-03
2.987304003909230232e-03
2.987304003909230232e-03
1.493652001954615116e-03
0.000000000000000000e+00
7.468260009773075581e-04
0.000000000000000000e+00
7.468260009773075581e-04
1.493652001954615116e-03
1.493652001954615116e-03
1.493652001954615116e-03
0.000000000000000000e+00
3.734129946678876877e-03
1.493652001954615116e-03
2.240478061139583588e-03
1.493652001954615116e-03
0.000000000000000000e+00
2.240478061139583588e-03
0.000000000000000000e+00
7.468260009773075581e-04
7.468260009773075581e-04
0.000000000000000000e+00
7.468260009773075581e-04
0.000000000000000000e+00
2.240478061139583588e-03
7.468260009773075581e-04
2.240478061139583588e-03
0.000000000000000000e+00
7.468260009773075581e-04
0.000000000000000000e+00
0.000000000000000000e+00
0.000000000000000000e+00
0.000000000000000000e+00
1.493652001954615116e-03
1.493652001954615116e-03
0.000000000000000000e+00
0.000000000000000000e+00
7.468260009773075581e-04
7.468260009773075581e-04
0.000000000000000000e+00
1.493652001954615116e-03
0.000000000000000000e+00
0.000000000000000000e+00
7.468260009773075581e-04
0.000000000000000000e+00
0.000000000000000000e+00
0.000000000000000000e+00
0.000000000000000000e+00
0.000000000000000000e+00
0.000000000000000000e+00
0.000000000000000000e+00
0.000000000000000000e+00
7.468260009773075581e-04
0.000000000000000000e+00
0.000000000000000000e+00
0.000000000000000000e+00
0.000000000000000000e+00
