1.196737284772098064e-03
9.447926422581076622e-04
5.353824817575514317e-04
4.094101313967257738e-04
5.983686423860490322e-04
4.094101313967257738e-04
2.834377810359001160e-04
7.873271824792027473e-04
4.094101313967257738e-04
3.779170510824769735e-04
9.762857225723564625e-04
5.038894014433026314e-04
3.464239707682281733e-04
4.723963211290538311e-04
5.668755620718002319e-04
4.723963211290538311e-04
3.779170510824769735e-04
5.353824817575514317e-04
4.409032117109745741e-04
4.723963211290538311e-04
3.464239707682281733e-04
2.204516058554872870e-04
4.409032117109745741e-04
4.723963211290538311e-04
5.668755620718002319e-04
3.779170510824769735e-04
5.038894014433026314e-04
3.464239707682281733e-04
5.038894014433026314e-04
4.094101313967257738e-04
3.149308613501489162e-04
5.038894014433026314e-04
4.723963211290538311e-04
3.779170510824769735e-04
5.983686423860490322e-04
3.779170510824769735e-04
5.983686423860490322e-04
2.519447007216513157e-04
4.723963211290538311e-04
2.834377810359001160e-04
4.094101313967257738e-04
5.353824817575514317e-04
4.409032117109745741e-04
4.723963211290538311e-04
5.668755620718002319e-04
3.779170510824769735e-04
5.038894014433026314e-04
3.779170510824769735e-04
3.149308613501489162e-04
3.464239707682281733e-04
4.723963211290538311e-04
6.613548612222075462e-04
5.353824817575514317e-04
6.298617227002978325e-04
5.353824817575514317e-04
4.723963211290538311e-04
4.723963211290538311e-04
5.038894014433026314e-04
5.983686423860490322e-04
5.038894014433026314e-04
5.668755620718002319e-04
6.613548612222075462e-04
4.723963211290538311e-04
8.818064234219491482e-04
7.873271824792027473e-04
7.558341021649539471e-04
5.668755620718002319e-04
7.243410218507051468e-04
5.038894014433026314e-04
9.132995037361979485e-04
8.818064234219491482e-04
7.873271824792027473e-04
9.762857225723564625e-04
1.228230423294007778e-03
7.873271824792027473e-04
9.762857225723564625e-04
1.165244262665510178e-03
1.133751124143600464e-03
1.165244262665510178e-03
1.606147503480315208e-03
1.133751124143600464e-03
1.511668204329907894e-03
1.259723445400595665e-03
1.858092145994305611e-03
1.795105985365808010e-03
1.606147503480315208e-03
2.015557605773210526e-03
2.424967708066105843e-03
2.141529927030205727e-03
2.739898627623915672e-03
3.401253372430801392e-03
3.716184291988611221e-03
4.912921693176031113e-03
6.109659094363451004e-03
6.361603736877441406e-03
9.132995270192623138e-03
1.303813792765140533e-02
2.207665331661701202e-02
4.742858931422233582e-02
