2.156862765550613403e-01
1.372549086809158325e-01
6.862745434045791626e-02
5.882352963089942932e-02
2.941176481544971466e-02
1.960784383118152618e-02
1.960784383118152618e-02
0.000000000000000000e+00
9.803921915590763092e-03
9.803921915590763092e-03
9.803921915590763092e-03
2.941176481544971466e-02
3.921568766236305237e-02
9.803921915590763092e-03
0.000000000000000000e+00
9.803921915590763092e-03
9.803921915590763092e-03
9.803921915590763092e-03
1.960784383118152618e-02
0.000000000000000000e+00
9.803921915590763092e-03
2.941176481544971466e-02
1.960784383118152618e-02
9.803921915590763092e-03
0.000000000000000000e+00
0.000000000000000000e+00
0.000000000000000000e+00
9.803921915590763092e-03
0.000000000000000000e+00
0.000000000000000000e+00
0.000000000000000000e+00
0.000000000000000000e+00
0.000000000000000000e+00
9.803921915590763092e-03
0.000000000000000000e+00
0.000000000000000000e+00
1.960784383118152618e-02
0.000000000000000000e+00
0.000000000000000000e+00
1.960784383118152618e-02
0.000000000000000000e+00
0.000000000000000000e+00
0.000000000000000000e+00
9.803921915590763092e-03
0.000000000000000000e+00
9.803921915590763092e-03
9.803921915590763092e-03
9.803921915590763092e-03
0.000000000000000000e+00
0.000000000000000000e+00
0.000000000000000000e+00
0.000000000000000000e+00
9.803921915590763092e-03
9.803921915590763092e-03
0.000000000000000000e+00
0.000000000000000000e+00
0.000000000000000000e+00
0.000000000000000000e+00
0.000000000000000000e+00
0.000000000000000000e+00
9.803921915590763092e-03
9.803921915590763092e-03
9.803921915590763092e-03
0.000000000000000000e+00
0.000000000000000000e+00
9.803921915590763092e-03
0.000000000000000000e+00
9.803921915590763092e-03
0.000000000000000000e+00
0.000000000000000000e+00
0.000000000000000000e+00
0.000000000000000000e+00
0.000000000000000000e+00
0.000000000000000000e+00
0.000000000000000000e+00
0.000000000000000000e+00
0.000000000000000000e+00
0.000000000000000000e+00
0.000000000000000000e+00
9.803921915590763092e-03
9.803921915590763092e-03
0.000000000000000000e+00
0.000000000000000000e+00
0.000000000000000000e+00
0.000000000000000000e+00
0.000000000000000000e+00
0.000000000000000000e+00
0.000000000000000000e+00
0.000000000000000000e+00
9.803921915590763092e-03
0.000000000000000000e+00
9.803921915590763092e-03
0.000000000000000000e+00
9.803921915590763092e-03
0.000000000000000000e+00
0.000000000000000000e+00
9.803921915590763092e-03
0.000000000000000000e+00
0.000000000000000000e+00
