2.870263997465372086e-03
2.583237597718834877e-03
3.444316796958446503e-03
5.166475195437669754e-03
4.305396229028701782e-03
4.592422395944595337e-03
6.314580794423818588e-03
6.027554627507925034e-03
6.888633593916893005e-03
4.879449028521776199e-03
4.879449028521776199e-03
7.462686393409967422e-03
7.175660226494073868e-03
7.462686393409967422e-03
6.027554627507925034e-03
6.314580794423818588e-03
6.027554627507925034e-03
7.749713025987148285e-03
8.323765359818935394e-03
5.740527994930744171e-03
6.314580794423818588e-03
7.462686393409967422e-03
5.453501828014850616e-03
4.305396229028701782e-03
7.462686393409967422e-03
8.036739192903041840e-03
6.888633593916893005e-03
5.453501828014850616e-03
5.166475195437669754e-03
6.888633593916893005e-03
6.888633593916893005e-03
7.749713025987148285e-03
7.175660226494073868e-03
5.740527994930744171e-03
8.036739192903041840e-03
5.166475195437669754e-03
6.601607427000999451e-03
6.888633593916893005e-03
6.027554627507925034e-03
5.453501828014850616e-03
6.027554627507925034e-03
8.036739192903041840e-03
5.740527994930744171e-03
7.462686393409967422e-03
5.166475195437669754e-03
6.888633593916893005e-03
5.740527994930744171e-03
8.036739192903041840e-03
7.749713025987148285e-03
8.897818624973297119e-03
6.314580794423818588e-03
8.323765359818935394e-03
7.749713025987148285e-03
6.314580794423818588e-03
6.314580794423818588e-03
8.323765359818935394e-03
7.749713025987148285e-03
6.601607427000999451e-03
7.749713025987148285e-03
5.740527994930744171e-03
6.601607427000999451e-03
6.888633593916893005e-03
6.314580794423818588e-03
7.749713025987148285e-03
9.471870958805084229e-03
8.323765359818935394e-03
8.036739192903041840e-03
7.749713025987148285e-03
8.323765359818935394e-03
7.749713025987148285e-03
1.090700365602970123e-02
8.897818624973297119e-03
8.897818624973297119e-03
8.036739192903041840e-03
8.036739192903041840e-03
9.184844791889190674e-03
9.758898057043552399e-03
6.888633593916893005e-03
9.758898057043552399e-03
9.471870958805084229e-03
1.004592422395944595e-02
1.033295039087533951e-02
1.234213542193174362e-02
8.323765359818935394e-03
9.471870958805084229e-03
1.119402982294559479e-02
1.061997748911380768e-02
1.176808308809995651e-02
1.636050455272197723e-02
1.176808308809995651e-02
1.435132045298814774e-02
1.521239988505840302e-02
1.119402982294559479e-02
1.492537278681993484e-02
1.894374191761016846e-02
1.722158491611480713e-02
1.923076994717121124e-02
2.640642970800399780e-02
3.702640533447265625e-02
