9.805523586692288518e-05
4.902762011624872684e-04
6.537016015499830246e-04
5.883314297534525394e-04
3.595358575694262981e-04
5.556463729590177536e-04
2.941657148767262697e-04
7.190717151388525963e-04
5.229612579569220543e-04
3.922209434676915407e-04
4.249060293659567833e-04
3.268508007749915123e-04
4.902762011624872684e-04
3.922209434676915407e-04
4.249060293659567833e-04
4.902762011624872684e-04
5.556463729590177536e-04
2.941657148767262697e-04
7.517568301409482956e-04
3.268508007749915123e-04
4.575911152642220259e-04
5.229612579569220543e-04
3.268508007749915123e-04
6.863866583444178104e-04
7.190717151388525963e-04
4.902762011624872684e-04
4.575911152642220259e-04
5.883314297534525394e-04
3.922209434676915407e-04
5.229612579569220543e-04
4.575911152642220259e-04
6.537016015499830246e-04
4.575911152642220259e-04
4.575911152642220259e-04
4.249060293659567833e-04
5.229612579569220543e-04
4.902762011624872684e-04
3.268508007749915123e-04
6.210164865478873253e-04
2.614806289784610271e-04
4.575911152642220259e-04
4.902762011624872684e-04
4.902762011624872684e-04
4.902762011624872684e-04
2.941657148767262697e-04
4.575911152642220259e-04
4.902762011624872684e-04
4.249060293659567833e-04
2.941657148767262697e-04
5.883314297534525394e-04
4.249060293659567833e-04
5.883314297534525394e-04
4.902762011624872684e-04
3.595358575694262981e-04
4.249060293659567833e-04
4.902762011624872684e-04
5.229612579569220543e-04
5.229612579569220543e-04
3.595358575694262981e-04
5.229612579569220543e-04
5.229612579569220543e-04
3.268508007749915123e-04
6.863866583444178104e-04
7.517568301409482956e-04
9.151822305284440517e-04
7.844418869353830814e-04
7.517568301409482956e-04
1.045922515913844109e-03
4.575911152642220259e-04
4.249060293659567833e-04
6.863866583444178104e-04
1.176662859506905079e-03
8.171270019374787807e-04
6.863866583444178104e-04
7.844418869353830814e-04
8.171270019374787807e-04
9.151822305284440517e-04
1.013237400911748409e-03
1.242032973095774651e-03
1.274718088097870350e-03
1.470828545279800892e-03
1.013237400911748409e-03
1.405458431690931320e-03
2.059160033240914345e-03
1.895734574645757675e-03
2.059160033240914345e-03
1.732309232465922832e-03
2.680176403373479843e-03
3.007027320563793182e-03
3.628043690696358681e-03
4.118320066481828690e-03
4.772021435201168060e-03
6.079424638301134109e-03
7.059976924210786819e-03
9.838208556175231934e-03
1.415263954550027847e-02
2.052623033523559570e-02
3.791469335556030273e-02
1.031541079282760620e-01
