3.966679796576499939e-04
3.966679796576499939e-04
1.983339898288249969e-04
2.644453197717666626e-04
6.611132994294166565e-05
1.983339898288249969e-04
3.305566497147083282e-04
1.983339898288249969e-04
3.305566497147083282e-04
1.322226598858833313e-04
1.322226598858833313e-04
0.000000000000000000e+00
1.322226598858833313e-04
6.611132994294166565e-05
1.322226598858833313e-04
4.627793096005916595e-04
1.983339898288249969e-04
6.611132994294166565e-05
6.611132994294166565e-05
1.983339898288249969e-04
6.611132994294166565e-05
1.322226598858833313e-04
6.611132994294166565e-05
2.644453197717666626e-04
6.611132994294166565e-05
0.000000000000000000e+00
0.000000000000000000e+00
0.000000000000000000e+00
0.000000000000000000e+00
1.322226598858833313e-04
6.611132994294166565e-05
0.000000000000000000e+00
1.322226598858833313e-04
1.322226598858833313e-04
2.644453197717666626e-04
6.611132994294166565e-05
0.000000000000000000e+00
1.322226598858833313e-04
6.611132994294166565e-05
6.611132994294166565e-05
1.983339898288249969e-04
6.611132994294166565e-05
6.611132994294166565e-05
1.322226598858833313e-04
1.983339898288249969e-04
3.966679796576499939e-04
0.000000000000000000e+00
6.611132994294166565e-05
0.000000000000000000e+00
1.322226598858833313e-04
1.983339898288249969e-04
1.322226598858833313e-04
1.983339898288249969e-04
0.000000000000000000e+00
1.983339898288249969e-04
6.611132994294166565e-05
6.611132994294166565e-05
1.322226598858833313e-04
1.322226598858833313e-04
0.000000000000000000e+00
0.000000000000000000e+00
1.322226598858833313e-04
1.322226598858833313e-04
1.983339898288249969e-04
4.627793096005916595e-04
4.627793096005916595e-04
1.322226598858833313e-04
3.305566497147083282e-04
6.611132994294166565e-05
1.983339898288249969e-04
1.983339898288249969e-04
2.644453197717666626e-04
3.305566497147083282e-04
1.322226598858833313e-04
2.644453197717666626e-04
2.644453197717666626e-04
3.305566497147083282e-04
1.322226598858833313e-04
4.627793096005916595e-04
2.644453197717666626e-04
3.966679796576499939e-04
3.305566497147083282e-04
3.966679796576499939e-04
5.950019694864749908e-04
3.305566497147083282e-04
5.950019694864749908e-04
4.627793096005916595e-04
3.305566497147083282e-04
9.916699491441249847e-04
1.057781279087066650e-03
1.057781279087066650e-03
1.057781279087066650e-03
1.851117238402366638e-03
1.652783248573541641e-03
3.239455167204141617e-03
2.776675857603549957e-03
5.090572405606508255e-03
8.065582253038883209e-03
1.917228661477565765e-02
