3.115577995777130127e-01
1.256281435489654541e-01
7.537688314914703369e-02
2.010050229728221893e-02
4.020100459456443787e-02
3.015075437724590302e-02
3.015075437724590302e-02
3.015075437724590302e-02
2.010050229728221893e-02
2.010050229728221893e-02
3.015075437724590302e-02
0.000000000000000000e+00
3.015075437724590302e-02
5.025125574320554733e-03
1.005025114864110947e-02
2.010050229728221893e-02
1.005025114864110947e-02
1.507537718862295151e-02
0.000000000000000000e+00
1.005025114864110947e-02
5.025125574320554733e-03
1.005025114864110947e-02
1.005025114864110947e-02
0.000000000000000000e+00
0.000000000000000000e+00
5.025125574320554733e-03
5.025125574320554733e-03
0.000000000000000000e+00
0.000000000000000000e+00
0.000000000000000000e+00
0.000000000000000000e+00
0.000000000000000000e+00
0.000000000000000000e+00
0.000000000000000000e+00
1.005025114864110947e-02
1.005025114864110947e-02
0.000000000000000000e+00
1.005025114864110947e-02
0.000000000000000000e+00
0.000000000000000000e+00
0.000000000000000000e+00
0.000000000000000000e+00
0.000000000000000000e+00
0.000000000000000000e+00
0.000000000000000000e+00
0.000000000000000000e+00
0.000000000000000000e+00
1.005025114864110947e-02
1.005025114864110947e-02
5.025125574320554733e-03
0.000000000000000000e+00
0.000000000000000000e+00
5.025125574320554733e-03
0.000000000000000000e+00
0.000000000000000000e+00
5.025125574320554733e-03
5.025125574320554733e-03
0.000000000000000000e+00
0.000000000000000000e+00
0.000000000000000000e+00
5.025125574320554733e-03
0.000000000000000000e+00
0.000000000000000000e+00
0.000000000000000000e+00
0.000000000000000000e+00
0.000000000000000000e+00
0.000000000000000000e+00
0.000000000000000000e+00
5.025125574320554733e-03
0.000000000000000000e+00
0.000000000000000000e+00
0.000000000000000000e+00
0.000000000000000000e+00
5.025125574320554733e-03
5.025125574320554733e-03
0.000000000000000000e+00
5.025125574320554733e-03
0.000000000000000000e+00
5.025125574320554733e-03
0.000000000000000000e+00
0.000000000000000000e+00
5.025125574320554733e-03
0.000000000000000000e+00
0.000000000000000000e+00
0.000000000000000000e+00
0.000000000000000000e+00
0.000000000000000000e+00
0.000000000000000000e+00
0.000000000000000000e+00
0.000000000000000000e+00
0.000000000000000000e+00
5.025125574320554733e-03
0.000000000000000000e+00
0.000000000000000000e+00
0.000000000000000000e+00
0.000000000000000000e+00
0.000000000000000000e+00
5.025125574320554733e-03
0.000000000000000000e+00
