5.651583671569824219e-01
1.016030907630920410e-01
4.643449187278747559e-02
2.970859967172145844e-02
2.147990278899669647e-02
1.773671060800552368e-02
1.536760665476322174e-02
1.421464048326015472e-02
1.314064487814903259e-02
1.192450337111949921e-02
1.127694826573133469e-02
1.164021156728267670e-02
1.037668809294700623e-02
9.097370319068431854e-03
8.054963313043117523e-03
7.549553643912076950e-03
7.186290342360734940e-03
6.775645539164543152e-03
5.796414334326982498e-03
5.338387563824653625e-03
4.832977894693613052e-03
4.896154161542654037e-03
4.438126925379037857e-03
4.374950658529996872e-03
4.469715058803558350e-03
3.885335288941860199e-03
4.359156824648380280e-03
3.632630454376339912e-03
2.921898383647203445e-03
3.411513753235340118e-03
3.253573086112737656e-03
3.111426951363682747e-03
2.653399482369422913e-03
2.763957949355244637e-03
2.463871147483587265e-03
2.258548513054847717e-03
2.716575749218463898e-03
2.037432044744491577e-03
2.258548513054847717e-03
1.958461478352546692e-03
1.768933143466711044e-03
1.847903244197368622e-03
1.579404575750231743e-03
1.816315343603491783e-03
1.547816442325711250e-03
1.168759306892752647e-03
1.200347440317273140e-03
1.105583156459033489e-03
9.476427221670746803e-04
4.580273525789380074e-04
