5.615843534469604492e-01
9.821158647537231445e-02
4.950994998216629028e-02
2.778619900345802307e-02
2.192583680152893066e-02
1.909669488668441772e-02
1.677275821566581726e-02
1.606547459959983826e-02
1.353945583105087280e-02
1.172072347253561020e-02
1.465090364217758179e-02
1.343841478228569031e-02
1.151864137500524521e-02
8.285338990390300751e-03
8.588461205363273621e-03
7.173891179263591766e-03
6.466606166213750839e-03
6.365565583109855652e-03
5.355157889425754547e-03
6.769728381186723709e-03
4.748913459479808807e-03
4.546832293272018433e-03
4.445791710168123245e-03
4.849954508244991302e-03
3.233302850276231766e-03
3.031221684068441391e-03
3.839547280222177505e-03
2.930180868133902550e-03
3.031221684068441391e-03
3.233303083106875420e-03
2.930180868133902550e-03
2.930180868133902550e-03
3.132262267172336578e-03
3.031221684068441391e-03
2.728099469095468521e-03
2.222895622253417969e-03
2.020814456045627594e-03
2.020814456045627594e-03
2.020814223214983940e-03
1.818732940591871738e-03
1.212488510645925999e-03
1.313529326580464840e-03
1.414570026099681854e-03
1.919773640111088753e-03
1.313529442995786667e-03
1.717692241072654724e-03
1.010407111607491970e-03
1.010407111607491970e-03
5.052035558037459850e-04
1.010407228022813797e-03
