4.963235881702142589e-03
3.170956372203370070e-03
2.481618078190139364e-03
1.930147333108300388e-03
2.068014882039692116e-03
1.930147333108300388e-03
1.654411960567380791e-03
1.240809039095069682e-03
1.240809039095069682e-03
8.272059802836903954e-04
1.516544411635989279e-03
1.516544411635989279e-03
1.516544274296920992e-03
1.240809039095069682e-03
9.650736665541501938e-04
1.654411960567380791e-03
1.102941352824609884e-03
2.343750254580611713e-03
2.205882705649219767e-03
1.930147333108300388e-03
1.102941352824609884e-03
2.343750254580611713e-03
1.930147333108300388e-03
2.068014882039692116e-03
1.102941352824609884e-03
1.378676588026461411e-03
1.378676725365529480e-03
1.792279646837840589e-03
2.343750254580611713e-03
2.068015019378760186e-03
2.343750254580611713e-03
3.308823921134761582e-03
3.308823921134761582e-03
2.757353176052922822e-03
3.170956372203370070e-03
4.687500509161223426e-03
4.963236156380278728e-03
5.101103705311670240e-03
6.755515391200914675e-03
6.617647842269523163e-03
1.171875154758119340e-02
1.020220741062334048e-02
1.530331221464755788e-02
1.957720733023324278e-02
2.385110684066910763e-02
3.184743127096509308e-02
5.170037589648621146e-02
8.189339218542442123e-02
8.356159293350314821e-01
