4.802535096163249723e-02
3.735305074793638519e-02
4.268920085478444121e-02
4.268920085478444121e-02
3.735305074793638519e-02
4.802535096163249723e-02
4.802534682437644559e-02
4.802534682437644559e-02
4.802535096163249723e-02
6.936995138902471436e-02
4.268920085478444121e-02
5.336150106848054631e-02
5.869765117532860232e-02
4.802535096163249723e-02
4.268920085478444121e-02
2.668075053424027315e-02
8.537840170956888242e-02
7.470610149587277038e-02
4.802534682437644559e-02
9.071455181641693843e-02
8.537840170956888242e-02
7.470610149587277038e-02
1.227314524575052607e-01
6.936995138902471436e-02
8.537840170956888242e-02
1.067230021369610926e-01
8.004225160272082640e-02
8.537840170956888242e-02
7.470610149587277038e-02
9.605069364875289117e-02
1.173953023506572046e-01
1.280675942898412134e-01
1.013868520301130366e-01
5.869765117532860232e-02
1.387399027780494287e-01
1.440760528848974709e-01
1.654206533122896949e-01
1.867652537396819190e-01
1.921014038465299889e-01
1.654206533122896949e-01
2.721436389002265810e-01
2.988244059834910815e-01
3.521859070519716139e-01
4.375643087615405102e-01
3.842028076930599778e-01
6.083210790826298897e-01
5.709680779817660756e-01
9.871877532178660042e-01
1.654206433828751877e+00
