1.745351696763959580e+03
4.331155154587710854e+02
1.618855672217482722e+00
8.454669462993169571e-01
1.653580285277082451e+00
9.177820759897655778e-01
1.959813251132564105e+00
7.255965490445319688e-01
9.911435293775227029e-01
5.648011021669513410e-01
1.333529812893593958e+00
6.721535478814197884e-01
1.291543249351113198e+00
7.478636617552273380e-01
1.678001674658317510e+00
5.010816498001202657e-01
3.308666353973380159e-01
1.647576051210680737e-01
3.328001633884536958e-01
2.520220750197150195e-01
6.735465016135635530e-01
6.755941681602599669e-01
2.011191068686635663e+00
8.899397195854020781e-01
1.682653548016264544e+00
8.166693047496980107e-01
1.676559339549593908e+00
6.576818833579757273e-01
9.778084399169311158e-01
5.030340327774941445e-01
1.005739519273022964e+00
8.199686112466921806e-01
2.269945674082721521e+00
6.577009470303122329e-01
3.262017598733087387e-01
2.483586043109327068e-01
6.725249533807474700e-01
2.519642203056912666e-01
3.340957962238753631e-01
4.871691899326899278e-01
1.623887541693303627e+00
9.222746573677363946e-01
2.002488665871251516e+00
1.249974256664909911e+00
2.995089185730242853e+00
1.396412325746157368e+00
2.694560714210534336e+00
2.020989733460300197e+00
5.283441017452086719e+00
