6.457985213975396618e+03
1.620642246635351285e+03
9.107530773821851611e+00
6.332728262312596001e+00
1.567149074393324071e+01
8.541768926346223978e+00
1.782332220127475608e+01
6.987867186263837738e+00
9.209912779222905854e+00
3.383842434044955105e+00
4.642320136978892897e+00
3.474021015064409745e+00
8.985479149122607367e+00
5.669202924707082758e+00
1.378810835855616546e+01
6.860196639172722932e+00
1.372094402674070857e+01
6.337176283563404233e+00
1.163919023095197680e+01
4.470915004608354337e+00
6.862763386991875159e+00
3.468154419213550721e+00
6.922569828660559033e+00
6.359039695537899384e+00
1.840952227079392145e+01
6.337222961570050828e+00
6.985941384515792052e+00
5.102393319924231285e+00
1.340426068192797970e+01
5.093002164361545070e+00
6.773222084990438319e+00
5.062928725354781001e+00
1.363439607448718682e+01
8.976723297601521878e+00
2.290804221433592858e+01
9.895843883875139468e+00
1.564409832759074526e+01
7.587594489143282495e+00
1.361653875500261890e+01
6.252370825807903820e+00
1.163163236194381867e+01
8.622099858239769432e+00
2.288398917509286079e+01
1.157285856596016238e+01
2.247948210614183751e+01
1.098288899931308293e+01
2.048304197830888640e+01
3.094695064137579621e+01
1.031913593830926459e+02
