6.128234863281250000e-01
8.241305500268936157e-02
4.714026674628257751e-02
3.139937296509742737e-02
2.183945849537849426e-02
1.672985032200813293e-02
1.376298069953918457e-02
1.359815336763858795e-02
1.005439274013042450e-02
9.312674403190612793e-03
7.499587722122669220e-03
7.829239591956138611e-03
7.252348586916923523e-03
7.334761787205934525e-03
6.180979311466217041e-03
5.604087375104427338e-03
5.274435505270957947e-03
3.461348358541727066e-03
4.038239829242229462e-03
4.038239829242229462e-03
3.626174293458461761e-03
4.532718099653720856e-03
3.131696023046970367e-03
4.367891699075698853e-03
3.296522423624992371e-03
2.389978617429733276e-03
2.307565417140722275e-03
2.884456887841224670e-03
2.884456887841224670e-03
2.884456887841224670e-03
2.637217752635478973e-03
2.225152449682354927e-03
1.977913314476609230e-03
2.884456887841224670e-03
1.813087146729230881e-03
2.060326281934976578e-03
1.730674179270863533e-03
2.142739482223987579e-03
2.472391584888100624e-03
2.802043687552213669e-03
1.813087146729230881e-03
2.142739482223987579e-03
2.554804552346467972e-03
2.719630952924489975e-03
2.389978617429733276e-03
1.977913314476609230e-03
3.049283055588603020e-03
2.719630720093846321e-03
2.389978617429733276e-03
5.604087375104427338e-03
