2.053789794445037842e-03
1.075794571079313755e-03
1.075794571079313755e-03
6.845964817330241203e-04
1.320293406024575233e-03
1.075794571079313755e-03
8.801955264061689377e-04
9.290953166782855988e-04
1.222493825480341911e-03
9.290953166782855988e-04
8.801955264061689377e-04
8.801955846138298512e-04
5.378972273319959641e-04
6.845965981483459473e-04
7.823960622772574425e-04
7.823960622772574425e-04
1.075794571079313755e-03
7.823960622772574425e-04
6.356968078762292862e-04
9.290952584706246853e-04
1.026894897222518921e-03
1.124694361351430416e-03
8.801955846138298512e-04
1.173594151623547077e-03
1.026894780807197094e-03
7.823960622772574425e-04
1.075794571079313755e-03
1.173594151623547077e-03
1.124694361351430416e-03
1.369193196296691895e-03
1.809290843084454536e-03
1.320293406024575233e-03
1.320293289609253407e-03
1.418092986568808556e-03
2.200488932430744171e-03
1.564792124554514885e-03
2.053789794445037842e-03
2.836185507476329803e-03
3.031784668564796448e-03
2.738386392593383789e-03
3.178484039381146431e-03
5.378972738981246948e-03
5.378972738981246948e-03
5.525671876966953278e-03
7.334963418543338776e-03
1.041564717888832092e-02
1.408312842249870300e-02
2.449877560138702393e-02
5.432762950658798218e-02
8.196088075637817383e-01
