4.074804950505495071e-03
2.637899946421384811e-03
2.466329140588641167e-03
2.530668163672089577e-03
2.916702302172780037e-03
3.002487588673830032e-03
2.809470752254128456e-03
3.131165867671370506e-03
3.131165867671370506e-03
2.487775636836886406e-03
2.616453683003783226e-03
2.895256038755178452e-03
2.466329140588641167e-03
2.595007186755537987e-03
3.088273108005523682e-03
2.873809775337576866e-03
2.809470752254128456e-03
3.152612131088972092e-03
3.066826844587922096e-03
2.745131729170680046e-03
3.131165867671370506e-03
2.659346442669630051e-03
3.474307246506214142e-03
3.152612131088972092e-03
3.474307246506214142e-03
3.903234144672751427e-03
3.216951154172420502e-03
3.302736673504114151e-03
3.560092533007264137e-03
2.959594829007983208e-03
3.045380348339676857e-03
3.174058394506573677e-03
2.959594829007983208e-03
2.723685232922434807e-03
3.538646269589662552e-03
3.409968223422765732e-03
3.517200006172060966e-03
3.238397417590022087e-03
3.581539029255509377e-03
3.796002361923456192e-03
3.345629433169960976e-03
3.710217075422406197e-03
3.667324315756559372e-03
4.074804950505495071e-03
4.010465927422046661e-03
3.452860983088612556e-03
3.881787881255149841e-03
3.560092533007264137e-03
3.881787881255149841e-03
4.417946096509695053e-03
3.946126904338598251e-03
3.838895121589303017e-03
4.353607073426246643e-03
4.246375523507595062e-03
4.417946096509695053e-03
4.718195181339979172e-03
4.718195181339979172e-03
5.318692885339260101e-03
4.954104777425527573e-03
4.846873227506875992e-03
4.996997304260730743e-03
5.340138915926218033e-03
5.297246389091014862e-03
5.747619550675153732e-03
6.819936446845531464e-03
5.897743627429008484e-03
6.433902308344841003e-03
6.777043920010328293e-03
7.141631562262773514e-03
6.991507019847631454e-03
6.970061454921960831e-03
7.356095127761363983e-03
7.892253808677196503e-03
7.527665235102176666e-03
7.849360816180706024e-03
9.157587774097919464e-03
9.951102547347545624e-03
9.908209554851055145e-03
9.436390362679958344e-03
9.715192951261997223e-03
1.083040237426757812e-02
1.196705829352140427e-02
1.213862933218479156e-02
1.224585995078086853e-02
1.306082308292388916e-02
1.374710444360971451e-02
1.533413399010896683e-02
1.634211279451847076e-02
1.735009066760540009e-02
1.835806854069232941e-02
2.103886008262634277e-02
2.309770882129669189e-02
2.584284171462059021e-02
2.987475320696830750e-02
3.577249869704246521e-02
4.310714453458786011e-02
5.159990116953849792e-02
6.077893078327178955e-02
8.436990529298782349e-02
