4.453157787511334398e+00
2.443805929025725909e+00
2.525266265278394151e+00
2.570521831617524455e+00
2.470959506460879140e+00
2.724391311644475788e+00
2.805851251844352134e+00
2.570521831617524455e+00
2.498112885869636646e+00
2.534317259730382688e+00
2.271834460094797503e+00
2.452857121504110616e+00
2.760595685505221830e+00
2.570522029643920181e+00
2.651982167870192253e+00
2.661033162322180790e+00
2.851107016209878164e+00
3.086436634463102013e+00
2.914464967505777437e+00
3.303663669733160724e+00
3.575197859873526340e+00
3.385123807959432796e+00
3.692862371960544454e+00
3.629504618691040907e+00
4.073010079735939648e+00
4.317390494414755864e+00
4.815203110329960623e+00
4.570822299598352068e+00
5.177248037095794508e+00
5.113890283826290961e+00
5.340168709601130104e+00
5.367322485062679505e+00
5.539293755967212185e+00
6.200026252282169636e+00
6.516816206788060839e+00
7.557696410878413040e+00
7.720616687330957184e+00
8.788650666882858786e+00
9.078287241979992928e+00
1.010106506111357660e+01
1.112384288024715850e+01
1.188413750369236510e+01
1.433699383309089193e+01
1.505203388032894729e+01
1.801175540430583411e+01
2.385878732822136783e+01
3.605971320220845655e+01
4.951875304845341930e+01
7.573083220262631698e+01
