1.817467059902475590e-01
4.907911570208640939e-02
7.522462140191201255e-03
4.310287964842218593e-03
9.907997088087230203e-03
4.541771552089668255e-03
8.409233278511665452e-03
4.873809828800477681e-03
1.117077074298595402e-02
4.392000275185607011e-03
6.678338445450854831e-03
5.797734739400361818e-03
1.599592847711218957e-02
6.857243967176047429e-03
1.215737105030241343e-02
5.972992990814554419e-03
1.214866550971094132e-02
5.984567672222130055e-03
1.150098279183212752e-02
6.290289427643471105e-03
1.340655441598990506e-02
6.724261597714303873e-03
1.287126334603381356e-02
7.016077588966522158e-03
1.565666065869317572e-02
8.934913655277154643e-03
1.924896681244749400e-02
1.035391562272224703e-02
2.132272416604169205e-02
1.067960692243249098e-02
2.050382668286978433e-02
1.203875265041308255e-02
2.675806727782614747e-02
1.522521892255217571e-02
3.270691492477464934e-02
1.908122503703422318e-02
4.253680253662809468e-02
2.377883523699404061e-02
5.431711642675319390e-02
3.166621550436598403e-02
7.134243139063446704e-02
4.071196198450103415e-02
9.278047239873761509e-02
6.021666176854180430e-02
1.460717679950281067e-01
1.129356116350441891e-01
2.953632488462941685e-01
1.474716693338046669e+00
5.471913881021950310e+00
