4.503097375764293275e+01
1.200209674474928256e+01
3.302463400763027579e+00
1.532784548078572895e+00
2.993545095224967589e+00
1.638045259507660445e+00
3.565736832213703522e+00
1.826707788200906402e+00
3.791964268347639333e+00
2.065061074414150433e+00
4.402478693818707711e+00
2.011738185003209445e+00
3.768147096467161283e+00
1.883103710919498353e+00
3.705575240901786582e+00
1.896844229721997399e+00
3.937685394601141642e+00
2.407312660609737698e+00
5.505717282658039835e+00
2.416849487370707372e+00
4.272477291304491054e+00
2.355090714211234726e+00
5.415193496963352615e+00
2.720396538102786810e+00
5.629253768650209544e+00
2.925908739223440858e+00
5.958004087557376316e+00
2.835817236910576078e+00
5.584504246965830809e+00
2.985381493045399903e+00
6.643047593837515308e+00
3.378841006562736116e+00
6.640885964269051200e+00
3.531868103418448257e+00
7.461531756935194437e+00
3.863162694762328986e+00
7.648865673379176222e+00
4.580056182404758758e+00
1.086818181267775962e+01
5.648221837746140395e+00
1.211173654090167773e+01
7.543144438899275883e+00
1.755399563848760280e+01
9.707806234720953498e+00
2.214113842014035782e+01
1.267728401216993284e+01
2.944018409506219314e+01
3.078547168205780693e+01
9.516017413331098851e+01
