2.753501779040091424e+04
7.009222152977572478e+03
9.966209643961840925e+01
4.207108877176393236e+01
6.860049668598435346e+01
4.589109272682414797e+01
1.192962636625262860e+02
4.811426298098126608e+01
7.574357728889268060e+01
3.220806173371133951e+01
5.561220106915391170e+01
3.370408477163226024e+01
7.757053607709261200e+01
4.303899248831731228e+01
9.995269483343057004e+01
4.029888469439952559e+01
6.077588164122479952e+01
3.367031817319634968e+01
7.138269087045681260e+01
3.425051523776422613e+01
6.988207870871144678e+01
3.299600551458823361e+01
6.241259673908079009e+01
2.598974193290439416e+01
4.427703052510555892e+01
2.357435143581173875e+01
5.242712721640654649e+01
2.444894039818943909e+01
4.625472703040806266e+01
2.393529260463411390e+01
4.827971736165970640e+01
2.208698888699833773e+01
4.139935285646895125e+01
2.099130255589605909e+01
4.193392741228050369e+01
2.149862150666511340e+01
4.346001951291488297e+01
2.073742159840377397e+01
3.895093352496423478e+01
2.041180334029400001e+01
4.115718326564083185e+01
2.235580094518800820e+01
4.867115119769590592e+01
1.716197421243442989e+01
2.104898596506717112e+01
1.425746883134594256e+01
3.590692854991466731e+01
2.341192938982192118e+01
5.562278302028595789e+01
