8.013504484326385707e-03
2.032176796941500760e-03
2.564821722505238369e-04
6.533712627291677971e-05
6.354619175722574902e-06
6.740243320525333099e-06
6.392131668872674607e-06
6.910280715427054704e-06
6.447121107788298923e-06
1.274679396439390780e-04
5.205685987324217218e-04
3.822397716926382682e-04
1.001955593457368870e-03
5.739355659818969014e-04
1.251241915162572401e-03
5.009988168699399660e-04
7.819167634036028238e-04
3.814416859821407159e-04
7.824143828291062457e-04
6.500650430022449034e-04
1.759214714148892196e-03
6.378266227118173067e-04
7.548503478284204152e-04
5.667606752307988204e-04
1.505746275290172900e-03
7.192000573230885761e-04
1.293696502042442553e-03
4.991972585512380886e-04
7.648302817199413009e-04
8.152023023922098021e-04
2.588372641284938155e-03
1.480329598352547044e-03
3.389103790289914753e-03
1.935742755715701233e-03
4.560205650567118740e-03
1.961420162415393811e-03
3.292698247126241932e-03
2.465508282380642242e-03
6.781390495588867674e-03
3.601107323035833419e-03
7.661957474039285745e-03
3.990334909988426521e-03
8.575304705632325747e-03
4.867713213172828422e-03
1.112530467670542859e-02
1.126390703509249497e-02
3.475808323695595003e-02
3.925337325915617126e-01
1.575402999680317828e+00
