8.391407839992937807e+04
2.098361368072674304e+04
3.604034869101475920e+02
1.825153750496507712e+02
3.801431878635206658e+02
1.541798655509358582e+02
2.469691813656070565e+02
1.435134151382031291e+02
3.149433222268183954e+02
1.435307370547064636e+02
2.532644604377358917e+02
1.225466348864686665e+02
2.482374853283990603e+02
1.180502644117757711e+02
2.272068140226656396e+02
1.130904124103836210e+02
2.400095927177318345e+02
1.263749775115534533e+02
2.551930384337131841e+02
1.231353071367177563e+02
2.385040113945819940e+02
1.171808958719853422e+02
2.344838115649798738e+02
1.041990260587868704e+02
1.840357917931843588e+02
9.381519154732480104e+01
1.985225881538515580e+02
9.748859347466797942e+01
2.047097819856067247e+02
9.638837395113968398e+01
1.947915958492937989e+02
9.847180775254221885e+01
2.049248949619609164e+02
9.362851554444478097e+01
1.602677034476076585e+02
8.052259371776779062e+01
1.645595299964096228e+02
8.921302385947660696e+01
1.919609206722186059e+02
9.333752211844591784e+01
1.846982997114968157e+02
9.203391130318752289e+01
1.944203535671016141e+02
9.137337921678027897e+01
1.816456873221894739e+02
8.295511689505072184e+01
1.580239021851994607e+02
8.526921145552722692e+01
1.839850544944275725e+02
