4.021789431571960449e-01
1.013874635100364685e-01
6.112604215741157532e-02
4.167687520384788513e-02
3.094239719212055206e-02
2.599896490573883057e-02
2.262911945581436157e-02
1.815242134034633636e-02
1.375486236065626144e-02
1.278300955891609192e-02
1.208153553307056427e-02
9.388556703925132751e-03
9.096259251236915588e-03
9.340618737041950226e-03
7.938006892800331116e-03
7.236530072987079620e-03
7.260520942509174347e-03
5.525746848434209824e-03
5.368635524064302444e-03
5.003926809877157211e-03
4.184947349131107330e-03
3.989234566688537598e-03
4.478508140891790390e-03
3.563285805284976959e-03
4.590070340782403946e-03
3.459663130342960358e-03
3.756108228117227554e-03
2.921169856563210487e-03
3.248899709433317184e-03
3.908889368176460266e-03
2.426664344966411591e-03
3.185849403962492943e-03
3.263212274760007858e-03
3.091996302828192711e-03
2.923829015344381332e-03
3.191996132954955101e-03
2.823322778567671776e-03
2.054295502603054047e-03
3.038050374016165733e-03
2.736921887844800949e-03
2.926488406956195831e-03
2.428543055430054665e-03
2.426231279969215393e-03
2.695569070056080818e-03
3.035160014405846596e-03
2.762083662673830986e-03
3.016145201399922371e-03
2.603295724838972092e-03
2.500197617337107658e-03
2.371572190895676613e-03
2.433683257550001144e-03
2.572493162006139755e-03
2.537720836699008942e-03
2.406777814030647278e-03
2.644581487402319908e-03
2.529396442696452141e-03
2.198679139837622643e-03
2.768870908766984940e-03
2.882452215999364853e-03
1.890098210424184799e-03
2.027828944846987724e-03
2.444233512505888939e-03
2.277786144986748695e-03
1.995373517274856567e-03
1.760094542987644672e-03
2.181042451411485672e-03
2.264552749693393707e-03
2.156820381060242653e-03
1.958996988832950592e-03
2.048654248937964439e-03
1.745348679833114147e-03
1.789085916243493557e-03
1.966656884178519249e-03
1.769705442711710930e-03
1.669131801463663578e-03
1.877297880128026009e-03
1.849453197792172432e-03
1.787207438610494137e-03
2.203313400968909264e-03
1.858490868471562862e-03
1.950532780028879642e-03
1.512454240582883358e-03
2.031725598499178886e-03
1.550550456158816814e-03
1.195110264234244823e-03
1.785256317816674709e-03
1.902161049656569958e-03
1.816333387978374958e-03
1.648739562369883060e-03
1.282383222132921219e-03
1.223595580086112022e-03
1.808673609048128128e-03
1.226852182298898697e-03
1.684451010078191757e-03
1.440366264432668686e-03
2.025511348620057106e-03
2.056819852441549301e-03
1.351855346001684666e-03
1.481786137446761131e-03
