5.448663607239723206e-03
5.022986792027950287e-03
5.746637005358934402e-03
5.938191898167133331e-03
6.044610869139432907e-03
5.810488946735858917e-03
6.406436674296855927e-03
6.597990635782480240e-03
6.044610869139432907e-03
5.874340422451496124e-03
5.959475412964820862e-03
5.342244170606136322e-03
5.767920985817909241e-03
6.491571664810180664e-03
6.044611334800720215e-03
6.236165761947631836e-03
6.257449276745319366e-03
6.704410072416067123e-03
7.257790304720401764e-03
6.853397004306316376e-03
7.768602110445499420e-03
8.407117798924446106e-03
7.960156537592411041e-03
8.683807216584682465e-03
8.534820750355720520e-03
9.577728807926177979e-03
1.015239208936691284e-02
1.132300402969121933e-02
1.074833981692790985e-02
1.217435672879219055e-02
1.202537026256322861e-02
1.255746651440858841e-02
1.262131892144680023e-02
1.302571129053831100e-02
1.457943115383386612e-02
1.532436627894639969e-02
1.777200773358345032e-02
1.815511658787727356e-02
2.066661044955253601e-02
2.134769409894943237e-02
2.375276759266853333e-02
2.615784108638763428e-02
2.794568240642547607e-02
3.371360152959823608e-02
3.539502620697021484e-02
4.235484451055526733e-02
5.610420554876327515e-02
8.479481935501098633e-02
1.164439022541046143e-01
1.780818998813629150e-01
