4.004650413990020752e-01
2.469444870948791504e-01
9.956477582454681396e-02
4.447624087333679199e-02
3.016753122210502625e-02
2.223812043666839600e-02
1.681273430585861206e-02
1.061229314655065536e-02
1.043343450874090195e-02
7.750551681965589523e-03
5.663864314556121826e-03
5.008048843592405319e-03
5.365766584873199463e-03
5.067668389528989792e-03
4.054134711623191833e-03
3.815656062215566635e-03
3.398318774998188019e-03
3.100220579653978348e-03
3.815656062215566635e-03
2.444404643028974533e-03
2.980981254950165749e-03
3.875275840982794762e-03
2.623263513669371605e-03
2.504024421796202660e-03
2.623263513669371605e-03
1.967447577044367790e-03
1.728969160467386246e-03
1.550110289826989174e-03
2.086686901748180389e-03
1.669349498115479946e-03
1.430871081538498402e-03
1.490490627475082874e-03
1.371251419186592102e-03
2.325165551155805588e-03
1.252012210898101330e-03
1.311631756834685802e-03
1.311631756834685802e-03
1.073153340257704258e-03
8.942944114096462727e-04
1.252012210898101330e-03
1.550110289826989174e-03
1.430871081538498402e-03
1.192392548546195030e-03
1.073153340257704258e-03
1.013533677905797958e-03
1.192392548546195030e-03
1.013533677905797958e-03
9.539140155538916588e-04
1.192392548546195030e-03
1.192392548546195030e-03
5.961962742730975151e-04
7.154355407692492008e-04
7.154355407692492008e-04
4.769570077769458294e-04
7.750551449134945869e-04
4.769570077769458294e-04
4.769570077769458294e-04
8.346747490577399731e-04
6.558158784173429012e-04
7.750551449134945869e-04
7.750551449134945869e-04
5.365766701288521290e-04
9.539140155538916588e-04
6.558158784173429012e-04
3.577177703846246004e-04
5.365766701288521290e-04
4.173373745288699865e-04
5.961962742730975151e-04
6.558158784173429012e-04
1.788588851923123002e-04
1.192392519442364573e-04
7.750551449134945869e-04
2.980981371365487576e-04
4.173373745288699865e-04
5.961962742730975151e-04
2.980981371365487576e-04
5.365766701288521290e-04
3.577177703846246004e-04
4.173373745288699865e-04
4.173373745288699865e-04
4.173373745288699865e-04
2.384785038884729147e-04
2.980981371365487576e-04
2.384785038884729147e-04
2.384785038884729147e-04
2.384785038884729147e-04
1.788588851923123002e-04
2.384785038884729147e-04
1.192392519442364573e-04
1.788588851923123002e-04
1.192392519442364573e-04
5.961962597211822867e-05
5.961962597211822867e-05
1.192392519442364573e-04
5.961962597211822867e-05
1.192392519442364573e-04
1.788588851923123002e-04
1.192392519442364573e-04
0.000000000000000000e+00
