4.642004668712615967e-01
1.324582397937774658e-01
6.921240687370300293e-02
3.221957013010978699e-02
3.221957013010978699e-02
2.386634796857833862e-02
1.312649156898260117e-02
1.431980915367603302e-02
8.353222161531448364e-03
9.546539746224880219e-03
9.546539746224880219e-03
5.966586992144584656e-03
7.159904576838016510e-03
2.386634936556220055e-03
2.386634936556220055e-03
3.579952288419008255e-03
5.966586992144584656e-03
3.579952288419008255e-03
7.159904576838016510e-03
4.773269873112440109e-03
5.966586992144584656e-03
4.773269873112440109e-03
3.579952288419008255e-03
2.386634936556220055e-03
3.579952288419008255e-03
4.773269873112440109e-03
1.193317468278110027e-03
4.773269873112440109e-03
2.386634936556220055e-03
2.386634936556220055e-03
2.386634936556220055e-03
1.193317468278110027e-03
1.193317468278110027e-03
1.193317468278110027e-03
1.193317468278110027e-03
1.193317468278110027e-03
1.193317468278110027e-03
1.193317468278110027e-03
3.579952288419008255e-03
1.193317468278110027e-03
1.193317468278110027e-03
3.579952288419008255e-03
0.000000000000000000e+00
2.386634936556220055e-03
2.386634936556220055e-03
4.773269873112440109e-03
2.386634936556220055e-03
2.386634936556220055e-03
2.386634936556220055e-03
4.773269873112440109e-03
1.193317468278110027e-03
3.579952288419008255e-03
1.193317468278110027e-03
1.193317468278110027e-03
2.386634936556220055e-03
2.386634936556220055e-03
0.000000000000000000e+00
0.000000000000000000e+00
2.386634936556220055e-03
1.193317468278110027e-03
1.193317468278110027e-03
2.386634936556220055e-03
1.193317468278110027e-03
0.000000000000000000e+00
0.000000000000000000e+00
1.193317468278110027e-03
1.193317468278110027e-03
0.000000000000000000e+00
0.000000000000000000e+00
1.193317468278110027e-03
1.193317468278110027e-03
2.386634936556220055e-03
4.773269873112440109e-03
1.193317468278110027e-03
1.193317468278110027e-03
3.579952288419008255e-03
0.000000000000000000e+00
0.000000000000000000e+00
0.000000000000000000e+00
0.000000000000000000e+00
1.193317468278110027e-03
0.000000000000000000e+00
0.000000000000000000e+00
3.579952288419008255e-03
1.193317468278110027e-03
3.579952288419008255e-03
0.000000000000000000e+00
2.386634936556220055e-03
2.386634936556220055e-03
1.193317468278110027e-03
3.579952288419008255e-03
0.000000000000000000e+00
1.193317468278110027e-03
0.000000000000000000e+00
2.386634936556220055e-03
1.193317468278110027e-03
2.386634936556220055e-03
0.000000000000000000e+00
3.579952288419008255e-03
