3.590664127841591835e-04
4.488330450840294361e-04
3.815080854110419750e-04
3.366247692611068487e-04
4.039497289340943098e-04
1.570915628690272570e-04
3.366247692611068487e-04
1.122082612710073590e-04
4.263913724571466446e-04
2.917414822150021791e-04
2.692998095881193876e-04
2.468581660650670528e-04
1.346499047940596938e-04
2.244165225420147181e-04
2.244165225420147181e-04
2.692998095881193876e-04
8.976660319603979588e-05
1.795332063920795918e-04
2.468581660650670528e-04
2.468581660650670528e-04
8.976660319603979588e-05
1.346499047940596938e-04
2.019748644670471549e-04
1.795332063920795918e-04
2.244165225420147181e-04
2.692998095881193876e-04
2.244165225420147181e-04
2.019748644670471549e-04
2.019748644670471549e-04
2.244165225420147181e-04
2.019748644670471549e-04
1.570915628690272570e-04
1.795332063920795918e-04
2.468581660650670528e-04
1.795332063920795918e-04
2.019748644670471549e-04
1.795332063920795918e-04
2.244165225420147181e-04
3.366247692611068487e-04
2.468581660650670528e-04
1.346499047940596938e-04
2.917414822150021791e-04
2.019748644670471549e-04
1.346499047940596938e-04
2.019748644670471549e-04
1.346499047940596938e-04
2.244165225420147181e-04
1.795332063920795918e-04
2.468581660650670528e-04
2.468581660650670528e-04
2.468581660650670528e-04
1.795332063920795918e-04
1.795332063920795918e-04
3.366247692611068487e-04
2.468581660650670528e-04
2.468581660650670528e-04
3.141831257380545139e-04
4.263913724571466446e-04
2.917414822150021791e-04
4.712746886070817709e-04
5.610412918031215668e-04
2.917414822150021791e-04
3.366247692611068487e-04
5.385996191762387753e-04
4.937163321301341057e-04
5.161580047570168972e-04
4.039497289340943098e-04
4.937163321301341057e-04
4.937163321301341057e-04
6.732495385222136974e-04
7.854577852413058281e-04
4.263913724571466446e-04
5.385996191762387753e-04
5.834829644300043583e-04
5.610412918031215668e-04
8.078994578681886196e-04
5.610412918031215668e-04
6.508079241029918194e-04
8.078994578681886196e-04
8.078994578681886196e-04
8.527827449142932892e-04
8.303411304950714111e-04
1.458707381971180439e-03
1.144524198025465012e-03
8.527827449142932892e-04
1.009874278679490089e-03
1.256732502952218056e-03
1.570915570482611656e-03
1.728007220663130283e-03
1.817773794755339622e-03
1.817773794755339622e-03
2.378815086558461189e-03
2.984739607200026512e-03
2.917414763942360878e-03
4.622980020940303802e-03
5.139138083904981613e-03
8.505386300384998322e-03
1.348743308335542679e-02
3.177737817168235779e-02
