5.058680835645645857e-05
5.058680835645645857e-05
5.058680835645645857e-05
5.058680835645645857e-05
5.058680835645645857e-05
5.058680835645645857e-05
0.000000000000000000e+00
0.000000000000000000e+00
5.058680835645645857e-05
1.011736167129129171e-04
5.058680835645645857e-05
1.011736167129129171e-04
5.058680835645645857e-05
0.000000000000000000e+00
5.058680835645645857e-05
5.058680835645645857e-05
0.000000000000000000e+00
0.000000000000000000e+00
1.011736167129129171e-04
0.000000000000000000e+00
0.000000000000000000e+00
0.000000000000000000e+00
0.000000000000000000e+00
0.000000000000000000e+00
0.000000000000000000e+00
0.000000000000000000e+00
5.058680835645645857e-05
5.058680835645645857e-05
0.000000000000000000e+00
1.011736167129129171e-04
0.000000000000000000e+00
2.529340272303670645e-04
1.011736167129129171e-04
0.000000000000000000e+00
0.000000000000000000e+00
5.058680835645645857e-05
0.000000000000000000e+00
0.000000000000000000e+00
0.000000000000000000e+00
1.517604250693693757e-04
0.000000000000000000e+00
1.011736167129129171e-04
5.058680835645645857e-05
0.000000000000000000e+00
5.058680835645645857e-05
1.011736167129129171e-04
5.058680835645645857e-05
0.000000000000000000e+00
2.023472334258258343e-04
1.517604250693693757e-04
5.058680835645645857e-05
5.058680835645645857e-05
1.011736167129129171e-04
0.000000000000000000e+00
1.011736167129129171e-04
1.517604250693693757e-04
1.011736167129129171e-04
0.000000000000000000e+00
2.529340272303670645e-04
0.000000000000000000e+00
0.000000000000000000e+00
5.058680835645645857e-05
0.000000000000000000e+00
1.517604250693693757e-04
5.058680835645645857e-05
5.058680835645645857e-05
2.023472334258258343e-04
2.023472334258258343e-04
3.541076439432799816e-04
1.517604250693693757e-04
5.058680835645645857e-05
5.058680835645645857e-05
0.000000000000000000e+00
2.023472334258258343e-04
1.517604250693693757e-04
0.000000000000000000e+00
1.517604250693693757e-04
1.517604250693693757e-04
2.023472334258258343e-04
2.529340272303670645e-04
1.011736167129129171e-04
1.011736167129129171e-04
2.023472334258258343e-04
4.046944668516516685e-04
4.552812606561928988e-04
0.000000000000000000e+00
1.517604250693693757e-04
2.023472334258258343e-04
2.023472334258258343e-04
5.058680544607341290e-04
3.035208501387387514e-04
7.082152878865599632e-04
5.564548773691058159e-04
7.082152878865599632e-04
9.105625213123857975e-04
1.467017456889152527e-03
2.175232628360390663e-03
2.934034913778305054e-03
7.840954698622226715e-03
