1.505457330495119095e-03
2.634550211951136589e-03
2.446368103846907616e-03
1.317275105975568295e-03
2.634550211951136589e-03
2.070003654807806015e-03
2.822732320055365562e-03
2.446368103846907616e-03
1.317275105975568295e-03
2.258185995742678642e-03
2.070003654807806015e-03
2.258185995742678642e-03
2.070003654807806015e-03
2.258185995742678642e-03
2.634550211951136589e-03
2.446368103846907616e-03
1.505457330495119095e-03
1.881821546703577042e-03
1.317275105975568295e-03
2.822732320055365562e-03
2.634550211951136589e-03
2.258185995742678642e-03
2.446368103846907616e-03
1.129092997871339321e-03
3.199096769094467163e-03
2.822732320055365562e-03
2.446368103846907616e-03
5.645464640110731125e-03
4.140007309615612030e-03
3.763643093407154083e-03
4.704554099589586258e-03
2.446368103846907616e-03
4.704554099589586258e-03
3.575460985302925110e-03
3.199096769094467163e-03
3.951825201511383057e-03
2.822732320055365562e-03
2.446368103846907616e-03
4.704554099589586258e-03
3.387278877198696136e-03
3.951825201511383057e-03
3.387278877198696136e-03
3.387278877198696136e-03
3.387278877198696136e-03
3.387278877198696136e-03
3.763643093407154083e-03
5.080918315798044205e-03
4.892736207693815231e-03
3.763643093407154083e-03
4.140007309615612030e-03
2.634550211951136589e-03
3.199096769094467163e-03
5.833646748214960098e-03
3.387278877198696136e-03
5.269100423902273178e-03
3.387278877198696136e-03
5.457282532006502151e-03
5.457282532006502151e-03
3.951825201511383057e-03
5.269100423902273178e-03
3.951825201511383057e-03
3.951825201511383057e-03
4.892736207693815231e-03
5.080918315798044205e-03
5.457282532006502151e-03
5.457282532006502151e-03
4.328189883381128311e-03
5.833646748214960098e-03
6.962739862501621246e-03
6.398193538188934326e-03
5.269100423902273178e-03
5.269100423902273178e-03
6.021829321980476379e-03
7.527286186814308167e-03
7.903650403022766113e-03
6.774557754397392273e-03
8.091832511126995087e-03
6.962739862501621246e-03
7.527286186814308167e-03
7.527286186814308167e-03
9.032743982970714569e-03
6.774557754397392273e-03
9.973654523491859436e-03
1.166729349642992020e-02
1.053820084780454636e-02
1.260820496827363968e-02
1.242002286016941071e-02
1.147911138832569122e-02
1.637184806168079376e-02
1.392547972500324249e-02
1.731275953352451324e-02
2.239367738366127014e-02
1.975912600755691528e-02
2.182913012802600861e-02
2.540459111332893372e-02
3.105005621910095215e-02
3.744824975728988647e-02
5.419646203517913818e-02
6.925103813409805298e-02
