2.336321631446480751e-03
3.911980427801609039e-03
4.183645825833082199e-03
3.966313321143388748e-03
3.966313321143388748e-03
2.988318447023630142e-03
3.640315029770135880e-03
3.803314408287405968e-03
2.933985320851206779e-03
3.748981282114982605e-03
3.259983612224459648e-03
3.096984466537833214e-03
3.803314408287405968e-03
3.748981282114982605e-03
3.259983612224459648e-03
3.748981282114982605e-03
3.314316738396883011e-03
4.781309515237808228e-03
3.966313321143388748e-03
4.292312078177928925e-03
3.640315029770135880e-03
3.911980427801609039e-03
4.726976156234741211e-03
3.640315029770135880e-03
4.726976156234741211e-03
4.781309515237808228e-03
5.107307806611061096e-03
4.998641554266214371e-03
6.030969787389039993e-03
5.270306952297687531e-03
5.270306952297687531e-03
4.672643262892961502e-03
5.541972350329160690e-03
5.215974058955907822e-03
5.107307806611061096e-03
4.944308660924434662e-03
4.400977864861488342e-03
5.976636894047260284e-03
5.704971496015787125e-03
4.835642408579587936e-03
6.302635185420513153e-03
5.270306952297687531e-03
6.030969787389039993e-03
4.563977010548114777e-03
4.672643262892961502e-03
4.618310369551181793e-03
4.509644117206335068e-03
4.835642408579587936e-03
6.248302292078733444e-03
6.465634331107139587e-03
5.922303535044193268e-03
5.433306097984313965e-03
5.433306097984313965e-03
6.030969787389039993e-03
4.998641554266214371e-03
5.541972350329160690e-03
4.781309515237808228e-03
5.976636894047260284e-03
5.650638602674007416e-03
6.356968078762292862e-03
5.813637748360633850e-03
6.411301437765359879e-03
6.737299729138612747e-03
7.389296311885118484e-03
7.769627962261438370e-03
7.660961709916591644e-03
7.280630059540271759e-03
7.497962564229965210e-03
8.747623302042484283e-03
7.660961709916591644e-03
9.508285671472549438e-03
7.660961709916591644e-03
8.530290797352790833e-03
8.041293360292911530e-03
9.073621593415737152e-03
8.530290797352790833e-03
9.888617321848869324e-03
9.888617321848869324e-03
9.725618176162242889e-03
1.179027464240789413e-02
1.130127720534801483e-02
1.130127720534801483e-02
1.135560963302850723e-02
1.157294213771820068e-02
1.401793025434017181e-02
1.293126866221427917e-02
1.314860116690397263e-02
1.488725934177637100e-02
1.803857646882534027e-02
1.885357312858104706e-02
2.037489786744117737e-02
2.113556116819381714e-02
2.292855270206928253e-02
2.651453390717506409e-02
2.749252878129482269e-02
3.118717670440673828e-02
3.895680606365203857e-02
5.129041150212287903e-02
6.232002004981040955e-02
