7.176194077125670390e+01
6.578391344550478699e-03
6.400857700334235297e-03
6.287936405966850460e-03
6.122515058966971312e-03
5.990966908148515069e-03
5.891057463357077424e-03
5.740766806831316613e-03
5.648253158141100690e-03
5.507186183924837886e-03
5.396402569248493625e-03
5.313695035547365622e-03
5.184665003375983280e-03
5.019059454845810515e-03
4.988414495142731546e-03
4.894050458352753805e-03
4.824834116846176899e-03
4.713430391904500395e-03
4.648827461452078279e-03
4.543429648337594419e-03
4.462063332028912664e-03
4.403931526927633289e-03
4.306685939778116638e-03
4.251999802222899451e-03
4.159693118604361473e-03
4.089394069807511869e-03
4.039729517151984146e-03
3.954164504882207685e-03
3.907306409064637345e-03
3.826072487605853070e-03
3.764675553390191189e-03
3.722147240134109081e-03
3.646323192028075224e-03
3.606282384380650723e-03
