2.391304373741149902e-01
4.347826167941093445e-02
1.086956486105918884e-01
4.347826167941093445e-02
4.347826167941093445e-02
0.000000000000000000e+00
4.347826167941093445e-02
2.173913083970546722e-02
0.000000000000000000e+00
0.000000000000000000e+00
2.173913083970546722e-02
0.000000000000000000e+00
4.347826167941093445e-02
4.347826167941093445e-02
0.000000000000000000e+00
2.173913083970546722e-02
0.000000000000000000e+00
2.173913083970546722e-02
0.000000000000000000e+00
0.000000000000000000e+00
0.000000000000000000e+00
0.000000000000000000e+00
0.000000000000000000e+00
0.000000000000000000e+00
0.000000000000000000e+00
0.000000000000000000e+00
0.000000000000000000e+00
0.000000000000000000e+00
0.000000000000000000e+00
0.000000000000000000e+00
0.000000000000000000e+00
0.000000000000000000e+00
0.000000000000000000e+00
0.000000000000000000e+00
2.173913083970546722e-02
4.347826167941093445e-02
0.000000000000000000e+00
0.000000000000000000e+00
0.000000000000000000e+00
2.173913083970546722e-02
0.000000000000000000e+00
4.347826167941093445e-02
0.000000000000000000e+00
0.000000000000000000e+00
2.173913083970546722e-02
2.173913083970546722e-02
2.173913083970546722e-02
0.000000000000000000e+00
0.000000000000000000e+00
0.000000000000000000e+00
0.000000000000000000e+00
0.000000000000000000e+00
0.000000000000000000e+00
0.000000000000000000e+00
0.000000000000000000e+00
0.000000000000000000e+00
0.000000000000000000e+00
4.347826167941093445e-02
0.000000000000000000e+00
2.173913083970546722e-02
0.000000000000000000e+00
0.000000000000000000e+00
0.000000000000000000e+00
0.000000000000000000e+00
0.000000000000000000e+00
0.000000000000000000e+00
0.000000000000000000e+00
0.000000000000000000e+00
0.000000000000000000e+00
0.000000000000000000e+00
0.000000000000000000e+00
0.000000000000000000e+00
0.000000000000000000e+00
0.000000000000000000e+00
2.173913083970546722e-02
0.000000000000000000e+00
0.000000000000000000e+00
0.000000000000000000e+00
0.000000000000000000e+00
0.000000000000000000e+00
0.000000000000000000e+00
0.000000000000000000e+00
0.000000000000000000e+00
0.000000000000000000e+00
0.000000000000000000e+00
0.000000000000000000e+00
0.000000000000000000e+00
0.000000000000000000e+00
0.000000000000000000e+00
0.000000000000000000e+00
0.000000000000000000e+00
0.000000000000000000e+00
0.000000000000000000e+00
0.000000000000000000e+00
0.000000000000000000e+00
0.000000000000000000e+00
0.000000000000000000e+00
2.173913083970546722e-02
0.000000000000000000e+00
0.000000000000000000e+00
