1.534639042802155018e-03
7.307804771699011326e-04
6.577024469152092934e-04
2.923121792264282703e-04
6.577024469152092934e-04
7.307804480660706758e-05
2.923121792264282703e-04
0.000000000000000000e+00
2.192341489717364311e-04
1.461560896132141352e-04
5.846243584528565407e-04
2.923121792264282703e-04
2.923121792264282703e-04
2.192341489717364311e-04
2.923121792264282703e-04
1.461560896132141352e-04
2.192341489717364311e-04
1.461560896132141352e-04
2.192341489717364311e-04
3.653902385849505663e-04
2.923121792264282703e-04
0.000000000000000000e+00
4.384682979434728622e-04
7.307804480660706758e-05
2.923121792264282703e-04
2.923121792264282703e-04
1.461560896132141352e-04
1.461560896132141352e-04
7.307804480660706758e-05
1.461560896132141352e-04
2.192341489717364311e-04
0.000000000000000000e+00
7.307804480660706758e-05
2.192341489717364311e-04
1.461560896132141352e-04
7.307804480660706758e-05
7.307804480660706758e-05
3.653902385849505663e-04
1.461560896132141352e-04
3.653902385849505663e-04
1.461560896132141352e-04
1.461560896132141352e-04
1.461560896132141352e-04
2.923121792264282703e-04
1.461560896132141352e-04
7.307804480660706758e-05
3.653902385849505663e-04
2.192341489717364311e-04
1.461560896132141352e-04
2.923121792264282703e-04
2.192341489717364311e-04
4.384682979434728622e-04
7.307804480660706758e-05
3.653902385849505663e-04
2.192341489717364311e-04
2.192341489717364311e-04
7.307804480660706758e-05
2.192341489717364311e-04
2.192341489717364311e-04
1.461560896132141352e-04
2.192341489717364311e-04
2.923121792264282703e-04
1.461560896132141352e-04
1.461560896132141352e-04
2.923121792264282703e-04
4.384682979434728622e-04
2.192341489717364311e-04
2.923121792264282703e-04
2.923121792264282703e-04
7.307804480660706758e-05
2.192341489717364311e-04
5.115463281981647015e-04
1.461560896132141352e-04
1.461560896132141352e-04
2.923121792264282703e-04
2.923121792264282703e-04
2.923121792264282703e-04
2.923121792264282703e-04
3.653902385849505663e-04
3.653902385849505663e-04
6.577024469152092934e-04
2.923121792264282703e-04
3.653902385849505663e-04
6.577024469152092934e-04
7.307804771699011326e-04
5.115463281981647015e-04
5.846243584528565407e-04
7.307804771699011326e-04
8.038585074245929718e-04
8.038585074245929718e-04
8.038585074245929718e-04
1.826951163820922375e-03
1.534639042802155018e-03
9.500146261416375637e-04
1.607717014849185944e-03
2.630809787660837173e-03
3.653902327641844749e-03
5.700087640434503555e-03
1.249634567648172379e-02
