3.770491778850555420e-01
1.967213153839111328e-01
9.836065769195556641e-02
1.639344170689582825e-02
0.000000000000000000e+00
1.639344170689582825e-02
1.639344170689582825e-02
0.000000000000000000e+00
0.000000000000000000e+00
1.639344170689582825e-02
0.000000000000000000e+00
0.000000000000000000e+00
3.278688341379165649e-02
1.639344170689582825e-02
1.639344170689582825e-02
0.000000000000000000e+00
0.000000000000000000e+00
0.000000000000000000e+00
1.639344170689582825e-02
0.000000000000000000e+00
0.000000000000000000e+00
1.639344170689582825e-02
0.000000000000000000e+00
0.000000000000000000e+00
0.000000000000000000e+00
1.639344170689582825e-02
0.000000000000000000e+00
0.000000000000000000e+00
0.000000000000000000e+00
1.639344170689582825e-02
1.639344170689582825e-02
0.000000000000000000e+00
0.000000000000000000e+00
0.000000000000000000e+00
0.000000000000000000e+00
0.000000000000000000e+00
0.000000000000000000e+00
0.000000000000000000e+00
0.000000000000000000e+00
0.000000000000000000e+00
1.639344170689582825e-02
0.000000000000000000e+00
0.000000000000000000e+00
0.000000000000000000e+00
0.000000000000000000e+00
0.000000000000000000e+00
1.639344170689582825e-02
0.000000000000000000e+00
0.000000000000000000e+00
0.000000000000000000e+00
0.000000000000000000e+00
0.000000000000000000e+00
0.000000000000000000e+00
0.000000000000000000e+00
0.000000000000000000e+00
0.000000000000000000e+00
0.000000000000000000e+00
0.000000000000000000e+00
0.000000000000000000e+00
0.000000000000000000e+00
0.000000000000000000e+00
0.000000000000000000e+00
0.000000000000000000e+00
0.000000000000000000e+00
0.000000000000000000e+00
0.000000000000000000e+00
0.000000000000000000e+00
0.000000000000000000e+00
0.000000000000000000e+00
0.000000000000000000e+00
1.639344170689582825e-02
1.639344170689582825e-02
0.000000000000000000e+00
1.639344170689582825e-02
0.000000000000000000e+00
0.000000000000000000e+00
0.000000000000000000e+00
0.000000000000000000e+00
0.000000000000000000e+00
0.000000000000000000e+00
0.000000000000000000e+00
0.000000000000000000e+00
0.000000000000000000e+00
0.000000000000000000e+00
0.000000000000000000e+00
0.000000000000000000e+00
0.000000000000000000e+00
0.000000000000000000e+00
0.000000000000000000e+00
0.000000000000000000e+00
0.000000000000000000e+00
0.000000000000000000e+00
0.000000000000000000e+00
0.000000000000000000e+00
0.000000000000000000e+00
0.000000000000000000e+00
0.000000000000000000e+00
1.639344170689582825e-02
0.000000000000000000e+00
