2.781383227556943893e-04
9.271277667721733451e-05
4.635638833860866725e-05
0.000000000000000000e+00
4.635638833860866725e-05
4.635638833860866725e-05
0.000000000000000000e+00
4.635638833860866725e-05
9.271277667721733451e-05
4.635638833860866725e-05
0.000000000000000000e+00
0.000000000000000000e+00
0.000000000000000000e+00
9.271277667721733451e-05
0.000000000000000000e+00
0.000000000000000000e+00
4.635638833860866725e-05
0.000000000000000000e+00
4.635638833860866725e-05
4.635638833860866725e-05
0.000000000000000000e+00
0.000000000000000000e+00
4.635638833860866725e-05
0.000000000000000000e+00
0.000000000000000000e+00
0.000000000000000000e+00
4.635638833860866725e-05
0.000000000000000000e+00
0.000000000000000000e+00
4.635638833860866725e-05
4.635638833860866725e-05
4.635638833860866725e-05
0.000000000000000000e+00
0.000000000000000000e+00
4.635638833860866725e-05
0.000000000000000000e+00
0.000000000000000000e+00
0.000000000000000000e+00
0.000000000000000000e+00
9.271277667721733451e-05
0.000000000000000000e+00
4.635638833860866725e-05
0.000000000000000000e+00
4.635638833860866725e-05
0.000000000000000000e+00
4.635638833860866725e-05
4.635638833860866725e-05
4.635638833860866725e-05
0.000000000000000000e+00
0.000000000000000000e+00
4.635638833860866725e-05
0.000000000000000000e+00
0.000000000000000000e+00
0.000000000000000000e+00
0.000000000000000000e+00
0.000000000000000000e+00
0.000000000000000000e+00
0.000000000000000000e+00
0.000000000000000000e+00
4.635638833860866725e-05
4.635638833860866725e-05
4.635638833860866725e-05
0.000000000000000000e+00
4.635638833860866725e-05
0.000000000000000000e+00
1.390691613778471947e-04
4.635638833860866725e-05
0.000000000000000000e+00
4.635638833860866725e-05
9.271277667721733451e-05
4.635638833860866725e-05
0.000000000000000000e+00
0.000000000000000000e+00
0.000000000000000000e+00
1.390691613778471947e-04
4.635638833860866725e-05
0.000000000000000000e+00
9.271277667721733451e-05
4.635638833860866725e-05
4.635638833860866725e-05
4.635638833860866725e-05
9.271277667721733451e-05
4.635638833860866725e-05
9.271277667721733451e-05
9.271277667721733451e-05
2.317819453310221434e-04
1.390691613778471947e-04
9.271277667721733451e-05
1.390691613778471947e-04
0.000000000000000000e+00
0.000000000000000000e+00
3.244947292841970921e-04
1.390691613778471947e-04
7.417022134177386761e-04
7.880586199462413788e-04
5.562766455113887787e-04
1.158909755758941174e-03
2.225106582045555115e-03
6.304468959569931030e-03
