1.329267281107604504e-03
8.601141744293272495e-04
3.909609804395586252e-04
6.255375919863581657e-04
3.909609804395586252e-04
1.563843979965895414e-04
3.909609804395586252e-04
4.691531648859381676e-04
2.345765824429690838e-04
1.563843979965895414e-04
3.127687959931790829e-04
7.819219899829477072e-05
0.000000000000000000e+00
1.563843979965895414e-04
2.345765824429690838e-04
2.345765824429690838e-04
7.819219899829477072e-05
3.127687959931790829e-04
7.819219899829477072e-05
3.127687959931790829e-04
2.345765824429690838e-04
1.563843979965895414e-04
3.127687959931790829e-04
1.563843979965895414e-04
1.563843979965895414e-04
0.000000000000000000e+00
1.563843979965895414e-04
1.563843979965895414e-04
0.000000000000000000e+00
7.819219899829477072e-05
0.000000000000000000e+00
2.345765824429690838e-04
7.819219899829477072e-05
0.000000000000000000e+00
7.819219899829477072e-05
7.819219899829477072e-05
7.819219899829477072e-05
1.563843979965895414e-04
7.819219899829477072e-05
2.345765824429690838e-04
2.345765824429690838e-04
3.127687959931790829e-04
0.000000000000000000e+00
7.819219899829477072e-05
7.819219899829477072e-05
7.819219899829477072e-05
2.345765824429690838e-04
7.819219899829477072e-05
1.563843979965895414e-04
7.819219899829477072e-05
7.819219899829477072e-05
7.819219899829477072e-05
7.819219899829477072e-05
3.127687959931790829e-04
0.000000000000000000e+00
1.563843979965895414e-04
3.127687959931790829e-04
7.819219899829477072e-05
2.345765824429690838e-04
0.000000000000000000e+00
1.563843979965895414e-04
7.819219899829477072e-05
0.000000000000000000e+00
7.819219899829477072e-05
3.127687959931790829e-04
3.127687959931790829e-04
2.345765824429690838e-04
1.563843979965895414e-04
5.473453784361481667e-04
7.819219899829477072e-05
7.819219899829477072e-05
7.819219899829477072e-05
1.563843979965895414e-04
0.000000000000000000e+00
2.345765824429690838e-04
3.127687959931790829e-04
7.819219899829477072e-05
3.909609804395586252e-04
7.819219899829477072e-05
6.255375919863581657e-04
1.563843979965895414e-04
6.255375919863581657e-04
4.691531648859381676e-04
8.601141744293272495e-04
3.909609804395586252e-04
4.691531648859381676e-04
4.691531648859381676e-04
3.127687959931790829e-04
1.016498543322086334e-03
8.601141744293272495e-04
7.819219608791172504e-04
1.016498543322086334e-03
1.094690756872296333e-03
1.016498543322086334e-03
9.383063297718763351e-04
2.345765940845012665e-03
2.267573727294802666e-03
4.691531881690025330e-03
9.852216579020023346e-03
