4.160583913326263428e-01
1.897810250520706177e-01
9.489051252603530884e-02
1.021897792816162109e-01
7.299270015209913254e-03
5.109488964080810547e-02
0.000000000000000000e+00
1.459854003041982651e-02
1.459854003041982651e-02
0.000000000000000000e+00
0.000000000000000000e+00
7.299270015209913254e-03
0.000000000000000000e+00
0.000000000000000000e+00
7.299270015209913254e-03
7.299270015209913254e-03
0.000000000000000000e+00
1.459854003041982651e-02
0.000000000000000000e+00
0.000000000000000000e+00
7.299270015209913254e-03
0.000000000000000000e+00
0.000000000000000000e+00
0.000000000000000000e+00
0.000000000000000000e+00
0.000000000000000000e+00
0.000000000000000000e+00
7.299270015209913254e-03
0.000000000000000000e+00
1.459854003041982651e-02
7.299270015209913254e-03
0.000000000000000000e+00
0.000000000000000000e+00
0.000000000000000000e+00
0.000000000000000000e+00
7.299270015209913254e-03
0.000000000000000000e+00
0.000000000000000000e+00
0.000000000000000000e+00
0.000000000000000000e+00
0.000000000000000000e+00
0.000000000000000000e+00
0.000000000000000000e+00
0.000000000000000000e+00
0.000000000000000000e+00
0.000000000000000000e+00
0.000000000000000000e+00
0.000000000000000000e+00
0.000000000000000000e+00
0.000000000000000000e+00
0.000000000000000000e+00
0.000000000000000000e+00
0.000000000000000000e+00
0.000000000000000000e+00
1.459854003041982651e-02
0.000000000000000000e+00
0.000000000000000000e+00
0.000000000000000000e+00
7.299270015209913254e-03
0.000000000000000000e+00
0.000000000000000000e+00
0.000000000000000000e+00
7.299270015209913254e-03
0.000000000000000000e+00
0.000000000000000000e+00
0.000000000000000000e+00
0.000000000000000000e+00
0.000000000000000000e+00
0.000000000000000000e+00
0.000000000000000000e+00
0.000000000000000000e+00
0.000000000000000000e+00
0.000000000000000000e+00
0.000000000000000000e+00
0.000000000000000000e+00
0.000000000000000000e+00
0.000000000000000000e+00
0.000000000000000000e+00
0.000000000000000000e+00
0.000000000000000000e+00
0.000000000000000000e+00
0.000000000000000000e+00
0.000000000000000000e+00
0.000000000000000000e+00
0.000000000000000000e+00
0.000000000000000000e+00
0.000000000000000000e+00
0.000000000000000000e+00
0.000000000000000000e+00
0.000000000000000000e+00
0.000000000000000000e+00
0.000000000000000000e+00
0.000000000000000000e+00
0.000000000000000000e+00
0.000000000000000000e+00
0.000000000000000000e+00
0.000000000000000000e+00
0.000000000000000000e+00
0.000000000000000000e+00
0.000000000000000000e+00
