3.975325524806976318e-01
2.188713699579238892e-01
1.110349521040916443e-01
6.465616077184677124e-02
3.495544940233230591e-02
2.695910446345806122e-02
2.010509558022022247e-02
1.210875064134597778e-02
1.050948165357112885e-02
9.367146529257297516e-03
8.453278802335262299e-03
6.168608553707599640e-03
4.569339565932750702e-03
4.569339565932750702e-03
3.198537742719054222e-03
5.254740826785564423e-03
5.026273895055055618e-03
2.970070810988545418e-03
2.284669782966375351e-03
3.883938770741224289e-03
2.970070810988545418e-03
3.655471839010715485e-03
1.599268871359527111e-03
1.827735919505357742e-03
1.142334891483187675e-03
1.827735919505357742e-03
3.655471839010715485e-03
1.599268871359527111e-03
1.370801939629018307e-03
1.599268871359527111e-03
1.827735919505357742e-03
9.138679597526788712e-04
1.142334891483187675e-03
2.284669899381697178e-04
9.138679597526788712e-04
2.056202851235866547e-03
9.138679597526788712e-04
6.854009698145091534e-04
9.138679597526788712e-04
6.854009698145091534e-04
6.854009698145091534e-04
4.569339798763394356e-04
9.138679597526788712e-04
6.854009698145091534e-04
6.854009698145091534e-04
4.569339798763394356e-04
6.854009698145091534e-04
6.854009698145091534e-04
2.284669899381697178e-04
1.142334891483187675e-03
4.569339798763394356e-04
0.000000000000000000e+00
4.569339798763394356e-04
4.569339798763394356e-04
2.284669899381697178e-04
0.000000000000000000e+00
4.569339798763394356e-04
2.284669899381697178e-04
2.284669899381697178e-04
4.569339798763394356e-04
0.000000000000000000e+00
4.569339798763394356e-04
2.284669899381697178e-04
4.569339798763394356e-04
4.569339798763394356e-04
0.000000000000000000e+00
2.284669899381697178e-04
4.569339798763394356e-04
0.000000000000000000e+00
4.569339798763394356e-04
2.284669899381697178e-04
6.854009698145091534e-04
0.000000000000000000e+00
2.284669899381697178e-04
2.284669899381697178e-04
0.000000000000000000e+00
2.284669899381697178e-04
0.000000000000000000e+00
0.000000000000000000e+00
0.000000000000000000e+00
0.000000000000000000e+00
2.284669899381697178e-04
2.284669899381697178e-04
2.284669899381697178e-04
0.000000000000000000e+00
0.000000000000000000e+00
2.284669899381697178e-04
0.000000000000000000e+00
2.284669899381697178e-04
2.284669899381697178e-04
0.000000000000000000e+00
0.000000000000000000e+00
2.284669899381697178e-04
0.000000000000000000e+00
0.000000000000000000e+00
0.000000000000000000e+00
2.284669899381697178e-04
0.000000000000000000e+00
0.000000000000000000e+00
2.284669899381697178e-04
