2.196257701143622398e-04
3.074760606978088617e-04
3.074760606978088617e-04
8.785030513536185026e-05
3.074760606978088617e-04
1.317754504270851612e-04
1.317754504270851612e-04
8.785030513536185026e-05
2.635509008541703224e-04
1.757006102707237005e-04
2.196257555624470115e-04
0.000000000000000000e+00
1.317754504270851612e-04
1.757006102707237005e-04
3.514012205414474010e-04
2.635509008541703224e-04
8.785030513536185026e-05
4.392515256768092513e-05
2.196257701143622398e-04
1.317754504270851612e-04
4.392515256768092513e-05
1.757006102707237005e-04
2.196257701143622398e-04
5.271018017083406448e-04
3.074760606978088617e-04
3.514012205414474010e-04
1.757006102707237005e-04
2.635509008541703224e-04
3.514012205414474010e-04
3.074760606978088617e-04
2.635509008541703224e-04
3.514012205414474010e-04
4.831766709685325623e-04
4.831766709685325623e-04
3.074760606978088617e-04
5.710269324481487274e-04
7.467275718227028847e-04
5.710269324481487274e-04
6.588773103430867195e-04
9.663533419370651245e-04
8.785030222497880459e-04
1.757006044499576092e-03
1.537380274385213852e-03
2.196257468312978745e-03
2.679434139281511307e-03
3.645787481218576431e-03
5.358869209885597229e-03
9.180355817079544067e-03
1.963454298675060272e-02
9.413599371910095215e-01
