6.121081113815307617e-01
1.579196751117706299e-01
5.532606691122055054e-02
3.060879185795783997e-02
2.024785056710243225e-02
1.198618579655885696e-02
1.130899973213672638e-02
9.074287489056587219e-03
6.975011900067329407e-03
5.756077822297811508e-03
5.823796149343252182e-03
4.469424951821565628e-03
5.282048135995864868e-03
3.656802233308553696e-03
3.385927993804216385e-03
2.708742395043373108e-03
3.656802233308553696e-03
3.656802466139197350e-03
3.047335194423794746e-03
3.521365113556385040e-03
2.505586715415120125e-03
2.641023835167288780e-03
2.641023835167288780e-03
2.641023835167288780e-03
2.776461187750101089e-03
1.760682556778192520e-03
2.370149362832307816e-03
1.896119560115039349e-03
1.354371197521686554e-03
1.083496958017349243e-03
1.083496958017349243e-03
1.354371197521686554e-03
1.760682556778192520e-03
1.354371197521686554e-03
1.354371197521686554e-03
6.771855987608432770e-04
1.015778398141264915e-03
9.480598382651805878e-04
8.126228349283337593e-04
1.151215517893433571e-03
1.015778281725943089e-03
1.151215517893433571e-03
8.126227185130119324e-04
4.740298900287598372e-04
6.094669806770980358e-04
4.740299191325902939e-04
5.417484790086746216e-04
3.385927993804216385e-04
5.417484790086746216e-04
3.385927993804216385e-04
