4.998809657990932465e-03
6.069983355700969696e-03
5.474886856973171234e-03
5.117828957736492157e-03
6.129493005573749542e-03
5.474886856973171234e-03
4.641751758754253387e-03
4.879790358245372772e-03
4.820280708372592926e-03
5.474886856973171234e-03
4.820280708372592926e-03
6.486550904810428619e-03
7.379195652902126312e-03
8.212330751121044159e-03
8.212330751121044159e-03
8.807426318526268005e-03
8.450368419289588928e-03
9.759580716490745544e-03
8.569388650357723236e-03
9.997619315981864929e-03
1.100928336381912231e-02
1.213996671140193939e-02
1.118781231343746185e-02
1.065222546458244324e-02
9.700071066617965698e-03
1.136634126305580139e-02
1.071173511445522308e-02
1.208045706152915955e-02
1.321114040911197662e-02
1.208045706152915955e-02
1.231849566102027893e-02
1.386574655771255493e-02
1.463937200605869293e-02
1.475839037448167801e-02
1.440133340656757355e-02
1.701975800096988678e-02
1.713877730071544647e-02
1.874553784728050232e-02
2.041180618107318878e-02
2.118543162941932678e-02
2.362532727420330048e-02
2.594620361924171448e-02
3.034991770982742310e-02
3.290883451700210571e-02
3.683646768331527710e-02
4.481075704097747803e-02
5.504641681909561157e-02
7.159009575843811035e-02
9.515590965747833252e-02
1.713282465934753418e-01
