5.078815817832946777e-01
1.034856066107749939e-01
5.609776079654693604e-02
3.680800646543502808e-02
2.544082701206207275e-02
2.007709443569183350e-02
1.694414764642715454e-02
1.402444019913673401e-02
1.235134899616241455e-02
1.195768080651760101e-02
1.110473182052373886e-02
9.628475643694400787e-03
1.056343782693147659e-02
9.349626488983631134e-03
1.030099205672740936e-02
9.612072259187698364e-03
8.611498400568962097e-03
8.201426826417446136e-03
7.446895353496074677e-03
7.332075852900743484e-03
7.315672934055328369e-03
6.610350683331489563e-03
6.446321494877338409e-03
5.199704784899950027e-03
5.740999244153499603e-03
5.068481899797916412e-03
4.773230291903018951e-03
5.035676062107086182e-03
4.740424919873476028e-03
4.281145054847002029e-03
3.739850828424096107e-03
3.510210663080215454e-03
3.214959520846605301e-03
3.477405058220028877e-03
2.772082109004259109e-03
3.018125193193554878e-03
3.034527879208326340e-03
3.001722041517496109e-03
2.739276736974716187e-03
2.279996871948242188e-03
2.296399557963013649e-03
1.935536740347743034e-03
1.935536740347743034e-03
2.050356939435005188e-03
1.935536740347743034e-03
1.574673922732472420e-03
1.623882446438074112e-03
1.541868317872285843e-03
1.098991138860583305e-03
7.873369613662362099e-04
