2.917880658060312271e-03
3.968811593949794769e-03
2.753081265836954117e-03
4.924677312374114990e-03
3.120996989309787750e-03
2.354651223868131638e-03
4.531080834567546844e-03
2.528010867536067963e-03
3.322979202494025230e-03
3.053097985684871674e-03
4.913147538900375366e-03
4.373357165604829788e-03
5.079431924968957901e-03
6.063395179808139801e-03
6.403039209544658661e-03
6.544953212141990662e-03
5.718539468944072723e-03
6.398380734026432037e-03
5.720956251025199890e-03
8.238514885306358337e-03
8.575567975640296936e-03
9.072937071323394775e-03
7.239499129354953766e-03
8.264953270554542542e-03
7.128652185201644897e-03
8.622998371720314026e-03
7.999148219823837280e-03
1.151965372264385223e-02
7.125477772206068039e-03
9.262484498322010040e-03
8.164500817656517029e-03
8.839886635541915894e-03
1.239705085754394531e-02
8.739843964576721191e-03
1.109463907778263092e-02
1.113799493759870529e-02
1.284494902938604355e-02
1.394296251237392426e-02
1.517133042216300964e-02
1.748804375529289246e-02
1.601582206785678864e-02
1.856613904237747192e-02
2.187985740602016449e-02
3.025638312101364136e-02
3.030701726675033569e-02
3.870395570993423462e-02
4.095736145973205566e-02
5.893656611442565918e-02
8.838853240013122559e-02
3.584268093109130859e-01
