4.892391562461853027e-01
1.199353337287902832e-01
5.769425258040428162e-02
3.829443454742431641e-02
2.505809813737869263e-02
1.778316497802734375e-02
1.768212579190731049e-02
1.495402678847312927e-02
1.252904906868934631e-02
1.444882340729236603e-02
1.263009011745452881e-02
1.172072347253561020e-02
1.182176358997821808e-02
9.598867967724800110e-03
1.040719449520111084e-02
9.800950065255165100e-03
9.598867967724800110e-03
8.891583420336246490e-03
8.285338990390300751e-03
6.769727915525436401e-03
6.062443368136882782e-03
5.153076723217964172e-03
5.961402319371700287e-03
5.254117771983146667e-03
4.142669495195150375e-03
4.647873342037200928e-03
3.637465881183743477e-03
5.052035674452781677e-03
3.738506697118282318e-03
3.233303083106875420e-03
3.637466114014387131e-03
2.627058653160929680e-03
2.728099469095468521e-03
2.323936438187956810e-03
2.424977254122495651e-03
2.424977254122495651e-03
3.233303083106875420e-03
2.424977254122495651e-03
3.334343899041414261e-03
2.627058653160929680e-03
2.323936671018600464e-03
2.020814456045627594e-03
2.526018070057034492e-03
1.818733057007193565e-03
1.111447927542030811e-03
1.818732940591871738e-03
2.222895855084061623e-03
1.212488627061247826e-03
1.212488627061247826e-03
1.919773640111088753e-03
