1.210581818606706550e+00
3.168297582188854822e-01
5.574651830576170253e-02
2.955633113628875625e-02
6.525577822311270926e-02
2.558469819528135653e-02
4.051835424292977300e-02
2.684069994083580421e-02
6.488217867926666937e-02
3.256530270672508554e-02
6.203211127137462505e-02
3.435950312433420223e-02
7.557410111912790662e-02
3.390803110447834084e-02
6.231011103384022365e-02
3.375182243695470236e-02
7.322678393736752056e-02
4.045761753024509910e-02
8.448096124814177821e-02
4.576048153119012529e-02
9.580055909639582923e-02
5.093224333985676977e-02
1.036292796765473506e-01
5.476206066474138129e-02
1.208386189555876039e-01
5.964459326939151179e-02
1.186253741097894887e-01
6.583409056444365637e-02
1.439661524940514803e-01
8.097200632343883042e-02
1.769560327784676090e-01
9.177835628579134042e-02
1.971936802994359028e-01
1.033101031007046672e-01
2.205091583503012154e-01
1.234104014118753007e-01
2.733152384871502805e-01
1.649700733845628764e-01
3.731553299892222952e-01
2.110933781881920712e-01
4.513907038852327802e-01
2.673066175781032561e-01
6.108134945434005036e-01
4.737958650480801337e-01
1.289920140033203655e+00
1.214562012296962479e+00
3.526105926700050741e+00
4.717773585901288591e+00
1.555932447865088797e+01
