1.131810028856960525e+04
2.764684022726115927e+03
5.349172988556326658e+01
2.288445060519474339e+01
3.876235674449743840e+01
2.276905981835776416e+01
5.170468267787963157e+01
2.161328914422837499e+01
3.578962469302127403e+01
1.877450108297009024e+01
4.082315098608710002e+01
2.087181646687202274e+01
4.535613017928056934e+01
2.167330498965898400e+01
4.190505026032456470e+01
2.160997831599512509e+01
4.449522358030454683e+01
2.172876905023087701e+01
4.059280249285689024e+01
1.583142510648914936e+01
2.232989621172564654e+01
1.452851897781267887e+01
3.674973820566200544e+01
1.497988259721803672e+01
2.457045547510378114e+01
1.324610186309685389e+01
2.743382929546168825e+01
1.437597194818728497e+01
2.948872190866568133e+01
1.317762787313987971e+01
2.528584260257632010e+01
1.005613396064661558e+01
1.567084516032603148e+01
1.189859830266200724e+01
3.164477226663845855e+01
1.761319215052210652e+01
4.016817808851603644e+01
1.770042485701143065e+01
3.210002488600866855e+01
1.497085768814773843e+01
2.725163604950149576e+01
1.894998225250513002e+01
4.668850417533587205e+01
2.098602208988426199e+01
3.646851660484510660e+01
2.395170854615896872e+01
5.989096206697269054e+01
2.773688757182219078e+01
4.989929651169587999e+01
