1.997567072607105729e+03
5.140626740888687891e+02
5.289582650143016540e-01
2.559494342704586312e-01
4.951090649950327660e-01
2.334391060913042493e-01
4.542045767696346048e-01
2.188847577699320757e-01
4.405999627384325490e-01
2.099624876607264767e-01
4.066775550349734369e-01
2.008808306554416834e-01
3.876213574207457158e-01
1.924739820490905251e-01
3.676549951062896837e-01
1.787121438906484616e-01
3.424156474141951123e-01
1.737893257611012321e-01
3.288720151114339352e-01
1.611899883517632359e-01
3.143886172811170554e-01
1.511069889036293912e-01
3.017213061096105098e-01
1.471384144161231589e-01
2.872452382549380845e-01
1.438464401633569312e-01
2.726166112851496348e-01
1.335773496206723865e-01
2.588064494409211269e-01
1.276441362814477454e-01
2.549548218684193346e-01
1.246180615749143128e-01
2.445346801997859143e-01
1.164409334789858474e-01
2.365016551881632401e-01
1.157082221129385885e-01
2.246489051433941675e-01
1.066568457998458563e-01
2.108768254720654323e-01
1.032490943100291825e-01
2.022388702991713416e-01
9.896848786635288608e-02
2.012445497277000894e-01
9.928989907917759594e-02
1.942582610509834273e-01
9.564420343709896521e-02
1.866753639484066973e-01
8.811270150056822736e-02
1.784269147643381681e-01
