3.565692563254486304e+05
9.079887148703701678e+04
1.195330060112496994e+03
5.357137740538062189e+02
9.597830291094887798e+02
4.104400578552346701e+02
6.935336212768507949e+02
4.114352218666480212e+02
9.165727885216019786e+02
4.535675430351069508e+02
8.931764139062869390e+02
3.792734665770184392e+02
6.154425497844672464e+02
3.363053741869405258e+02
7.189555456671103002e+02
3.447514685123367144e+02
6.434062166138332941e+02
3.144102429736294084e+02
6.046831963772430072e+02
3.611107306371214918e+02
8.204036411524997447e+02
3.393723395004341228e+02
5.482773134004503390e+02
2.552162350094412488e+02
4.879242028817702135e+02
2.565713399174559868e+02
5.439601630097447469e+02
2.693376562206873928e+02
5.468972934429041288e+02
3.030921388056518140e+02
6.428048239608041285e+02
2.822279684592221543e+02
4.988494640364795032e+02
2.621173233616131029e+02
5.518174307394674543e+02
2.107882296164668503e+02
2.656502635647664761e+02
1.242407136778134173e+02
2.290363110534865427e+02
1.297319736049409471e+02
2.967867450897929302e+02
1.514803998810199062e+02
3.190010425228262534e+02
1.383228291654925215e+02
2.497958400676216115e+02
1.537379609095589785e+02
3.645489323853728365e+02
1.395556199689083030e+02
2.063904483413908224e+02
