6.248591091204495740e+00
1.605863935759350047e+00
2.666347052780624893e-01
1.377636411133635885e-01
2.736651603130190180e-01
1.357819324972821262e-01
2.685121830261322229e-01
1.328470196150652316e-01
2.511424035734532989e-01
1.298492921311980852e-01
2.622617929492204736e-01
1.310991394791700682e-01
2.661480359777058657e-01
1.524388819098878578e-01
3.420464592556304306e-01
1.569234691046433594e-01
2.984409448040046264e-01
1.514948732154139110e-01
3.034254513015064436e-01
1.726289043949143232e-01
3.830325461941773701e-01
1.722681656148045692e-01
3.214955179931620055e-01
1.624663707947179014e-01
3.304517767520743221e-01
1.580789975338319775e-01
3.165989388619355749e-01
1.681978396325806979e-01
3.731316793675181764e-01
1.923427271528897753e-01
3.878256050203077732e-01
1.923361396029600601e-01
3.925695385311455676e-01
1.938091198489123035e-01
3.971867701648961746e-01
2.011718379206205998e-01
4.342411606437346916e-01
2.344061217002333941e-01
5.385611209045364500e-01
2.809992969604270807e-01
5.687806928151382113e-01
2.682419520496462373e-01
5.056288318643771262e-01
2.906105222460662052e-01
6.783960960075975377e-01
3.953564086252178145e-01
8.788021534558897452e-01
1.135039030763604684e+00
3.818248470740144285e+00
