2.950572262169730493e+03
7.621664465230207952e+02
4.669617648491675155e+00
5.253067984358224862e+00
1.632606054277340135e+01
6.909275970846660897e+00
1.170210433411273598e+01
4.574551650974950867e+00
6.896029989808468486e+00
2.320920510423271299e+00
2.295253842332970695e+00
1.138536183559664794e+00
2.359480159923384779e+00
1.148558369825282144e+00
2.304059244447689281e+00
2.873692081159600509e+00
9.460365177674416870e+00
3.970816255799692218e+00
6.866487314811003273e+00
2.358994822413252646e+00
2.348507801294859476e+00
5.730392662231073020e-01
1.246966456885119888e-02
1.149768550488754704e+00
4.718407107796327438e+00
2.279611700378013861e+00
4.715635809006029078e+00
1.771093700840082663e+00
2.301742357474383383e+00
1.177355412161176673e+00
2.319827065401188992e+00
1.708227386706869133e+00
4.653583018476622257e+00
1.713875541315340589e+00
2.347038283418519722e+00
5.678837945224730621e-01
1.208490595722260322e-02
1.183954982725054193e-02
1.268826024387951536e-02
1.235556684590079050e-02
1.189527951773795660e-02
1.185799584975513569e-02
1.266933795411351663e-02
5.853654233665066542e-01
2.315517666056555957e+00
5.741002661304727139e-01
1.246935808755067314e-02
5.760593428905677049e-01
2.365433288975526072e+00
