1.627068296794202524e+02
4.047085133757209974e+01
3.039086046635292374e-02
1.464567158935632489e-02
2.815411330663374068e-02
1.395673827810654279e-02
2.719919706204805554e-02
1.306114710544354664e-02
2.488804514855780595e-02
1.211769749770963238e-02
2.426281871331321255e-02
1.170003325485985922e-02
2.222807632247535137e-02
1.083541525972046490e-02
2.188106548476856025e-02
1.023290746006128710e-02
2.020623648645258202e-02
9.869066925309158411e-03
1.909011584205671727e-02
9.260269003416581046e-03
1.830871729390919425e-02
9.182432738577932241e-03
1.760192349914866533e-02
8.600660397806533797e-03
1.664578517849897923e-02
8.015187724897027827e-03
1.616655684588216846e-02
7.708825436103835214e-03
1.516761809848329867e-02
7.384627875118059126e-03
1.464361378540178851e-02
7.111210148915179420e-03
1.381859491924324924e-02
6.912328302943836385e-03
1.323766262365544573e-02
6.560277852257921996e-03
1.268470650142187843e-02
6.136920509224476523e-03
1.202779666647400478e-02
6.154111340598586964e-03
1.166289051663326436e-02
5.870801530308013792e-03
1.115282412226030299e-02
5.670976171465179176e-03
1.075248827649361895e-02
5.361479459386206750e-03
1.037189295375417521e-02
5.052365454724301250e-03
1.028514836117652362e-02
