9.581065061760092594e-02
2.521715243898789774e-02
2.674150937917354597e-03
1.566492329581481522e-03
3.511983348475006001e-03
1.523434653454750322e-03
2.646882764114824940e-03
1.107954009853834515e-03
1.741247151904102598e-03
8.630442937334524773e-04
1.734056679729683225e-03
1.512781502582582257e-03
4.467989014284327529e-03
4.160498936317588888e-03
1.230933010189731551e-02
4.602599473617174745e-03
6.227581381275434230e-03
2.411612112451918914e-03
3.492812677654908403e-03
2.418818532627433140e-03
6.183259404143583160e-03
3.053902778255780399e-03
6.204923153652446011e-03
3.271923984259499790e-03
7.161765428938847607e-03
3.358675365684190162e-03
6.225938000693412647e-03
3.903496161027940770e-03
9.620270064717530156e-03
4.901243996750522837e-03
9.589450635353085478e-03
5.670674081282906301e-03
1.300277895562018150e-02
6.366400920917171004e-03
1.212208006883828439e-02
5.659485017771781132e-03
1.078497166501326925e-02
9.407685761622423815e-03
2.682847704950742235e-02
1.366333815010019326e-02
2.863090377263777589e-02
1.882938638394756128e-02
4.726331022626745898e-02
3.129249482184370823e-02
8.056913156918099617e-02
6.309429470057426048e-02
1.723963306646733584e-01
3.282157260837013535e+00
1.289084013809164908e+01
