3.273214698589401728e-01
8.617879469055500508e-02
1.516892103358388928e-02
7.095460084934023838e-03
1.303314164023641926e-02
6.472079362035461012e-03
1.290983852082815304e-02
6.827910943671687202e-03
1.458917462324451839e-02
7.520167726915293928e-03
1.630209808414138234e-02
8.448312556572957349e-03
1.782797463618407408e-02
9.626596095357471336e-03
1.989433167306599998e-02
9.392717419186924835e-03
1.703238107399238782e-02
8.759869527587359206e-03
1.880694967320486327e-02
9.999132440863655463e-03
2.200365383700505009e-02
1.280941450131417234e-02
2.882616239436367953e-02
1.295879206807177067e-02
2.295599544535907241e-02
1.339297545131749173e-02
3.001029576862260934e-02
1.692116513280004370e-02
3.638030173017457736e-02
1.753569012701276450e-02
3.515284809023668661e-02
1.838726457441744108e-02
4.088583756248796025e-02
2.092357213152211404e-02
4.473347217424619715e-02
2.608760471491392008e-02
5.795706228913918845e-02
3.100505771654226556e-02
6.455078630914885818e-02
3.923105077761109005e-02
9.240729381066006831e-02
5.803360490610933592e-02
1.436727028651305638e-01
8.465428011582588896e-02
2.026004554145129644e-01
1.631851430760052901e-01
4.541164044260611599e-01
2.935237614958897900e+00
1.121015693301538896e+01
