1.627474762027566976e+04
4.002668332358623047e+03
6.598132801284087634e+01
3.743804869520663203e+01
8.547334845923967350e+01
3.701159311584924438e+01
6.205126046995618339e+01
3.350845644800742207e+01
6.909999120367420744e+01
3.254429169471298877e+01
6.008889517635811472e+01
2.898131550071349594e+01
5.328360940025442716e+01
2.676621024106052715e+01
5.470183427045385116e+01
2.660191236096639145e+01
4.858075019358678048e+01
2.308616382984629922e+01
4.142255221796516906e+01
1.998509132244644348e+01
3.836326837153215052e+01
2.443363869342829986e+01
5.700319943850607984e+01
2.531976952863022845e+01
4.408363431421610557e+01
1.933668967757267865e+01
3.123911316337930444e+01
1.966174506930540034e+01
4.680143668339447771e+01
2.157999701922753744e+01
3.770782553522544589e+01
1.710354071759156014e+01
3.084641197110554245e+01
1.375110371590414537e+01
2.435277687077927666e+01
9.805883276557819883e+00
1.554601647665255904e+01
7.862159292516584408e+00
1.577553939133412797e+01
9.622399723158823193e+00
2.269909523804542673e+01
8.976482966561075472e+00
1.307464551762120664e+01
7.918956805913770935e+00
1.744840256434296677e+01
1.380442800125418756e+01
3.700978505768780025e+01
3.254034876078997485e+01
8.997125125643152899e+01
