2.565700830471734662e+04
6.357766034869075156e+03
4.063103017149847318e+01
1.860606710079840553e+01
3.410855125266500210e+01
2.037602653639738293e+01
4.781283943485371424e+01
2.400368196299172041e+01
4.779313593105285918e+01
2.237503612382919727e+01
4.295146355608787303e+01
2.103724865248437581e+01
3.996523402776428924e+01
1.848162149860010217e+01
3.403783906617741195e+01
1.546028609788339914e+01
2.714366563910025576e+01
1.274566772400538994e+01
2.460296505581100490e+01
9.784221944160293560e+00
1.587676204154865367e+01
1.323922844271593391e+01
3.679876874219211658e+01
1.545185395630846337e+01
2.557959384499949351e+01
8.996423352644663751e+00
1.007260652112999644e+01
7.419907484533247555e+00
2.028102250129651907e+01
8.631626534412067286e+00
1.420798420649852645e+01
7.041947171552733309e+00
1.443309939916396800e+01
6.073733201384417413e+00
1.016750584291409787e+01
5.675250507344149931e+00
1.263110226993211604e+01
6.097591003149091193e+00
1.157265799313958610e+01
5.606021169785015523e+00
1.143693236692651105e+01
5.998033986504610837e+00
1.262016161052941143e+01
5.618477050583757126e+00
1.013420581092368167e+01
5.368534750707254943e+00
1.120378749888406134e+01
1.136275629915592766e+01
3.377911252707445300e+01
