1.540865302085876465e-01
1.404216736555099487e-01
1.841088384389877319e-01
8.105374127626419067e-02
1.948224194347858429e-02
6.494080647826194763e-03
3.896448388695716858e-02
6.494080647826194763e-03
1.298816129565238953e-02
1.948224194347858429e-02
1.298816129565238953e-02
6.494080647826194763e-03
2.352823130786418915e-02
6.494080647826194763e-03
6.494080647826194763e-03
1.298816129565238953e-02
6.494080647826194763e-03
0.000000000000000000e+00
0.000000000000000000e+00
0.000000000000000000e+00
1.703415066003799438e-02
6.494080647826194763e-03
5.262932181358337402e-02
0.000000000000000000e+00
2.352823130786418915e-02
6.494080647826194763e-03
0.000000000000000000e+00
0.000000000000000000e+00
0.000000000000000000e+00
1.703415066003799438e-02
0.000000000000000000e+00
0.000000000000000000e+00
0.000000000000000000e+00
0.000000000000000000e+00
0.000000000000000000e+00
0.000000000000000000e+00
0.000000000000000000e+00
0.000000000000000000e+00
0.000000000000000000e+00
0.000000000000000000e+00
6.494080647826194763e-03
6.494080647826194763e-03
0.000000000000000000e+00
0.000000000000000000e+00
6.494080647826194763e-03
0.000000000000000000e+00
0.000000000000000000e+00
0.000000000000000000e+00
1.703415066003799438e-02
0.000000000000000000e+00
0.000000000000000000e+00
0.000000000000000000e+00
0.000000000000000000e+00
0.000000000000000000e+00
0.000000000000000000e+00
0.000000000000000000e+00
0.000000000000000000e+00
0.000000000000000000e+00
0.000000000000000000e+00
3.559517115354537964e-02
0.000000000000000000e+00
0.000000000000000000e+00
0.000000000000000000e+00
0.000000000000000000e+00
1.298816129565238953e-02
0.000000000000000000e+00
0.000000000000000000e+00
0.000000000000000000e+00
0.000000000000000000e+00
0.000000000000000000e+00
0.000000000000000000e+00
0.000000000000000000e+00
0.000000000000000000e+00
0.000000000000000000e+00
0.000000000000000000e+00
3.559517115354537964e-02
0.000000000000000000e+00
0.000000000000000000e+00
0.000000000000000000e+00
0.000000000000000000e+00
0.000000000000000000e+00
0.000000000000000000e+00
0.000000000000000000e+00
0.000000000000000000e+00
0.000000000000000000e+00
0.000000000000000000e+00
0.000000000000000000e+00
0.000000000000000000e+00
0.000000000000000000e+00
0.000000000000000000e+00
0.000000000000000000e+00
0.000000000000000000e+00
0.000000000000000000e+00
1.703415066003799438e-02
0.000000000000000000e+00
0.000000000000000000e+00
0.000000000000000000e+00
0.000000000000000000e+00
0.000000000000000000e+00
