2.176447957754135132e-02
3.645103890448808670e-03
1.769057416822761297e-05
2.112141191901173443e-05
4.251101563568226993e-05
2.138960371667053550e-05
3.616584464907646179e-03
3.627412952482700348e-03
1.056070595950586721e-05
1.425973550794878975e-05
1.799446879886090755e-03
3.623714204877614975e-03
1.802877755835652351e-03
1.824267324991524220e-03
1.056070595950586721e-05
2.138960371667053550e-05
1.820836449041962624e-03
7.129867753974394873e-06
1.769057416822761297e-05
7.129867753974394873e-06
1.810007612220942974e-03
1.425973550794878975e-05
0.000000000000000000e+00
1.056070595950586721e-05
1.425973550794878975e-05
3.564934013411402702e-05
1.817137468606233597e-03
2.482044146745465696e-05
7.129867753974394873e-06
1.820836332626640797e-03
1.813706476241350174e-03
3.538114833645522594e-05
1.835096161812543869e-03
2.138960371667053550e-05
3.564934013411402702e-05
1.425973550794878975e-05
1.056070595950586721e-05
4.277921107131987810e-05
1.769057416822761297e-05
5.703894566977396607e-05
1.849087770096957684e-03
1.849355990998446941e-03
3.613153239712119102e-03
6.416881660697981715e-05
3.663062583655118942e-03
5.479931831359863281e-03
5.536971148103475571e-03
9.146424941718578339e-03
1.136709451675415039e-01
8.019725084304809570e-01
