8.916629012674093246e-04
6.369021139107644558e-04
4.458314506337046623e-04
5.732119316235184669e-04
2.547608455643057823e-04
4.458314797375351191e-04
7.005922961980104446e-04
6.369020557031035423e-04
5.095216911286115646e-04
4.458314797375351191e-04
6.369020557031035423e-04
3.821412683464586735e-04
3.184510569553822279e-04
7.005922961980104446e-04
7.005922961980104446e-04
9.553531417623162270e-04
8.279727771878242493e-04
5.095216911286115646e-04
3.821412392426282167e-04
8.279727771878242493e-04
3.184510278515517712e-04
5.732119316235184669e-04
3.821412683464586735e-04
9.553531417623162270e-04
6.369020557031035423e-04
7.642825366929173470e-04
5.732119316235184669e-04
8.916629594750702381e-04
1.019043382257223129e-03
1.273804227821528912e-03
1.655945321545004845e-03
1.592255197465419769e-03
1.337494468316435814e-03
1.783325918950140476e-03
1.464874832890927792e-03
2.802369184792041779e-03
1.974396407604217529e-03
3.120820270851254463e-03
4.076173063367605209e-03
3.120820270851254463e-03
3.757722210139036179e-03
6.114260293543338776e-03
4.649385809898376465e-03
6.751162465661764145e-03
7.260683923959732056e-03
1.031781360507011414e-02
1.503088884055614471e-02
2.413858845829963684e-02
3.834150731563568115e-02
8.415387868881225586e-01
