1.044083619490265846e-03
1.276102149859070778e-03
1.392111531458795071e-03
1.392111415043473244e-03
1.392111415043473244e-03
6.960557075217366219e-04
1.856148592196404934e-03
1.160092884674668312e-03
1.624129945412278175e-03
1.392111415043473244e-03
4.640371771529316902e-04
1.508120680227875710e-03
1.508120680227875710e-03
1.276102149859070778e-03
1.624130061827600002e-03
1.392111415043473244e-03
6.960557075217366219e-04
5.800464423373341560e-04
2.088167006149888039e-03
1.740139443427324295e-03
2.088167238980531693e-03
1.508120796643197536e-03
1.972157973796129227e-03
9.280742378905415535e-04
1.856148592196404934e-03
1.392111531458795071e-03
2.320185536518692970e-03
2.436194801703095436e-03
2.088167238980531693e-03
1.276102149859070778e-03
1.276102149859070778e-03
2.436195034533739090e-03
3.248259890824556351e-03
2.320185769349336624e-03
2.900232095271348953e-03
4.640371073037385941e-03
4.640371538698673248e-03
6.612529512494802475e-03
4.292343277484178543e-03
7.308584637939929962e-03
5.684454925358295441e-03
9.976798668503761292e-03
7.888631895184516907e-03
1.310904882848262787e-02
1.392111368477344513e-02
1.450116001069545746e-02
2.192575484514236450e-02
4.002320766448974609e-02
6.809744983911514282e-02
7.212296724319458008e-01
