6.396849713831617009e+03
1.601124397774151021e+03
1.160990969292486419e+01
5.593851053342594248e+00
1.156073680968153106e+01
6.188884396072207750e+00
1.393340328400035766e+01
6.370563147069681520e+00
1.128055282443669860e+01
6.156696664172188527e+00
1.363481530125472396e+01
5.794005637222597649e+00
9.123343132886004625e+00
5.706079842183817696e+00
1.397790805132056846e+01
1.054817319644996942e+01
2.745800085402659718e+01
1.097762792516955876e+01
1.638488264598694144e+01
1.034007964930375501e+01
2.511567681026087229e+01
6.736308344038478779e+00
2.260218573120097663e+00
1.731794501952712562e+00
4.575193640365011305e+00
3.462525256333947699e+00
9.130441096964442949e+00
4.034411572367305077e+00
6.869069886073032372e+00
5.107843329163073598e+00
1.390012103464911775e+01
7.431688182663031661e+00
1.622185208574388682e+01
6.296079286104915518e+00
8.986377638405951274e+00
5.726614168128890014e+00
1.373177792601968328e+01
6.956358916367272549e+00
1.394110195996217705e+01
9.183592556564640574e+00
2.262450577773745053e+01
1.266218292674630774e+01
2.749068934672893505e+01
1.232046855872127544e+01
2.310756250333632522e+01
1.852144918491456238e+01
4.976694520115778886e+01
3.806691139186309414e+01
9.679102217887209747e+01
