2.049609922613549173e+01
1.939714707517401979e-02
1.067660404149263671e-02
6.913240354500496850e-03
4.902889768139810124e-03
3.683981576071300272e-03
2.878461091411418059e-03
2.313890782956239643e-03
1.901626303564058450e-03
1.589550471728239491e-03
1.347086873878465194e-03
1.155241473652970788e-03
1.000197593957674906e-03
8.730388690168668477e-04
7.678111056409997167e-04
6.793913292955214072e-04
6.043931552547903048e-04
5.405158175598434849e-04
4.854303105863025727e-04
4.376141610347523340e-04
3.960624669570123133e-04
3.595577247383857189e-04
3.273337604631585004e-04
2.989154557870445203e-04
2.735981468999924469e-04
2.509624654197044856e-04
2.307738257547005466e-04
2.125923530371679403e-04
1.961727081606505268e-04
1.813978648295619931e-04
1.679760661562803702e-04
1.557566740977575442e-04
1.446825454104994058e-04
1.345511960829497426e-04
1.252660127962114270e-04
1.168017014128844478e-04
1.090123227084209995e-04
1.018337530054752468e-04
9.525785703619580886e-05
8.917610845726868009e-05
8.354491812951081204e-05
7.836513230779640490e-05
7.355425984365655465e-05
6.908170464926395820e-05
6.495316608755587174e-05
6.110460931457106445e-05
5.751414625189212623e-05
5.418977190413162945e-05
5.108088630788634835e-05
