5.227626943123135561e+02
1.294993445599679376e+02
2.217153790103363331e+00
1.130144193989351731e+00
2.206480518062054141e+00
1.130484013098912222e+00
2.273200466160946398e+00
1.111512275526417293e+00
2.224355263610483302e+00
1.130094015476021951e+00
2.223244373451333633e+00
1.104642576850166868e+00
2.244255225368995355e+00
1.117599217657044619e+00
2.188918176485437961e+00
1.129552536592324019e+00
2.255673973862571735e+00
2.233560183379335484e+00
6.738218663943371212e+00
1.720123210070264808e+00
2.619649541247496410e-03
1.095434304807233028e+00
4.437648500996435708e+00
2.246121533097541256e+00
4.530332169478104021e+00
1.638283970139543078e+00
2.273517805556465099e+00
1.125137897415976251e+00
2.249041397647102869e+00
1.107468582950345670e+00
2.232533135532269064e+00
1.706272506017548984e+00
4.517789677437621165e+00
1.700647909447019268e+00
2.276321996223463540e+00
1.135842328756763830e+00
2.192603428270954335e+00
2.186881354222864005e+00
6.780580230889919235e+00
1.713919367107910929e+00
2.498085274624238863e-03
1.144830372180571709e+00
4.504069580139878681e+00
3.390018420164026658e+00
9.097772491262711370e+00
4.412996899180442689e+00
8.786517831181003046e+00
1.342344476163338918e+01
4.401831791965081209e+01
