1.093305279345620079e-01
2.667216083849357697e-02
1.089248036203775482e-05
1.085696151379468464e-05
1.145269304953250181e-05
1.119194562249743032e-05
1.126217488709230583e-05
1.488612779081318824e-03
5.930100381834794467e-03
1.507518860206974020e-03
1.160266311757897988e-05
2.930303808284686132e-03
1.200795790331998791e-02
2.905915336954480611e-03
1.173109069065818114e-05
1.121040405287991238e-05
1.091181342210869810e-05
1.179852991315187827e-05
1.160934504067507496e-05
1.190219628658893568e-05
1.125647258976357238e-05
1.459311276943381667e-03
5.975245024388171726e-03
1.493946377765675631e-03
1.111345007934544148e-05
1.459112656567583327e-03
5.990831787040108714e-03
1.499100352276029049e-03
1.100989540624380392e-05
1.116893932441461230e-05
1.194358927663220416e-05
1.118982604550185297e-05
1.110882885028657972e-05
1.449998659859044877e-03
5.992686764803877020e-03
1.451484719583740314e-03
1.133990629985306777e-05
3.012996906176884388e-03
1.181613876618382505e-02
8.754628922059012885e-03
2.339612501804853514e-02
1.326890640045427089e-02
2.992355671882271362e-02
2.211275037798851248e-02
5.840166639068757742e-02
9.186477156411433642e-02
2.994668265904962823e-01
6.519506004072646022e-01
2.231439583269907878e+00
