9.437380136575194456e+02
1.907951793931509314e+02
9.555270522891490259e+01
6.577004187760033460e+01
3.877950798288601675e+01
2.916218948678261924e+01
2.388817630722872565e+01
1.892439859304404237e+01
1.582203953866167367e+01
1.706298433393203950e+01
1.147873275521539682e+01
9.617317029206622792e+00
8.066137502015440219e+00
9.307081563837417804e+00
1.023778942684180571e+01
5.274012446105505347e+00
7.135429639011052316e+00
5.274012446105505347e+00
6.204721042558278832e+00
5.584248644923095917e+00
5.584248644923095917e+00
3.102360521279139416e+00
4.653540781918708902e+00
3.102360521279139416e+00
4.653540781918708902e+00
4.653540781918708902e+00
1.551180260639569708e+00
2.171652291550558722e+00
1.240944153503026781e+00
3.722832552190128652e+00
2.481888490368150180e+00
2.171652291550558722e+00
4.033068384283526875e+00
1.551180260639569708e+00
3.722832552190128652e+00
3.102360383757566953e-01
1.551180260639569708e+00
1.551180260639569708e+00
6.204720767515133906e-01
9.307081380475321630e-01
3.102360383757566953e-01
9.307081380475321630e-01
3.102360383757566953e-01
3.102360383757566953e-01
2.959031036568806061e-01
4.677428800167810485e-01
6.252497216578053463e-01
7.827565632988298105e-01
9.307081380475321630e-01
