4.821214091579273386e+00
1.181459848316501970e+00
4.199389994656653577e-04
4.150592356488392123e-04
4.181822103405484340e-04
4.124884558370915688e-04
4.018315600180812877e-04
1.668189448134798913e-01
6.620463181722869850e-01
2.178123973776533995e-01
2.226963236788065403e-01
1.079672452587934206e-01
2.163286828516521598e-01
5.389544389356970555e-02
4.121975742594273886e-04
4.301632046225041701e-04
4.178446486128199809e-04
1.636317879283588350e-01
6.534208568894995794e-01
2.126575353888562891e-01
2.133502987568214326e-01
5.541757126001410627e-02
4.121927055520636864e-04
5.363784489013363049e-02
2.223695011725790038e-01
1.646538875145027725e-01
4.422875135018176640e-01
3.271937407454655888e-01
8.726208517421811806e-01
3.226150849243197838e-01
4.449385548179541905e-01
3.859542722680173177e-01
1.111941912070678384e+00
6.440333868446693755e-01
1.522658727007581314e+00
1.005402977688562238e+00
2.365945524516996468e+00
1.442272383408061076e+00
3.542690277372977370e+00
1.818607839645998370e+00
3.731746501438449215e+00
2.341786117014730273e+00
5.876793741352351219e+00
3.230676114586823910e+00
7.090772112611468891e+00
5.488473030330671243e+00
1.430422171718336521e+01
1.743739711239213008e+01
5.597973469486424136e+01
