2.170532010495662689e-03
3.704013652168214321e-04
9.394428925588726997e-04
5.147767369635403156e-04
3.831461363006383181e-04
2.696883166208863258e-04
2.776487381197512150e-04
7.408027158817276359e-05
3.687585704028606415e-04
7.252719951793551445e-04
1.215277588926255703e-04
4.162060504313558340e-04
2.963210572488605976e-04
1.625481236260384321e-04
1.503029052400961518e-04
1.337729627266526222e-04
5.957836983725428581e-04
2.781483635772019625e-04
1.316305861109867692e-04
2.078532270388677716e-04
2.553007216192781925e-04
3.666161792352795601e-04
3.399834095034748316e-04
2.222408074885606766e-04
2.057108504232019186e-04
4.428388201631605625e-04
1.934656465891748667e-04
1.460181665606796741e-04
4.716140101663768291e-04
4.263088630978018045e-04
2.057108504232019186e-04
6.181317148730158806e-04
6.240592920221388340e-04
2.057108504232019186e-04
6.821092101745307446e-04
4.758987633977085352e-04
2.840758534148335457e-04
4.071369767189025879e-04
4.178488452453166246e-04
1.089745666831731796e-03
8.815024048089981079e-04
1.025877776555716991e-03
8.644728804938495159e-04
1.353116473183035851e-03
1.440975232981145382e-03
3.661951981484889984e-03
7.476849015802145004e-03
1.087339781224727631e-02
1.986276917159557343e-02
9.358907341957092285e-01
