7.567326538264751434e-04
2.225684147560968995e-04
8.902736590243875980e-05
1.335410488536581397e-04
8.902736590243875980e-05
2.225684147560968995e-04
8.902736590243875980e-05
4.451368295121937990e-05
8.902736590243875980e-05
2.225684147560968995e-04
1.335410488536581397e-04
1.780547318048775196e-04
1.780547318048775196e-04
8.902736590243875980e-05
1.335410488536581397e-04
8.902736590243875980e-05
2.225684293080121279e-04
0.000000000000000000e+00
4.451368295121937990e-05
1.335410488536581397e-04
2.225684147560968995e-04
4.451368295121937990e-05
8.902736590243875980e-05
1.335410488536581397e-04
8.902736590243875980e-05
1.335410488536581397e-04
1.335410488536581397e-04
4.451368295121937990e-05
1.335410488536581397e-04
8.902736590243875980e-05
8.902736590243875980e-05
8.902736590243875980e-05
3.115957952104508877e-04
8.902736590243875980e-05
2.225684147560968995e-04
2.225684147560968995e-04
2.225684147560968995e-04
8.902736590243875980e-05
3.115957952104508877e-04
2.225684147560968995e-04
5.786778638139367104e-04
4.896505270153284073e-04
6.231916486285626888e-04
7.122189854271709919e-04
4.451368586160242558e-04
7.567325956188142300e-04
1.602492528036236763e-03
2.225684467703104019e-03
4.762964323163032532e-03
9.816603660583496094e-01
