7.103481888771057129e-01
3.161967918276786804e-02
1.282605342566967010e-02
1.348462700843811035e-02
1.519924867898225784e-02
1.714620972052216530e-03
9.396811947226524353e-03
9.396811947226524353e-03
0.000000000000000000e+00
0.000000000000000000e+00
6.209496408700942993e-03
0.000000000000000000e+00
3.429241944104433060e-03
1.560630928725004196e-02
0.000000000000000000e+00
1.714620972052216530e-03
2.050824649631977081e-02
3.429241944104433060e-03
9.396811947226524353e-03
3.429241944104433060e-03
0.000000000000000000e+00
0.000000000000000000e+00
9.396811947226524353e-03
4.494875669479370117e-03
1.389168761670589447e-02
0.000000000000000000e+00
1.714620972052216530e-03
0.000000000000000000e+00
0.000000000000000000e+00
0.000000000000000000e+00
0.000000000000000000e+00
0.000000000000000000e+00
1.714620972052216530e-03
9.396811947226524353e-03
0.000000000000000000e+00
0.000000000000000000e+00
1.714620972052216530e-03
1.111143268644809723e-02
9.396811947226524353e-03
4.494875669479370117e-03
0.000000000000000000e+00
1.389168761670589447e-02
0.000000000000000000e+00
9.396811947226524353e-03
0.000000000000000000e+00
0.000000000000000000e+00
0.000000000000000000e+00
9.396811947226524353e-03
4.494875669479370117e-03
2.778337709605693817e-02
