6.176815032958984375e-01
5.093676596879959106e-02
3.044496476650238037e-02
3.103044629096984863e-02
1.522248238325119019e-02
1.756440289318561554e-02
8.782201446592807770e-03
9.367682039737701416e-03
8.782201446592807770e-03
4.683840554207563400e-03
6.440280936658382416e-03
8.196720853447914124e-03
1.756440149620175362e-03
7.611241191625595093e-03
2.927400404587388039e-03
4.683841019868850708e-03
7.025761064141988754e-03
3.512880299240350723e-03
4.098360426723957062e-03
4.098360426723957062e-03
5.269320681691169739e-03
4.098360426723957062e-03
4.098360426723957062e-03
4.683841019868850708e-03
4.683840554207563400e-03
2.341920509934425354e-03
1.170960138551890850e-03
3.512880299240350723e-03
1.170960138551890850e-03
4.098360892385244370e-03
3.512880532070994377e-03
4.098360426723957062e-03
1.756440149620175362e-03
2.927400637418031693e-03
3.512880764901638031e-03
4.098360426723957062e-03
4.098360426723957062e-03
4.683841019868850708e-03
4.683840554207563400e-03
4.098360426723957062e-03
5.854800809174776077e-03
4.098360426723957062e-03
3.512880764901638031e-03
1.170960138551890850e-03
4.098360426723957062e-03
3.512880764901638031e-03
7.611241191625595093e-03
8.196720853447914124e-03
9.367681108415126801e-03
3.512880578637123108e-02
