7.766989991068840027e-03
0.000000000000000000e+00
5.825242493301630020e-03
1.941747497767210007e-03
1.941747497767210007e-03
0.000000000000000000e+00
0.000000000000000000e+00
0.000000000000000000e+00
1.941747497767210007e-03
3.883494995534420013e-03
0.000000000000000000e+00
1.941747497767210007e-03
0.000000000000000000e+00
0.000000000000000000e+00
0.000000000000000000e+00
0.000000000000000000e+00
3.883494995534420013e-03
1.941747497767210007e-03
0.000000000000000000e+00
0.000000000000000000e+00
0.000000000000000000e+00
1.941747497767210007e-03
1.941747497767210007e-03
0.000000000000000000e+00
0.000000000000000000e+00
1.941747497767210007e-03
0.000000000000000000e+00
0.000000000000000000e+00
1.941747497767210007e-03
1.941747497767210007e-03
0.000000000000000000e+00
3.883494995534420013e-03
1.941747497767210007e-03
0.000000000000000000e+00
3.883494995534420013e-03
1.941747497767210007e-03
0.000000000000000000e+00
0.000000000000000000e+00
0.000000000000000000e+00
5.825242493301630020e-03
1.941747497767210007e-03
3.883494995534420013e-03
0.000000000000000000e+00
3.883494995534420013e-03
3.883494995534420013e-03
2.330096997320652008e-02
4.854369163513183594e-02
7.184465229511260986e-02
1.203883364796638489e-01
6.640776991844177246e-01
