1.633862650318343913e+04
4.085742075491793003e+03
4.074840040186978740e+01
1.663052631978296247e+01
2.669751711796321914e+01
1.598163732680812288e+01
3.540200112154313672e+01
1.906911624892834922e+01
3.955893778011322581e+01
1.731200355472941155e+01
2.917276756337506072e+01
1.867223242158781105e+01
4.703038778104341588e+01
2.309609835695263769e+01
4.722343660726878056e+01
1.895895184147278201e+01
2.694692933796412149e+01
1.185904001674048835e+01
2.029665771291973186e+01
1.403770057216597777e+01
3.554926590073560533e+01
1.770762633892217153e+01
3.530196797320444091e+01
1.532969771680916260e+01
2.681393502718874799e+01
1.547528379662962550e+01
3.432082230947924018e+01
1.612003378774651097e+01
3.188339958416453612e+01
1.847834360231330209e+01
4.240644521893339913e+01
1.636399917232096612e+01
2.204570463856004991e+01
1.463202943568959036e+01
3.583149591833834791e+01
1.542487464788820084e+01
2.653607465593992742e+01
1.686767536865829697e+01
4.048321773902567600e+01
2.100745675841275784e+01
4.495568059740688227e+01
2.276578377547448184e+01
4.490108673522546923e+01
2.591101440952863655e+01
5.926204946058832945e+01
2.703334359499748274e+01
5.042039269559251835e+01
4.306019341593732008e+01
1.277103353119324254e+02
