3.033838210688740933e+00
4.403727811028211869e-01
2.876184816959899138e-01
3.142330942847467723e-01
2.566930353243495611e-01
2.345812357869464237e-01
2.499881759110249846e-01
2.433235307622873822e-01
1.946775933178621076e-01
1.747769475810815043e-01
1.637521469462218104e-01
1.261264179568631072e-01
1.770192389760132379e-01
1.659633468994051175e-01
1.305309491301318570e-01
1.305309491301318570e-01
1.283778398667268783e-01
1.283911010358447236e-01
1.438204251518797050e-01
1.305131342416881723e-01
1.261085876842325260e-01
1.172817027571579213e-01
1.415959947979524014e-01
1.682458371747369286e-01
1.659990074446662800e-01
1.217575627130424581e-01
1.349757022600810707e-01
1.526962548696136901e-01
1.681612549150967584e-01
1.372714844729045480e-01
1.991355922327422423e-01
1.791769173429309525e-01
1.726727600320555611e-01
1.859755279912950754e-01
2.014405126525912193e-01
2.213141437571549963e-01
2.323124220537790552e-01
2.080918966322109764e-01
2.323343906726888508e-01
2.810878020468788319e-01
2.656136791785571605e-01
3.673681682383613256e-01
3.984317030717204888e-01
4.339710517084034436e-01
5.380263689943380889e-01
7.394179291641765905e-01
1.113989896765780641e+00
2.020097829513946674e+00
1.675760835207014665e+01
