2.568202841403654747e+04
6.330074998910726208e+03
3.502585060193723621e+01
1.489090475129239799e+01
2.447771135708743984e+01
1.690046187251175525e+01
4.247907850318961920e+01
1.776851981084615417e+01
3.070557355016407186e+01
1.156037806075359953e+01
1.559376437154227801e+01
1.024260478605028091e+01
2.622810310276264545e+01
1.363708649156265018e+01
2.853910757744553450e+01
1.313388433456093907e+01
2.294413654259238555e+01
1.021479075631145683e+01
1.903521980393664137e+01
1.096724665925759545e+01
2.611788406956911501e+01
1.324477226352182946e+01
2.666990820410245888e+01
1.150189451372596849e+01
1.825869608376912367e+01
1.122801336250601167e+01
2.780651334931021168e+01
1.067277981058628100e+01
1.605876715993220216e+01
8.867114251393317659e+00
2.040899509748921048e+01
9.161880209045236256e+00
1.737622130893381112e+01
8.460850802540450744e+00
1.685519543889136074e+01
1.115156670443415088e+01
2.782853678980565348e+01
1.139888025650677328e+01
1.890358288325446878e+01
9.163324393276988999e+00
1.835287085889753200e+01
1.064648816800540132e+01
2.332250981244927246e+01
9.888627925246009198e+00
1.748580174067628334e+01
1.030045150597160841e+01
2.422929180911247116e+01
1.904068030392788913e+01
4.921767449256095261e+01
