9.716943480128084013e-05
2.519288001914219509e-05
4.101344603812193773e-06
2.101401211813161115e-06
4.048165565245096577e-06
1.015371762264265496e-06
2.533798921136860508e-07
1.055600873478778167e-06
4.168522855966341337e-06
2.021010610545508652e-06
4.044325518617757221e-06
1.033862673341466698e-06
2.417144184556025025e-07
2.446547310320858393e-07
2.384200550986635900e-07
1.047792302772980854e-06
4.092391554475805987e-06
1.010761596348018679e-06
2.466164410433553032e-07
2.475899053956464774e-07
2.489869659175515736e-07
5.083845664651791832e-06
2.091189131701139535e-05
5.201738174230570294e-06
2.342383031678650128e-07
1.039037620976674107e-06
4.135523676223229138e-06
1.051793920650782192e-06
2.327295617198717447e-07
1.044367787159194807e-06
4.192633703880106476e-06
2.093226072277843591e-06
4.142918080658902813e-06
4.192473600346483952e-06
1.250021929296560938e-05
4.058678993282904899e-06
4.040284458626334532e-06
3.117783422574108591e-06
8.314371646812988389e-06
9.170558884993208233e-06
2.945601666505683370e-05
1.034025207070129660e-05
1.232584646739536947e-05
1.107518189087528109e-05
3.290528833603530932e-05
3.468066984561921204e-05
1.088657824784989149e-04
1.497773739020644146e-02
6.086291559309900401e-02
