3.337739414500915824e+00
8.700459581989319346e-01
1.312609970593851538e-01
6.564914827444279233e-02
1.348408467615558881e-01
5.737362354750012716e-02
1.013135882629180307e-01
5.875743376648229904e-02
1.353014548336407552e-01
6.486902376747114007e-02
1.224509859498856268e-01
6.924422363710876216e-02
1.529521366129119597e-01
7.155248925819655825e-02
1.351303444600044090e-01
7.187270802950460058e-02
1.510559136958058990e-01
8.097085735854067656e-02
1.720613981567594153e-01
8.786098475052957213e-02
1.779453426123877580e-01
9.424370241125132330e-02
2.018830759452863444e-01
1.065415741000335648e-01
2.261120189933785996e-01
1.168912944028833861e-01
2.547992110167932034e-01
1.327465438137344078e-01
2.730979050357712490e-01
1.389148187023785674e-01
2.844635139309399374e-01
1.608966060395023157e-01
3.577142108224767303e-01
1.953894243605427683e-01
4.216470482513569595e-01
2.286680399019807020e-01
4.716904946073066096e-01
2.495109970376314656e-01
5.352395534719517345e-01
3.035816352603056267e-01
6.685496032106302833e-01
3.679734981108426228e-01
8.346145309542760682e-01
5.071918194531803703e-01
1.178427360884109598e+00
7.681439667156562123e-01
2.013971149659450788e+00
2.551844727345927488e+00
8.149740518431533687e+00
