1.158392701687288172e+04
2.909340597149114274e+03
1.795195691600903487e+01
8.885818238041181871e+00
1.803838870698538699e+01
1.224744357065607048e+01
3.151432019040362320e+01
1.234528049045866460e+01
1.787680052324412472e+01
8.345907631388630676e+00
1.593286034935809781e+01
5.798423114405896861e+00
6.787579429814050158e+00
1.026742642910963532e+01
3.439572969467856467e+01
1.257371624463180204e+01
1.590187436951960720e+01
8.716520712257748826e+00
1.833662205515697607e+01
1.093747415222854080e+01
2.545827949761855180e+01
1.115104537242225113e+01
2.006008098549981611e+01
9.987168646137742911e+00
2.025707755537385069e+01
8.605810730108544249e+00
1.356840033082698227e+01
1.100019912659820420e+01
2.942827182212229076e+01
9.624650901390248592e+00
9.172345117254369740e+00
9.296469358614602996e+00
2.694088030591513316e+01
1.217991507312004273e+01
2.260518197197257706e+01
1.055804306825570826e+01
2.036449421599849430e+01
1.437021890823862336e+01
3.704984000414017231e+01
1.564193269371013884e+01
2.553118820226230667e+01
1.374420629686556694e+01
2.922446628747788822e+01
1.518128447211221932e+01
3.188198884704760516e+01
2.168769376988372954e+01
5.651353556556694002e+01
3.429336849707367207e+01
7.777499309943802075e+01
