1.815366906319793028e-02
4.676159393073735064e-03
6.028645739958889528e-04
2.826572118939151891e-04
4.967675363878875120e-04
3.294034496867448490e-04
8.250189223101857521e-04
3.838749916721530633e-04
6.848534877525785849e-04
3.169184396708959539e-04
5.691121827512122568e-04
3.338535601468534922e-04
7.265439222058417065e-04
3.987935649208829559e-04
8.124063669129890329e-04
3.487955481721044938e-04
5.646712827659892140e-04
4.119870193654668017e-04
1.093024907512974656e-03
5.021723846958086853e-04
8.508643610103378387e-04
4.524068584875078937e-04
9.960463461263630285e-04
6.405797116579085545e-04
1.630140623335802653e-03
8.129719159628108135e-04
1.651643375639315608e-03
7.312556862492839522e-04
1.318841944758062648e-03
7.916478828131313320e-04
1.855648132435432085e-03
1.157574775869489722e-03
2.909167523900501370e-03
1.500344577867140233e-03
2.974360520027706338e-03
1.618080255365592210e-03
3.266070187381814750e-03
1.785888415792751156e-03
3.838825931134873335e-03
2.439108423089352776e-03
5.675481513756048570e-03
3.324568738996743975e-03
7.216422653247850025e-03
4.684966755576270431e-03
1.086792155983281639e-02
9.274361098247651397e-03
2.699460260649570037e-02
1.587137858142589064e-01
5.959649021015909209e-01
