6.253256578929722309e-04
9.379885741509497166e-04
1.146430382505059242e-03
1.250651432201266289e-03
3.126628580503165722e-04
8.337675826624035835e-04
1.042209449224174023e-03
1.563314232043921947e-03
8.337675826624035835e-04
1.042209565639495850e-03
8.337675826624035835e-04
1.042209565639495850e-03
7.295466493815183640e-04
1.250651432201266289e-03
6.253256578929722309e-04
1.354872481897473335e-03
7.295466493815183640e-04
6.253256578929722309e-04
8.337675826624035835e-04
1.146430382505059242e-03
1.563314348459243774e-03
1.459093298763036728e-03
1.459093298763036728e-03
1.146430382505059242e-03
1.771756098605692387e-03
1.459093298763036728e-03
1.459093298763036728e-03
1.354872249066829681e-03
9.379885741509497166e-04
1.667535165324807167e-03
1.771756098605692387e-03
1.875977031886577606e-03
1.667535165324807167e-03
1.875977031886577606e-03
1.875977148301899433e-03
3.126628696918487549e-03
2.813965547829866409e-03
3.230849513784050941e-03
3.022407414391636848e-03
3.647733246907591820e-03
3.335070330649614334e-03
6.149035878479480743e-03
5.419489927589893341e-03
7.295466028153896332e-03
7.920791395008563995e-03
1.625846698880195618e-02
1.990620233118534088e-02
3.032829426229000092e-02
6.545075774192810059e-02
7.799896001815795898e-01
