4.528840846496774611e+04
1.167739442112823417e+04
1.062934386002226574e+02
5.131146101066462251e+01
1.032991397976880847e+02
5.301469802889119620e+01
1.105356859616691736e+02
5.733912888820960063e+01
1.164512746681935056e+02
4.832066331216290678e+01
7.900007874966814825e+01
4.252107419121868759e+01
8.798263370118435489e+01
4.985457640842990656e+01
1.083544591192932245e+02
4.722471633697062998e+01
8.622329724955513086e+01
4.133620777486233777e+01
7.816227877548482184e+01
2.802947337536877370e+01
3.458663446318750800e+01
2.136682198564646029e+01
5.027501146979365387e+01
2.644705631618781538e+01
5.478923120233952915e+01
2.314257506120251406e+01
3.719393695758549967e+01
1.728473428758249142e+01
3.183156598605727794e+01
1.805887267192703050e+01
4.233529857638600902e+01
2.083065235486306221e+01
4.064698868922667430e+01
1.921151027217429075e+01
3.638339084744395535e+01
1.753667561050666279e+01
3.439861637717297072e+01
1.848478206757048525e+01
4.015465919424317320e+01
1.763995874892913562e+01
3.196662522460640687e+01
1.570940646972227484e+01
3.057489580704215015e+01
1.498748122121563142e+01
2.818071936609793582e+01
1.435000525208748456e+01
2.873313720919395209e+01
1.458063490491761627e+01
3.078167739848666429e+01
