1.287175730555149755e+01
3.390090033608694764e+00
4.509109978583237255e-01
2.989824372494410132e-01
7.315087181840367325e-01
3.346035798619582113e-01
6.032316643690851521e-01
3.432995096313223304e-01
7.812734689477919270e-01
3.228233673451764707e-01
5.480849000814921324e-01
3.368736623295653931e-01
8.019137407605430035e-01
3.963107962639074722e-01
8.153861032047168278e-01
3.839135291736074374e-01
7.179219292173483202e-01
4.599429795331153037e-01
1.124098620050129727e+00
5.964781084803626454e-01
1.270022179018765351e+00
6.441990309058198694e-01
1.289569386968057341e+00
6.294560833960243240e-01
1.263438798179357558e+00
6.422375591803115569e-01
1.319534825631152097e+00
7.533614597663642609e-01
1.765130393780514950e+00
8.857809163672920594e-01
1.777551670018482133e+00
1.041878607513045285e+00
2.304759979266032932e+00
1.292787537751415972e+00
2.699713487431671943e+00
1.645592763441616979e+00
3.868863943424198037e+00
2.107597530899267380e+00
4.659844108597858359e+00
2.567458366852398921e+00
5.802973498553581244e+00
3.698075711940503663e+00
9.032044667595380716e+00
5.905747471435810247e+00
1.480421254868564063e+01
1.186469817418037209e+01
3.214938451729218372e+01
1.306789953106993494e+02
4.869799649140254019e+02
