8.260671539594446813e+02
2.121818340716233990e+02
3.470228398992765695e-01
1.684787938213726244e-01
3.180288758915338354e-01
1.545418554265747257e-01
3.111370384210838669e-01
1.513740455211747271e-01
2.954215841070485515e-01
1.386136588530598179e-01
2.714398362355451844e-01
1.369635746205095650e-01
2.632110588587674438e-01
1.304972069472091767e-01
2.531960045539532467e-01
1.210846754897483835e-01
2.364914564019758303e-01
1.160583987708203868e-01
2.212203422166252875e-01
1.098810667366872662e-01
2.156236878363815279e-01
1.050164706226777156e-01
2.048854847598418349e-01
1.033244701346397315e-01
2.013079161595041633e-01
9.680671855639945422e-02
1.867545082843783677e-01
9.106019260558784190e-02
1.824503528437650401e-01
8.974545889039531321e-02
1.755278955225733628e-01
8.467477134887466117e-02
1.648294140570893407e-01
8.239753112226000376e-02
1.633448229164977950e-01
7.937525648532783862e-02
1.554762542352942922e-01
7.591088168274622017e-02
1.511015121858784727e-01
7.216727327247185464e-02
1.451436310045167988e-01
6.925096564749448624e-02
1.370982663436793869e-01
6.799472244808207888e-02
1.367056919218454514e-01
6.576739274460234597e-02
1.309720672829026988e-01
6.304069867058971488e-02
1.246660245665166117e-01
