4.326524123694075996e+01
1.160698186091725326e+01
2.228382998768728473e+00
1.288592722708494120e+00
2.935704807935596072e+00
1.457048613164140916e+00
2.864713534930244165e+00
1.439645259155440726e+00
2.852708512256286966e+00
1.394729025592119420e+00
2.751378431061035190e+00
1.521473348752819588e+00
3.274424794911708236e+00
1.747359255341899287e+00
3.533316369635604914e+00
1.770930838246162820e+00
3.530239091869052714e+00
1.917003242141025021e+00
4.211261641411868872e+00
2.046908524173703281e+00
4.183644153098560636e+00
2.236832339681891213e+00
4.705895342068947329e+00
2.454998614769816179e+00
4.887198451820814249e+00
2.553284840279505197e+00
5.132462870753764506e+00
2.819817486500483916e+00
6.323756163183545276e+00
3.408685045643057521e+00
6.830432473109111058e+00
3.713649851561998005e+00
7.882026406150352216e+00
4.019352774590206678e+00
8.483842615406333110e+00
4.810236552524503217e+00
1.058915558915209054e+01
5.909784962727187896e+00
1.356722471189727308e+01
7.522412941276701126e+00
1.696566109884623330e+01
1.028697137700675945e+01
2.374668649266796194e+01
1.482396634799875557e+01
3.625776619396006595e+01
2.690310056792799287e+01
6.890232515400016666e+01
1.969049026028510525e+02
7.166087451550265541e+02
