2.186361457883660431e-01
4.523506961173619223e-02
6.031342230871083315e-02
1.507835557717770829e-02
3.015671115435541658e-02
4.523506673153312313e-02
2.261753336576656156e-02
3.769589038304580614e-02
2.261753336576656156e-02
1.507835557717770829e-02
2.261753336576656156e-02
3.015671115435541658e-02
2.261753336576656156e-02
1.507835557717770829e-02
1.507835557717770829e-02
7.539177788588854144e-03
3.769589038304580614e-02
7.539177788588854144e-03
2.261753480586809611e-02
2.261753336576656156e-02
2.261753336576656156e-02
0.000000000000000000e+00
7.539177788588854144e-03
3.769589038304580614e-02
1.507835557717770829e-02
1.507835557717770829e-02
7.539177788588854144e-03
3.769589038304580614e-02
2.261753336576656156e-02
1.507835557717770829e-02
1.507835557717770829e-02
1.507835557717770829e-02
6.785260153740121924e-02
3.015671115435541658e-02
4.523506673153312313e-02
6.031342230871083315e-02
2.261753336576656156e-02
3.015671115435541658e-02
6.031342230871083315e-02
6.031342230871083315e-02
2.261753480586809611e-02
1.507835557717770829e-02
7.539178076609161228e-02
1.206268446174216663e-01
9.800932421256891569e-02
1.734010934578482654e-01
3.015671000227418963e-01
5.051248988745394852e-01
1.953099584692997723e+02
