6.058320088288643092e+03
4.172198383740311556e+01
2.158033778211748910e+01
1.294820208280341056e+01
8.632134233146370406e+00
1.582557967179629621e+01
1.007082376072666818e+01
1.438689069402888876e+00
5.754756277611555504e+00
2.877378138805777752e+00
1.438689087729985339e+01
2.877378138805777752e+00
1.438689069402888876e+00
1.438689069402888876e+00
4.316067116573185203e+00
2.877378138805777752e+00
2.877378138805777752e+00
1.438689069402888876e+00
2.877378138805777752e+00
1.438689069402888876e+00
2.877378138805777752e+00
0.000000000000000000e+00
1.438689069402888876e+00
2.877378138805777752e+00
1.438689069402888876e+00
4.316067116573185203e+00
0.000000000000000000e+00
0.000000000000000000e+00
2.877378138805777752e+00
1.438689069402888876e+00
1.438689069402888876e+00
4.316067483115112680e+00
2.877378138805777752e+00
1.438689069402888876e+00
8.089748330365216233e-01
2.877378138805777752e+00
1.438689069402888931e-01
2.877378138805777752e+00
1.438689069402888876e+00
1.438689069402888931e-01
7.193445438649926693e+00
1.438689069402888876e+00
1.438689069402888876e+00
2.877378138805777752e+00
2.877378138805777752e+00
1.438689069402888876e+00
4.316067483115112680e+00
5.754756277611555504e+00
2.158033484978206928e+01
