3.433317123691670531e+03
9.193820151458604073e+01
8.906512586197430892e+01
6.320750897109062549e+01
3.734989208020694207e+01
4.884216726953019361e+01
3.160375448554531275e+01
3.447682099778248954e+01
2.298454809355287054e+01
1.149227518932325509e+01
2.298455037864651018e+01
2.873068797330813950e+01
1.723841278398488441e+01
2.011147929622205766e+01
2.011147929622205766e+01
1.723841278398488441e+01
2.585761917597732307e+01
1.723841164143806282e+01
1.436534398665406975e+01
1.436534284410724993e+01
2.011147929622205766e+01
1.149227518932325509e+01
2.011147929622205766e+01
2.011147929622205766e+01
2.011147929622205766e+01
2.011147929622205766e+01
1.149227518932325509e+01
1.149227518932325509e+01
2.011147929622205766e+01
1.436534398665406975e+01
2.873068568821449986e+01
1.723841278398488441e+01
2.873068568821449986e+01
8.619205249445622385e+00
8.619205249445622385e+00
2.011147929622205766e+01
1.723841278398488441e+01
1.149227404677643527e+01
2.011147929622205766e+01
2.873068568821449986e+01
1.436534284410724993e+01
8.619206391992442207e+00
2.873068797330813950e+01
2.011147929622205766e+01
2.873068797330813950e+01
5.746137594661627901e+01
3.734989436530057816e+01
6.033444245885345225e+01
2.298454855057159989e+02
