3.266692801844328642e-04
3.920031304005533457e-04
3.266692801844328642e-04
1.306677149841561913e-04
2.613354299683123827e-04
3.920031595043838024e-04
5.880047101527452469e-04
2.613354299683123827e-04
1.960015652002766728e-04
2.613354299683123827e-04
1.960015652002766728e-04
2.613354299683123827e-04
1.306677149841561913e-04
4.573370097205042839e-04
2.613354299683123827e-04
2.613354299683123827e-04
1.960015797521919012e-04
3.920031595043838024e-04
3.266692801844328642e-04
5.880047101527452469e-04
5.880047101527452469e-04
1.960015652002766728e-04
4.573370097205042839e-04
6.533385603688657284e-04
9.146740194410085678e-04
4.573370097205042839e-04
9.146740194410085678e-04
1.960015797521919012e-04
2.613354299683123827e-04
5.226708599366247654e-04
5.226708599366247654e-04
1.241343212313950062e-03
6.533385603688657284e-04
9.800078114494681358e-04
8.493401110172271729e-04
1.372010912746191025e-03
1.502678729593753815e-03
1.306677120737731457e-03
1.437344821169972420e-03
1.568012638017535210e-03
1.829347922466695309e-03
2.025349531322717667e-03
3.920031711459159851e-03
2.874689642339944839e-03
5.161374807357788086e-03
4.834705498069524765e-03
9.342741221189498901e-03
1.293610408902168274e-02
2.874689549207687378e-02
9.055272340774536133e-01
