2.724795602262020111e-03
8.174386806786060333e-03
1.089918240904808044e-02
2.724795602262020111e-03
2.724795602262020111e-03
5.449591204524040222e-03
2.724795602262020111e-03
8.174386806786060333e-03
0.000000000000000000e+00
0.000000000000000000e+00
1.089918240904808044e-02
5.449591204524040222e-03
0.000000000000000000e+00
5.449591204524040222e-03
1.089918240904808044e-02
0.000000000000000000e+00
8.174386806786060333e-03
1.089918240904808044e-02
8.174386806786060333e-03
0.000000000000000000e+00
5.449591204524040222e-03
5.449591204524040222e-03
1.362397801131010056e-02
5.449591204524040222e-03
1.634877361357212067e-02
2.724795602262020111e-03
2.724795602262020111e-03
1.362397801131010056e-02
1.089918240904808044e-02
1.907356828451156616e-02
2.724795602262020111e-03
1.634877361357212067e-02
1.362397801131010056e-02
1.089918240904808044e-02
1.362397801131010056e-02
1.907356828451156616e-02
3.542234376072883606e-02
1.907356828451156616e-02
2.997275255620479584e-02
3.814713656902313232e-02
1.907356828451156616e-02
3.269754722714424133e-02
3.269754722714424133e-02
3.814713656902313232e-02
4.632152616977691650e-02
4.904632270336151123e-02
6.267029792070388794e-02
4.904632270336151123e-02
8.446866273880004883e-02
1.880109012126922607e-01
