4.164524376392364502e-01
1.057657003402709961e-01
7.436650991439819336e-02
4.370179772377014160e-02
3.617333993315696716e-02
2.680866420269012451e-02
2.148365788161754608e-02
1.744399592280387878e-02
1.358795445412397385e-02
1.156812347471714020e-02
1.230260729789733887e-02
1.285346969962120056e-02
1.156812347471714020e-02
8.079323917627334595e-03
4.957767203450202942e-03
8.079323917627334595e-03
5.692251026630401611e-03
6.977598182857036591e-03
4.590525291860103607e-03
5.692251026630401611e-03
3.856041235849261284e-03
3.856041235849261284e-03
3.488799091428518295e-03
4.957767203450202942e-03
4.039661958813667297e-03
2.937935991212725639e-03
2.570694079622626305e-03
4.039661958813667297e-03
2.570694079622626305e-03
2.754314802587032318e-03
4.039661958813667297e-03
3.121557179838418961e-03
3.305178135633468628e-03
2.754314802587032318e-03
1.652589067816734314e-03
2.019830979406833649e-03
2.019830979406833649e-03
2.387073123827576637e-03
2.754314802587032318e-03
1.652589067816734314e-03
1.836210023611783981e-03
1.285347039811313152e-03
1.836210023611783981e-03
1.652589067816734314e-03
2.937935991212725639e-03
2.203452168032526970e-03
1.836210023611783981e-03
1.468967995606362820e-03
2.019830979406833649e-03
1.101726084016263485e-03
2.570694079622626305e-03
2.387073123827576637e-03
1.285347039811313152e-03
1.652589067816734314e-03
1.652589067816734314e-03
2.387073123827576637e-03
1.468967995606362820e-03
1.468967995606362820e-03
1.652589067816734314e-03
1.101726084016263485e-03
1.285347039811313152e-03
1.285347039811313152e-03
1.836210023611783981e-03
1.652589067816734314e-03
2.203452168032526970e-03
2.019830979406833649e-03
1.468967995606362820e-03
2.203452168032526970e-03
7.344839978031814098e-04
1.285347039811313152e-03
2.570694079622626305e-03
1.285347039811313152e-03
1.101726084016263485e-03
1.468967995606362820e-03
1.285347039811313152e-03
1.468967995606362820e-03
7.344839978031814098e-04
1.652589067816734314e-03
1.101726084016263485e-03
7.344839978031814098e-04
1.285347039811313152e-03
1.101726084016263485e-03
1.101726084016263485e-03
3.672419989015907049e-04
7.344839978031814098e-04
1.468967995606362820e-03
1.836210023611783981e-03
1.101726084016263485e-03
1.468967995606362820e-03
1.285347039811313152e-03
1.468967995606362820e-03
1.101726084016263485e-03
7.344839978031814098e-04
9.181050118058919907e-04
3.672419989015907049e-04
1.836210023611783981e-03
1.836210023611783981e-03
2.203452168032526970e-03
1.652589067816734314e-03
