8.450416848063468933e-03
5.599674303084611893e-03
5.905110388994216919e-03
7.330482825636863708e-03
6.515984423458576202e-03
4.581551533192396164e-03
6.414172705262899399e-03
7.025045808404684067e-03
7.737731561064720154e-03
7.126858457922935486e-03
7.330482359975576401e-03
6.719608791172504425e-03
6.006923038512468338e-03
6.312360055744647980e-03
9.061290882527828217e-03
7.635918911546468735e-03
9.366727434098720551e-03
9.061291813850402832e-03
8.144980296492576599e-03
8.450417779386043549e-03
8.348604664206504822e-03
1.058847457170486450e-02
8.552229963243007660e-03
1.028303802013397217e-02
1.028303802013397217e-02
9.061290882527828217e-03
1.252290699630975723e-02
9.672164916992187500e-03
1.252290792763233185e-02
1.018122583627700806e-02
1.262472011148929596e-02
1.160659641027450562e-02
1.150478515774011612e-02
1.211565732955932617e-02
1.038485020399093628e-02
1.405009068548679352e-02
1.639177277684211731e-02
1.547546312212944031e-02
1.771533302962779999e-02
2.097332477569580078e-02
2.178782224655151367e-02
2.545306459069252014e-02
2.799836918711662292e-02
3.390347957611083984e-02
3.543066605925559998e-02
4.713907465338706970e-02
6.057829409837722778e-02
8.246792852878570557e-02
1.342903673648834229e-01
1.413154155015945435e-01
