7.971371524035930634e-03
5.328116938471794128e-03
5.537854973226785660e-03
6.881148554384708405e-03
6.115445867180824280e-03
4.362343344837427139e-03
5.996292456984519958e-03
6.536799483001232147e-03
7.203250192105770111e-03
6.674900650978088379e-03
6.829872261732816696e-03
6.248480640351772308e-03
5.622643977403640747e-03
5.881011486053466797e-03
8.390648290514945984e-03
7.102503441274166107e-03
8.673941716551780701e-03
8.406948298215866089e-03
7.570107933133840561e-03
7.866170257329940796e-03
7.766576483845710754e-03
9.821648709475994110e-03
7.969565689563751221e-03
9.547524154186248779e-03
9.539239108562469482e-03
8.452928625047206879e-03
1.161325816065073013e-02
9.024810977280139923e-03
1.158629637211561203e-02
9.511705487966537476e-03
1.175672654062509537e-02
1.084936037659645081e-02
1.072430051863193512e-02
1.131282281130552292e-02
9.777856990694999695e-03
1.316671259701251984e-02
1.531064510345458984e-02
1.451115962117910385e-02
1.658966392278671265e-02
1.961193233728408813e-02
2.043455094099044800e-02
2.385987713932991028e-02
2.628598921000957489e-02
3.186629712581634521e-02
3.351809084415435791e-02
4.453231394290924072e-02
5.727791413664817810e-02
7.912433147430419922e-02
1.332112699747085571e-01
1.862447857856750488e-01
