6.036525964736938477e-01
1.080067753791809082e-01
4.868166148662567139e-02
3.229317814111709595e-02
2.316158637404441833e-02
2.007740736007690430e-02
1.632801070809364319e-02
1.318335719406604767e-02
1.022012531757354736e-02
7.982583716511726379e-03
9.373487904667854309e-03
7.498790509998798370e-03
7.196419872343540192e-03
6.289307959377765656e-03
5.503144115209579468e-03
4.596033133566379547e-03
5.442670546472072601e-03
4.172714427113533020e-03
3.991291858255863190e-03
3.688921220600605011e-03
4.293662495911121368e-03
3.628446953371167183e-03
3.023705910891294479e-03
2.902757842093706131e-03
2.963231876492500305e-03
2.600386971607804298e-03
3.084179945290088654e-03
2.418964868411421776e-03
2.177068265154957771e-03
2.177068265154957771e-03
2.358490601181983948e-03
2.660861238837242126e-03
2.298016333952546120e-03
1.753749325871467590e-03
1.995645929127931595e-03
2.600386738777160645e-03
1.814223476685583591e-03
1.814223476685583591e-03
2.418964635580778122e-03
1.209482317790389061e-03
1.269956468604505062e-03
6.652152515016496181e-04
1.269956468604505062e-03
9.675858891569077969e-04
1.028059981763362885e-03
8.466375875286757946e-04
9.071117383427917957e-04
6.652152515016496181e-04
5.442670662887394428e-04
3.023705794475972652e-04
