5.037555098533630371e-01
8.221976459026336670e-02
5.379084125161170959e-02
3.486598283052444458e-02
3.632944077253341675e-02
2.318722382187843323e-02
2.375619672238826752e-02
1.466860156506299973e-02
1.802490651607513428e-02
1.251304894685745239e-02
1.282966788858175278e-02
9.902112185955047607e-03
1.039448752999305725e-02
1.001831423491239548e-02
9.169714525341987610e-03
7.053478620946407318e-03
8.981337770819664001e-03
7.531197741627693176e-03
5.979221314191818237e-03
6.256524473428726196e-03
7.213998585939407349e-03
6.216627545654773712e-03
4.870360717177391052e-03
4.900021944195032120e-03
4.539086017757654190e-03
2.417557872831821442e-03
2.719811163842678070e-03
4.662616178393363953e-03
4.377985373139381409e-03
3.645587712526321411e-03
1.710110576823353767e-03
2.670201007276773453e-03
4.189899191260337830e-03
3.561373334378004074e-03
2.022017491981387138e-03
1.361213624477386475e-03
3.180198371410369873e-03
3.465119516476988792e-03
3.826346248388290405e-03
3.128262469545006752e-03
3.484487067908048630e-03
3.227422945201396942e-03
3.321350784972310066e-03
2.403192454949021339e-03
4.130634944885969162e-03
3.120643552392721176e-03
4.751832224428653717e-03
3.786739893257617950e-03
2.907897345721721649e-03
2.959833480417728424e-03
