1.152449557499383809e+04
2.827340232447942526e+03
3.742632113819797723e+01
2.141424431641159032e+01
4.801400157108593447e+01
2.359439226175863169e+01
4.422019810521806704e+01
2.280684624919650716e+01
4.934673516592625475e+01
2.075316334354777581e+01
3.294477484692929181e+01
1.647831249747655136e+01
3.068285093889750570e+01
1.241176973533057648e+01
1.751767864469655223e+01
1.139724545854645932e+01
2.856669402076211384e+01
1.471935795224072230e+01
3.049775299019644947e+01
1.606502132018775697e+01
3.339378671816194810e+01
1.528904754934180765e+01
2.942495947221779318e+01
1.466279481694940223e+01
3.111464981304380828e+01
1.344105489324848435e+01
2.259971532569456798e+01
1.246253509435978479e+01
2.854466570763861455e+01
1.388884900209613882e+01
2.641036380191457766e+01
1.239814317407749478e+01
2.247089136432733270e+01
1.306186268079802559e+01
2.913454969175757370e+01
1.007329331239303727e+01
1.104755453206831994e+01
9.267388691248779509e+00
2.709485645058891734e+01
1.384895999375700271e+01
2.867455689478888203e+01
1.341879272416797875e+01
2.463458480166307396e+01
1.198404542676139251e+01
2.456332559310162011e+01
1.114170244194930248e+01
1.993621189938085081e+01
1.373369568489917647e+01
3.486478201260125331e+01
