3.957981883729242782e+03
1.034966110544205776e+03
1.173481277932101108e+01
6.855911435078477112e+00
1.628078290804269557e+01
6.483510349575123399e+00
9.308696167337195959e+00
5.675993338646765807e+00
1.384003942259971787e+01
4.566491202173450503e+00
4.636680334483466837e+00
2.936696223472700318e+00
6.837644458855479890e+00
2.857150899581394565e+00
4.603544006232093366e+00
7.068554401341706317e+00
2.339876801076296076e+01
7.429536791013323871e+00
6.779908123021010979e+00
2.353342763400415372e+00
2.276993839554189325e+00
2.312544120326168517e+00
6.931856575080265870e+00
3.971426299534025262e+00
9.093651264723447980e+00
5.121096554550149449e+00
1.126725867620396215e+01
4.538139227133933140e+00
7.001288972468914018e+00
3.379264305188169892e+00
6.875703849165262227e+00
4.698005977247881049e+00
1.148047038254076035e+01
6.407198300649895373e+00
1.409032178910257471e+01
5.208342840626805526e+00
6.949667836100419827e+00
3.440159637446701169e+00
6.785035673887839458e+00
3.450128180859066696e+00
6.809331245298486657e+00
4.084056383604613316e+00
9.087699221098349156e+00
3.398118784816912097e+00
4.673272197157000818e+00
2.345281146734039535e+00
4.616833101104845127e+00
2.269579189759900473e+00
4.526028713561908390e+00
