2.028546666775309859e+03
4.892470889448781577e+02
2.243405612369490376e-01
1.094128501015755872e-01
2.060409015310135372e-01
1.013178445248465315e-01
1.946388767142248899e-01
9.692023114450526444e-02
1.848084921992459717e-01
9.187322840558932724e-02
1.745856112380394787e-01
8.507611948856456940e-02
1.668245818662772162e-01
8.325666008512372374e-02
1.614611325073109227e-01
7.863113294947519927e-02
1.485332319731215711e-01
7.385470595411300354e-02
1.448297650878320186e-01
6.835797792684665530e-02
1.374450276830075646e-01
6.580318251965332210e-02
1.285111533203440737e-01
6.278719718074232681e-02
1.224290068742531767e-01
6.007572027001123471e-02
1.156823317431563691e-01
5.725717517189805178e-02
1.127578230544972887e-01
5.630458064529127865e-02
1.082901036683086016e-01
5.410644082194464993e-02
1.020034265640292759e-01
5.096293493662317625e-02
1.004306325686078333e-01
4.809331457884587213e-02
9.675242316754457950e-02
4.795074340299271959e-02
9.262243374711356947e-02
4.569318893111587454e-02
8.848894698560400007e-02
4.257998085167023772e-02
8.628800657487664671e-02
4.245651067357954916e-02
8.140944359739320235e-02
4.000369839825091561e-02
7.867443105202297227e-02
3.859548642622629561e-02
7.530807012713518211e-02
