1.769829436159608305e+00
4.584833018266660232e-01
1.166284149901166134e-01
4.863478996172627966e-02
7.749593055424010279e-02
4.633505507215968100e-02
1.044943930116357667e-01
5.243707594725402488e-02
1.035866243148158561e-01
5.031762578041791556e-02
9.892632948970185580e-02
4.749982874032298436e-02
9.362846606867039623e-02
5.107015769769741864e-02
1.045531153519116824e-01
5.386211358060104953e-02
1.042955882714709098e-01
5.855586304547469312e-02
1.298284590186006282e-01
7.112954362872743463e-02
1.626382080785093442e-01
7.587156770378386539e-02
1.428405645021217363e-01
7.502767892444563158e-02
1.617644206012701369e-01
9.093110431362956547e-02
2.005902338180220734e-01
1.011321877806728026e-01
1.998713188154062903e-01
1.021798104393488449e-01
2.130452712100213697e-01
1.122642106782019006e-01
2.486781318982613509e-01
1.304166400675807747e-01
2.774393108671079355e-01
1.413267068179271668e-01
3.002179486576093126e-01
1.564954272125337054e-01
3.392346397435679339e-01
1.863686810172665020e-01
4.212728422621815350e-01
2.446463217499305065e-01
5.333522081254751246e-01
2.956342876044100731e-01
6.706566978353593056e-01
4.356763795128449912e-01
1.110767647979613137e+00
1.286697975437291808e+00
3.877873639132114914e+00
