2.056212584319116132e+01
2.037091582622017540e+02
2.521280296163635285e+03
7.634559755852845342e+01
1.044654786211961209e+03
2.218934649955090572e+04
8.917610845726868009e-05
1.103815205263388062e-02
1.366176931551726925e-01
6.943137743416270651e-03
1.120294848674971283e-01
2.379600506024682094e+00
8.354491812951081204e-05
1.057967656314058938e-02
1.309432049397457054e-01
6.676185934928504685e-03
1.083879683446718617e-01
2.302251631568451362e+00
7.836513230779640490e-05
1.014999402154204491e-02
1.256250830890653369e-01
6.425230649329065000e-03
1.039847074159642587e-01
2.208722665095882220e+00
7.355425984365655465e-05
9.746685151447909493e-03
1.206333845512532615e-01
6.189150045325555842e-03
1.007787407726584566e-01
2.140625236497224915e+00
6.908170464926395820e-05
9.367317701494869142e-03
1.159380056849712293e-01
5.966698034088989758e-03
9.684355712102286906e-02
2.057038625170684032e+00
6.495316608755587174e-05
9.010281292179454435e-03
1.115190150441022349e-01
5.756814759115921019e-03
9.400282853214449175e-02
1.996699160113168725e+00
6.110460931457106445e-05
8.673817258592723956e-03
1.073546458744154275e-01
5.558540706991745364e-03
9.046650586406361494e-02
1.921584691628513086e+00
5.751414625189212623e-05
8.358665544908001899e-03
1.034540563633991744e-01
5.371052286103638468e-03
8.753661698150788650e-02
1.859351386925096827e+00
5.418977190413162945e-05
8.055932733931877102e-03
9.970717390692220017e-02
5.193431676841220312e-03
8.514722457782586407e-02
1.808598682138333524e+00
5.108088630788634835e-05
7.772132262099873228e-03
9.619461441388765799e-02
5.025099891243131264e-03
8.210683155553179235e-02
1.744018176542668330e+00
