7.146794271151766225e+02
3.803095913442204619e+03
5.208873548042317452e+03
4.585417634533544515e+03
2.798943522249197122e+04
3.621790397339672927e+04
2.870198447782473128e+00
5.723244340668932395e+00
8.619205886274993844e+00
2.011148031702205330e+01
5.746137420670742557e+01
4.309603311638955603e+01
5.740396895564946256e+00
2.861622170334466198e+00
1.436534252636149489e+01
2.585761820334085570e+01
3.734989455845652628e+01
3.447682308152562314e+01
2.870198447782473128e+00
2.861622170334466198e+00
1.723841177254998769e+01
1.723841137386265387e+01
5.746137420670742557e+01
3.447682521376688669e+01
2.870198447782473128e+00
5.723244340668932395e+00
8.619205886274993844e+00
1.436534357325012934e+01
6.320751692376496322e+01
4.309603311638955603e+01
8.610595151553887661e+00
8.584866734038392622e+00
8.619205886274993844e+00
1.723841365895640720e+01
5.458830284817865675e+01
4.309602885190702892e+01
8.237469458828609037e-01
3.831712027419647004e+00
8.619205886274993844e+00
2.585761820334085570e+01
4.884217006184636034e+01
3.160375591289266239e+01
5.740396895564946256e+00
3.831712027419647004e+00
1.149227451503332631e+01
3.160375608965966165e+01
4.309603065503056740e+01
4.309602885190702892e+01
1.148079379112989251e+01
3.831712027419647004e+00
5.746137257516663155e+00
4.022296063404410660e+01
3.160375846188248161e+01
4.884216745365547752e+01
1.148079379112989251e+01
2.861622170334466198e+00
5.746137257516663155e+00
4.309603186229726646e+01
3.447682319992775746e+01
4.596910028502251322e+01
5.740396972282359656e+01
3.831712027419647004e+00
5.746137257516663155e+00
8.619206372459453291e+01
1.723841325508475109e+01
4.596910028502251322e+01
