1.728837072056185661e+03
4.310760602600762468e+02
3.279787443745230680e-01
1.620095742355583401e-01
3.243598152659585288e-01
8.408783093869531822e-02
7.176619403061222820e-03
3.234015262938355062e-01
1.319053214911529937e+00
9.919055665733828020e-01
2.643948927386455594e+00
9.850697159199607311e-01
1.340969620357792103e+00
7.259846184530136526e-01
1.682967622941508923e+00
7.596246393557830601e-01
1.303382553462210547e+00
6.717661924061333334e-01
1.323439618403992712e+00
5.847688486220740112e-01
9.747803963978662889e-01
7.237894241093395520e-01
1.938448427905884675e+00
8.240306081418427020e-01
1.327357065293328198e+00
1.054707979171411791e+00
2.999268684726871026e+00
1.412652115082516424e+00
2.605626989878577771e+00
9.910204866870573337e-01
1.320199087337644572e+00
5.695200433191029976e-01
1.006720655874788983e+00
7.560934292153317360e-01
2.016009880803849352e+00
1.419283607944899828e+00
3.705517851332550183e+00
1.351434351961073643e+00
1.672722239851526904e+00
7.243199614126132335e-01
1.310386914325734287e+00
8.425181418487461826e-01
1.987645063357938779e+00
1.595412059378246372e+00
4.286529592943563394e+00
2.192667852745159962e+00
4.352336837772824651e+00
3.055892102522374199e+00
8.384417672862189974e+00
