3.303714017253503998e-01
8.713862621343189396e-02
1.003340203040360354e-02
4.148214405360156794e-03
6.658425551207698342e-03
2.723700900221000948e-03
4.301114600657508953e-03
2.175470751463270177e-03
4.381085214984909056e-03
3.224744729235861241e-03
8.549654786119825767e-03
3.336371079524733455e-03
4.689198904822244364e-03
2.014607267088604561e-03
3.382742942172631793e-03
1.701555334410560869e-03
3.266017952312847902e-03
4.547972246256012062e-03
1.493802401161873489e-02
6.444501181260469357e-03
1.119828458180643221e-02
4.074003571377263731e-03
5.496654515063193608e-03
2.264867974601140511e-03
3.349301917489168248e-03
5.210265066688308903e-03
1.710337990080161921e-02
7.653405846244999700e-03
1.301905415736568337e-02
7.780299701015676132e-03
1.871513346821520457e-02
8.777755508449093524e-03
1.716094143108272407e-02
9.854261392750321424e-03
2.154406808244566790e-02
1.211476110694092653e-02
2.714848099714353355e-02
1.214268894154327955e-02
2.189895907471507350e-02
1.405993011975378675e-02
3.511086612119899281e-02
2.196367418028860943e-02
5.501534457182050836e-02
5.868925913382614518e-02
1.796112559942937004e-01
1.906959509572042633e-01
5.591753719955802060e-01
4.979764698621456098e+00
1.874213010233426502e+01
