9.317359351890995567e-02
2.321206491045613510e-02
3.367170481451582653e-03
2.080759469403381350e-03
4.906095484452541525e-03
1.861687821515442803e-03
2.537150384338078025e-03
1.260966542007630701e-03
2.545198844615202249e-03
1.257199367433893067e-03
2.545769707954067141e-03
1.117970415112725909e-03
2.087345856446497488e-03
1.361308833609289112e-03
3.383934005941897482e-03
1.652511723528849851e-03
3.266890590757643483e-03
1.333095811131894144e-03
2.055641477662823336e-03
1.561312061690933641e-03
4.197482771078537601e-03
1.932675172224425494e-03
3.675118470538112168e-03
1.788813635977573330e-03
3.276560648893830571e-03
1.487840408101807812e-03
2.523349103748065512e-03
1.423107112161097528e-03
3.364703933643653413e-03
2.578892311968972086e-03
7.101106674576035047e-03
3.553607663661850161e-03
6.976866896525304486e-03
3.794230698043275091e-03
8.307803462200726366e-03
3.952630807328886414e-03
8.042148062396307570e-03
4.797954253258101230e-03
1.118126123623254531e-02
6.946488200021674365e-03
1.608363161246601988e-02
9.349344107588919428e-03
2.016674498761164211e-02
1.461850548944555912e-02
3.770609578208554413e-02
2.396825115229500244e-02
5.957406293240210399e-02
9.466389678543286612e-01
3.794291481200775973e+00
