1.641338048588546172e+01
4.109881413137970618e+00
2.059732672713065690e-03
9.834911789839383134e-04
1.926601981520695891e-03
9.287340247684984116e-04
1.833940771873329408e-03
8.588971345268935987e-04
1.659940284298068967e-03
8.070958206763828319e-04
1.605146112077796700e-03
7.760483369551158216e-04
1.477527893983771740e-03
6.981243517886288798e-04
1.387288469208149957e-03
6.807904417189888794e-04
1.315630735047476369e-03
6.318359382040671405e-04
1.218745837370768239e-03
5.823121153802879833e-04
1.178515860761116668e-03
5.746075121799270333e-04
1.097554821845587829e-03
5.417198653442573727e-04
1.024182257511836724e-03
4.942471734008752147e-04
9.641431782100618212e-04
4.754649446001054779e-04
9.336177243993559055e-04
4.607883310224078965e-04
8.760049909029239473e-04
4.218881748112514492e-04
8.429611267190202954e-04
4.097613513763357111e-04
7.920562041493360746e-04
3.810947004381321987e-04
7.601932833515403012e-04
3.717602878957943944e-04
7.252034647586125650e-04
3.620131791361686857e-04
6.930539658791028340e-04
3.388533198162207776e-04
6.707282670130348306e-04
3.171314470099336901e-04
6.281998121793360128e-04
3.077871808973653509e-04
6.017010118673817021e-04
2.907699776472200907e-04
5.786213547629676752e-04
