0.000000000000000000e+00
0.000000000000000000e+00
1.986491843126714230e-04
3.972983686253428459e-04
1.986491843126714230e-04
1.986491843126714230e-04
1.986491843126714230e-04
0.000000000000000000e+00
3.972983686253428459e-04
0.000000000000000000e+00
0.000000000000000000e+00
0.000000000000000000e+00
3.972983686253428459e-04
1.986491843126714230e-04
0.000000000000000000e+00
3.972983686253428459e-04
0.000000000000000000e+00
1.986491843126714230e-04
3.972983686253428459e-04
3.972983686253428459e-04
1.986491843126714230e-04
0.000000000000000000e+00
0.000000000000000000e+00
3.972983686253428459e-04
3.972983686253428459e-04
0.000000000000000000e+00
0.000000000000000000e+00
1.986491843126714230e-04
3.972983686253428459e-04
1.986491843126714230e-04
3.972983686253428459e-04
1.986491843126714230e-04
1.986491843126714230e-04
3.972983686253428459e-04
1.986491843126714230e-04
7.945967372506856918e-04
5.959475529380142689e-04
0.000000000000000000e+00
1.986491843126714230e-04
1.986491843126714230e-04
3.972983686253428459e-04
1.986491843126714230e-04
9.932459797710180283e-04
1.191895105876028538e-03
1.787842717021703720e-03
1.986491959542036057e-03
2.582439454272389412e-03
7.945966906845569611e-03
1.231624931097030640e-02
9.620580077171325684e-01
