6.375948190689086914e-01
6.338028609752655029e-02
4.333694279193878174e-02
2.762730233371257782e-02
2.329360693693161011e-02
2.437702938914299011e-02
1.245937123894691467e-02
1.354279555380344391e-02
8.667388930916786194e-03
8.125677704811096191e-03
1.029252447187900543e-02
1.083423569798469543e-02
5.417117848992347717e-03
7.583965547382831573e-03
7.583965547382831573e-03
4.333694465458393097e-03
6.500542163848876953e-03
4.875406622886657715e-03
5.958830006420612335e-03
3.791982773691415787e-03
5.417118314653635025e-03
1.625135424546897411e-03
3.250271081924438477e-03
2.166847232729196548e-03
4.333694465458393097e-03
4.333694465458393097e-03
2.708559157326817513e-03
3.791982773691415787e-03
2.166847232729196548e-03
3.250270849093794823e-03
1.083423616364598274e-03
1.625135424546897411e-03
1.083423616364598274e-03
5.417118314653635025e-03
1.625135424546897411e-03
5.417118081822991371e-04
1.625135424546897411e-03
2.166847232729196548e-03
2.708559157326817513e-03
1.625135424546897411e-03
1.625135424546897411e-03
2.708558924496173859e-03
3.250270849093794823e-03
1.625135424546897411e-03
1.625135424546897411e-03
1.625135424546897411e-03
2.166847232729196548e-03
1.083423616364598274e-03
1.083423616364598274e-03
1.083423616364598274e-03
