7.028647065162658691e-01
6.977167725563049316e-02
3.052510693669319153e-02
2.016837149858474731e-02
1.617103815078735352e-02
1.611047238111495972e-02
1.084125787019729614e-02
1.096238940954208374e-02
1.126521825790405273e-02
8.297499269247055054e-03
6.904487963765859604e-03
7.752407807856798172e-03
7.146751042455434799e-03
5.511476658284664154e-03
5.632609128952026367e-03
5.390346050262451172e-03
4.724123515188694000e-03
4.118466749787330627e-03
5.026951432228088379e-03
4.360729362815618515e-03
3.573375521227717400e-03
2.604324370622634888e-03
2.967718522995710373e-03
3.149415832012891769e-03
2.301495987921953201e-03
2.604324370622634888e-03
2.725455909967422485e-03
2.846587216481566429e-03
1.877536298707127571e-03
2.362061757594347000e-03
1.574707799591124058e-03
1.635273452848196030e-03
1.090182340703904629e-03
1.756404875777661800e-03
1.150748110376298428e-03
1.090182340703904629e-03
1.393010839819908142e-03
1.090182340703904629e-03
1.211313763633370399e-03
9.690509759820997715e-04
1.150747993960976601e-03
1.393010723404586315e-03
4.239598056301474571e-04
9.084852645173668861e-04
6.662225350737571716e-04
6.662225350737571716e-04
1.816970470827072859e-04
4.845254588872194290e-04
3.633940941654145718e-04
2.422627439955249429e-04
