7.639988791197538376e-03
5.497065372765064240e-03
5.217553116381168365e-03
4.379018209874629974e-03
5.497065372765064240e-03
5.683406256139278412e-03
4.192676395177841187e-03
4.472188651561737061e-03
5.031212233006954193e-03
4.658529534935951233e-03
4.379018209874629974e-03
5.217553116381168365e-03
5.776576697826385498e-03
5.310723558068275452e-03
5.031212233006954193e-03
6.056088954210281372e-03
4.938041791319847107e-03
7.546818349510431290e-03
6.615112069994211197e-03
6.708282977342605591e-03
6.149259395897388458e-03
6.801453419029712677e-03
7.360477000474929810e-03
6.708282977342605591e-03
8.292183279991149902e-03
7.080965209752321243e-03
1.006242446601390839e-02
6.801453419029712677e-03
9.037547744810581207e-03
8.851205930113792419e-03
8.571694605052471161e-03
8.292183279991149902e-03
9.037548676133155823e-03
9.223889559507369995e-03
1.108730025589466095e-02
1.406875997781753540e-02
1.220534741878509521e-02
1.378924772143363953e-02
1.760924234986305237e-02
1.770241372287273407e-02
1.835460588335990906e-02
2.161557786166667938e-02
2.431752532720565796e-02
2.599459514021873474e-02
2.888288348913192749e-02
3.642970323562622070e-02
4.723749309778213501e-02
5.692723393440246582e-02
9.792229533195495605e-02
3.337370753288269043e-01
