7.589801214635372162e-03
5.456992425024509430e-03
5.180051084607839584e-03
4.348381888121366501e-03
5.455950275063514709e-03
5.640720017254352570e-03
4.162979312241077423e-03
4.438246134668588638e-03
4.992146044969558716e-03
4.622178617864847183e-03
4.348373040556907654e-03
5.178162828087806702e-03
5.731644108891487122e-03
5.269924178719520569e-03
4.992555826902389526e-03
6.009636446833610535e-03
4.898915067315101624e-03
7.485907524824142456e-03
6.566876545548439026e-03
6.654237397015094757e-03
6.098877172917127609e-03
6.747869774699211121e-03
7.303854450583457947e-03
6.657586432993412018e-03
8.224783465266227722e-03
7.023350335657596588e-03
9.986368007957935333e-03
6.750595290213823318e-03
8.967211470007896423e-03
8.785157464444637299e-03
8.508634753525257111e-03
8.231267333030700684e-03
8.970765396952629089e-03
9.160353802144527435e-03
1.100783981382846832e-02
1.396647281944751740e-02
1.211772300302982330e-02
1.368553377687931061e-02
1.747981086373329163e-02
1.757638156414031982e-02
1.821910403668880463e-02
2.146031893789768219e-02
2.414745464920997620e-02
2.581980638206005096e-02
2.869442850351333618e-02
3.620671108365058899e-02
4.696587473154067993e-02
5.664037913084030151e-02
9.741503000259399414e-02
3.381567895412445068e-01
