1.380842179059982300e-02
1.298610679805278778e-02
1.052688434720039368e-02
8.670458570122718811e-03
6.454916205257177353e-03
6.366885732859373093e-03
5.544825922697782516e-03
5.981298163533210754e-03
5.530111491680145264e-03
5.072108004242181778e-03
4.607866983860731125e-03
5.243950057774782181e-03
4.431446548551321030e-03
6.161036901175975800e-03
5.528272595256567001e-03
4.239192232489585876e-03
5.251487251371145248e-03
5.429386626929044724e-03
4.792763851583003998e-03
4.315827041864395142e-03
4.981878213584423065e-03
5.341176874935626984e-03
6.900404579937458038e-03
6.078704725950956345e-03
5.336018744856119156e-03
4.877114668488502502e-03
6.263781338930130005e-03
6.441680714488029480e-03
4.899366293102502823e-03
6.636314094066619873e-03
6.080543622374534607e-03
7.465550675988197327e-03
6.731521338224411011e-03
7.370523642748594284e-03
8.217792958021163940e-03
8.567534387111663818e-03
1.005048677325248718e-02
1.081174705177545547e-02
1.236841641366481781e-02
1.308351289480924606e-02
1.393886003643274307e-02
1.719666644930839539e-02
2.023041062057018280e-02
2.344905026257038116e-02
2.567984908819198608e-02
3.220883756875991821e-02
4.092689603567123413e-02
5.714953690767288208e-02
9.651198983192443848e-02
3.932605683803558350e-01
