4.016064340248703957e-04
0.000000000000000000e+00
4.016064340248703957e-04
2.008032170124351978e-04
4.016064340248703957e-04
4.016064340248703957e-04
0.000000000000000000e+00
0.000000000000000000e+00
0.000000000000000000e+00
6.024096510373055935e-04
4.016064340248703957e-04
0.000000000000000000e+00
0.000000000000000000e+00
0.000000000000000000e+00
0.000000000000000000e+00
4.016064340248703957e-04
2.008032170124351978e-04
2.008032170124351978e-04
0.000000000000000000e+00
0.000000000000000000e+00
2.008032170124351978e-04
0.000000000000000000e+00
2.008032170124351978e-04
2.008032170124351978e-04
4.016064340248703957e-04
0.000000000000000000e+00
0.000000000000000000e+00
0.000000000000000000e+00
2.008032170124351978e-04
2.008032170124351978e-04
2.008032170124351978e-04
4.016064340248703957e-04
0.000000000000000000e+00
8.032128680497407913e-04
6.024096510373055935e-04
0.000000000000000000e+00
1.004016026854515076e-03
1.004016026854515076e-03
4.016064340248703957e-04
2.008032170124351978e-04
8.032128680497407913e-04
1.004016026854515076e-03
1.004016026854515076e-03
6.024096510373055935e-04
1.004016026854515076e-03
4.016064107418060303e-03
6.024096161127090454e-03
6.827309727668762207e-03
1.184738986194133759e-02
9.572288990020751953e-01
