1.425973698496818542e-02
1.349411439150571823e-02
1.091013476252555847e-02
8.996075950562953949e-03
6.699205841869115829e-03
6.603502668440341949e-03
5.742176435887813568e-03
6.220690906047821045e-03
5.742176435887813568e-03
5.263661500066518784e-03
4.785147029906511307e-03
5.455067381262779236e-03
4.593741148710250854e-03
6.412097252905368805e-03
5.742176435887813568e-03
4.402335267513990402e-03
5.455067381262779236e-03
5.646473728120326996e-03
4.976552911102771759e-03
4.498038440942764282e-03
5.167958326637744904e-03
5.550770554691553116e-03
7.177720312029123306e-03
6.316394079476594925e-03
5.550770554691553116e-03
5.072255618870258331e-03
6.507799960672855377e-03
6.699205376207828522e-03
5.072255618870258331e-03
6.890611723065376282e-03
6.316393613815307617e-03
7.751937955617904663e-03
6.986314430832862854e-03
7.656235247850418091e-03
8.517561480402946472e-03
8.900373242795467377e-03
1.043161936104297638e-02
1.119724381715059280e-02
1.282419357448816299e-02
1.358981709927320480e-02
1.445114426314830780e-02
1.780074648559093475e-02
2.095894329249858856e-02
2.430854551494121552e-02
2.660541608929634094e-02
3.330462425947189331e-02
4.230069741606712341e-02
5.904871225357055664e-02
9.933964908123016357e-02
3.718059062957763672e-01
