3.275981638580560684e-03
2.848486416041851044e-03
2.925207838416099548e-03
2.600376959890127182e-03
2.577705774456262589e-03
2.541679888963699341e-03
1.992819365113973618e-03
1.846597762778401375e-03
2.102161059156060219e-03
2.757169073447585106e-03
2.288012765347957611e-03
2.020349027588963509e-03
2.523422939702868462e-03
2.344736363738775253e-03
2.818982815369963646e-03
2.778465393930673599e-03
2.269234973937273026e-03
2.490957966074347496e-03
2.552327932789921761e-03
2.678473712876439095e-03
2.423431491479277611e-03
2.818539272993803024e-03
2.374084899201989174e-03
2.417198149487376213e-03
2.984392689540982246e-03
2.981564961373806000e-03
2.854044083505868912e-03
2.952294191345572472e-03
3.217129968106746674e-03
3.050621133297681808e-03
3.243361599743366241e-03
3.163002431392669678e-03
3.102929564192891121e-03
2.929178532212972641e-03
3.015405265614390373e-03
3.110904712229967117e-03
3.377116285264492035e-03
3.655350767076015472e-03
3.587458282709121704e-03
3.907797392457723618e-03
3.410513047128915787e-03
3.376750042662024498e-03
3.215388394892215729e-03
4.092274233698844910e-03
4.017061553895473480e-03
4.224653821438550949e-03
3.665999043732881546e-03
3.807805944234132767e-03
3.661584341898560524e-03
4.287687595933675766e-03
4.210445098578929901e-03
4.593529272824525833e-03
4.292179830372333527e-03
4.429571796208620071e-03
4.539767745882272720e-03
4.741569515317678452e-03
4.577014129608869553e-03
5.004220176488161087e-03
4.953864961862564087e-03
5.093852989375591278e-03
4.220238886773586273e-03
4.929163027554750443e-03
4.518394358456134796e-03
5.206389352679252625e-03
5.452524870634078979e-03
5.235371179878711700e-03
6.107243709266185760e-03
5.533527117222547531e-03
6.216818001121282578e-03
5.607884842902421951e-03
6.394906435161828995e-03
6.469476036727428436e-03
6.146385800093412399e-03
7.194702979177236557e-03
6.893642246723175049e-03
7.260289974510669708e-03
7.980517111718654633e-03
8.966744877398014069e-03
8.832623250782489777e-03
8.734007366001605988e-03
1.011627353727817535e-02
1.045235060155391693e-02
1.131438557058572769e-02
1.264629606157541275e-02
1.304407697170972824e-02
1.427877880632877350e-02
1.575793325901031494e-02
1.648627780377864838e-02
1.822599582374095917e-02
1.939598098397254944e-02
2.150155417621135712e-02
2.455725893378257751e-02
2.627437002956867218e-02
2.960288897156715393e-02
3.069310076534748077e-02
3.663812577724456787e-02
4.355811700224876404e-02
5.071470513939857483e-02
6.614631414413452148e-02
