4.051120281219482422e-01
1.019699871540069580e-01
6.302830576896667480e-02
4.266370832920074463e-02
3.260857239365577698e-02
2.424967288970947266e-02
1.895466260612010956e-02
1.673651672899723053e-02
1.286037545651197433e-02
1.290916185826063156e-02
1.009216811507940292e-02
9.647570550441741943e-03
8.218194358050823212e-03
8.339299820363521576e-03
7.124302908778190613e-03
6.158556323498487473e-03
5.533339455723762512e-03
5.549328401684761047e-03
5.762470886111259460e-03
4.444449208676815033e-03
4.903353285044431686e-03
4.574081394821405411e-03
3.936801571398973465e-03
4.298985935747623444e-03
4.099327605217695236e-03
4.134258721023797989e-03
3.581062424927949905e-03
3.508974099531769753e-03
3.549686400219798088e-03
3.102912101894617081e-03
3.790813963860273361e-03
3.366036107763648033e-03
3.528927918523550034e-03
2.909217495471239090e-03
2.479737857356667519e-03
2.789422404021024704e-03
2.923829248175024986e-03
2.985641593113541603e-03
2.432811306789517403e-03
2.511552767828106880e-03
3.084470983594655991e-03
2.531207865104079247e-03
2.131018089130520821e-03
2.306777751073241234e-03
2.804881660267710686e-03
2.018217928707599640e-03
2.116406802088022232e-03
1.888652914203703403e-03
2.144458936527371407e-03
2.093562623485922813e-03
2.360424492508172989e-03
2.390288049355149269e-03
1.828859094530344009e-03
2.255582716315984726e-03
2.090879250317811966e-03
2.032024553045630455e-03
1.901587587781250477e-03
1.988927600905299187e-03
1.870211795903742313e-03
2.101087709888815880e-03
1.545208157040178776e-03
1.947001670487225056e-03
2.144160214811563492e-03
1.832987531088292599e-03
1.745989313349127769e-03
1.566101214848458767e-03
1.873468165285885334e-03
1.953654689714312553e-03
1.826035557314753532e-03
2.112784422934055328e-03
1.805783133022487164e-03
1.637250301428139210e-03
1.627340330742299557e-03
1.828926149755716324e-03
2.022852422669529915e-03
2.283061388880014420e-03
1.962759764865040779e-03
1.607386744581162930e-03
2.355722943320870399e-03
1.716631930321455002e-03
1.952276681549847126e-03
1.848514075390994549e-03
2.048721769824624062e-03
2.116912975907325745e-03
2.179895993322134018e-03
2.604442415758967400e-03
1.909179962240159512e-03
2.536916173994541168e-03
2.207143465057015419e-03
2.070559421554207802e-03
2.191019477322697639e-03
2.099916804581880569e-03
2.368590328842401505e-03
2.137439791113138199e-03
2.166797174140810966e-03
1.690024975687265396e-03
2.504234667867422104e-03
2.723390003666281700e-03
2.931189723312854767e-03
