5.537177324295043945e-01
1.007354259490966797e-01
5.467298626899719238e-02
3.512261807918548584e-02
2.418278530240058899e-02
1.926247775554656982e-02
1.523201353847980499e-02
1.282420475035905838e-02
1.151561178267002106e-02
9.317176416516304016e-03
9.605066850781440735e-03
8.060927502810955048e-03
7.537491619586944580e-03
6.045696325600147247e-03
6.019524298608303070e-03
5.626946687698364258e-03
5.600774660706520081e-03
4.894134588539600372e-03
4.894135054200887680e-03
4.710932262241840363e-03
4.815619438886642456e-03
4.135151393711566925e-03
3.821089398115873337e-03
4.056635778397321701e-03
3.768745576962828636e-03
3.664058167487382889e-03
3.742573782801628113e-03
3.088277764618396759e-03
3.062105737626552582e-03
2.617184538394212723e-03
3.035934176295995712e-03
3.035934176295995712e-03
2.905074972659349442e-03
3.297652350738644600e-03
3.271480556577444077e-03
2.407809719443321228e-03
3.009762149304151535e-03
2.931246533989906311e-03
3.140621352940797806e-03
3.664058167487382889e-03
3.166793379932641983e-03
2.878903178498148918e-03
3.454683348536491394e-03
2.748043742030858994e-03
3.035933943465352058e-03
2.931246766820549965e-03
2.852731151506304741e-03
3.664058167487382889e-03
3.794917371124029160e-03
4.423041827976703644e-03
