6.550372838973999023e-01
9.083224833011627197e-02
3.619457036256790161e-02
1.867363229393959045e-02
1.444709021598100662e-02
1.283332053571939468e-02
8.376237936317920685e-03
6.531928665935993195e-03
6.685621570795774460e-03
6.301390472799539566e-03
3.996003419160842896e-03
4.918158520013093948e-03
4.072849638760089874e-03
3.304387908428907394e-03
5.225543398410081863e-03
3.919157199561595917e-03
4.303388297557830811e-03
2.920156577602028847e-03
3.611772553995251656e-03
2.612771699205040932e-03
3.996003419160842896e-03
3.150695236399769783e-03
3.534926567226648331e-03
2.228540601208806038e-03
2.689617918804287910e-03
2.689617918804287910e-03
1.998001709580421448e-03
2.535925479605793953e-03
2.305386587977409363e-03
2.305386587977409363e-03
1.921155722811818123e-03
2.382232807576656342e-03
1.921155722811818123e-03
1.460078288801014423e-03
1.921155722811818123e-03
2.305386587977409363e-03
2.382232807576656342e-03
2.074848162010312080e-03
2.228540601208806038e-03
1.536924508400261402e-03
1.690616831183433533e-03
2.228540601208806038e-03
1.306385849602520466e-03
1.690616831183433533e-03
1.998001709580421448e-03
1.690616831183433533e-03
1.383232185617089272e-03
1.075847074389457703e-03
1.460078288801014423e-03
1.921155722811818123e-03
1.383232185617089272e-03
1.998001709580421448e-03
1.306385849602520466e-03
7.684622542001307011e-04
1.536924508400261402e-03
1.306385849602520466e-03
9.990008547902107239e-04
1.383232185617089272e-03
9.221546351909637451e-04
1.383232185617089272e-03
1.536924508400261402e-03
4.610773175954818726e-04
1.229539630003273487e-03
1.152693293988704681e-03
9.221546351909637451e-04
4.610773175954818726e-04
1.152693293988704681e-03
6.916160928085446358e-04
1.152693293988704681e-03
4.610773175954818726e-04
5.379235371947288513e-04
1.152693293988704681e-03
9.990008547902107239e-04
9.990008547902107239e-04
7.684622542001307011e-04
8.453084155917167664e-04
4.610773175954818726e-04
6.147698150016367435e-04
9.990008547902107239e-04
9.221546351909637451e-04
6.916160928085446358e-04
6.916160928085446358e-04
6.916160928085446358e-04
1.075847074389457703e-03
5.379235371947288513e-04
6.147698150016367435e-04
7.684622542001307011e-04
7.684622542001307011e-04
4.610773175954818726e-04
4.610773175954818726e-04
6.916160928085446358e-04
7.684622542001307011e-04
3.842311271000653505e-04
3.073849075008183718e-04
2.305386587977409363e-04
3.073849075008183718e-04
1.536924537504091859e-04
3.073849075008183718e-04
2.305386587977409363e-04
