3.004807513207197189e-03
1.953125000000000000e-03
1.852964633144438267e-03
1.602564123459160328e-03
1.602564007043838501e-03
1.602564007043838501e-03
1.101762754842638969e-03
1.252003130502998829e-03
9.014422539621591568e-04
7.512018783017992973e-04
1.252003130502998829e-03
1.151842880062758923e-03
8.513621287420392036e-04
1.001602504402399063e-03
1.201923005282878876e-03
1.252003130502998829e-03
7.011217530816793442e-04
1.001602504402399063e-03
1.101762754842638969e-03
1.252003130502998829e-03
8.012820035219192505e-04
1.201923005282878876e-03
1.252003246918320656e-03
1.051682629622519016e-03
1.051682629622519016e-03
7.512018783017992973e-04
1.502403873018920422e-03
1.352163497358560562e-03
1.101762754842638969e-03
1.101762754842638969e-03
1.802884507924318314e-03
1.552483881823718548e-03
1.852964749559760094e-03
1.201923005282878876e-03
2.904647495597600937e-03
2.153445500880479813e-03
2.704326994717121124e-03
3.305288264527916908e-03
3.956330008804798126e-03
4.156650975346565247e-03
4.507211502641439438e-03
5.709134042263031006e-03
5.709134507924318314e-03
7.311698049306869507e-03
9.164663031697273254e-03
1.372195500880479813e-02
1.797876507043838501e-02
2.619190514087677002e-02
5.158253014087677002e-02
7.949720025062561035e-01
