3.015681577380746603e-04
1.507840788690373302e-04
0.000000000000000000e+00
1.507840788690373302e-04
4.523522220551967621e-04
1.507840788690373302e-04
6.031363154761493206e-04
3.015681577380746603e-04
0.000000000000000000e+00
4.523522220551967621e-04
3.015681577380746603e-04
1.507840788690373302e-04
1.507840788690373302e-04
4.523522220551967621e-04
7.539204088971018791e-04
3.015681577380746603e-04
6.031363154761493206e-04
0.000000000000000000e+00
3.015681577380746603e-04
7.539204088971018791e-04
7.539204088971018791e-04
3.015681577380746603e-04
6.031363154761493206e-04
7.539204088971018791e-04
6.031363154761493206e-04
7.539204088971018791e-04
6.031363154761493206e-04
1.055488595739006996e-03
6.031363154761493206e-04
4.523522220551967621e-04
6.031363154761493206e-04
1.055488595739006996e-03
9.047044441103935242e-04
6.031363154761493206e-04
1.206272630952298641e-03
1.357056782580912113e-03
1.206272630952298641e-03
2.110977191478013992e-03
3.166465554386377335e-03
2.412545261904597282e-03
2.714113332331180573e-03
3.015681635588407516e-03
4.372738301753997803e-03
4.071169532835483551e-03
6.031363271176815033e-03
8.142340928316116333e-03
1.100723817944526672e-02
2.005428075790405273e-02
3.890229016542434692e-02
8.742460608482360840e-01
