7.230621576309204102e-01
5.187103897333145142e-02
2.589375153183937073e-02
1.516037434339523315e-02
1.365686580538749695e-02
1.031573675572872162e-02
8.561644703149795532e-03
5.972268525511026382e-03
5.930504761636257172e-03
5.596391856670379639e-03
5.888740532100200653e-03
4.635817371308803558e-03
3.717006184160709381e-03
3.717006416991353035e-03
3.675242187455296516e-03
4.009355325251817703e-03
4.426996223628520966e-03
2.255262341350317001e-03
2.213498111814260483e-03
3.007016377523541451e-03
2.297026570886373520e-03
3.341129282489418983e-03
3.257601056247949600e-03
1.921149436384439468e-03
2.422318793833255768e-03
1.754092867486178875e-03
2.464083023369312286e-03
2.505847020074725151e-03
2.213498344644904137e-03
2.129969885572791100e-03
2.088205888867378235e-03
2.088205888867378235e-03
2.923488151282072067e-03
2.464083023369312286e-03
2.004677662625908852e-03
2.589375246316194534e-03
2.464083023369312286e-03
2.380554564297199249e-03
2.004677662625908852e-03
2.464083023369312286e-03
2.338790800422430038e-03
2.756431698799133301e-03
3.215837059542536736e-03
3.007016610354185104e-03
3.717006184160709381e-03
4.092883784323930740e-03
3.884062636643648148e-03
4.385231994092464447e-03
6.264617666602134705e-03
1.499331742525100708e-02
