7.050691246986389160e-01
1.908656954765319824e-02
1.023972406983375549e-02
9.981399402022361755e-03
1.180243305861949921e-02
9.981399402022361755e-03
0.000000000000000000e+00
1.821034005843102932e-03
0.000000000000000000e+00
3.176523372530937195e-02
0.000000000000000000e+00
1.475802250206470490e-02
1.996279880404472351e-02
1.821034005843102932e-03
1.657905615866184235e-02
4.776622168719768524e-03
0.000000000000000000e+00
0.000000000000000000e+00
0.000000000000000000e+00
1.821034005843102932e-03
9.981399402022361755e-03
1.821034005843102932e-03
4.776622168719768524e-03
0.000000000000000000e+00
9.981399402022361755e-03
0.000000000000000000e+00
0.000000000000000000e+00
0.000000000000000000e+00
9.981399402022361755e-03
9.981399402022361755e-03
0.000000000000000000e+00
0.000000000000000000e+00
0.000000000000000000e+00
0.000000000000000000e+00
0.000000000000000000e+00
0.000000000000000000e+00
0.000000000000000000e+00
0.000000000000000000e+00
9.981399402022361755e-03
1.821034005843102932e-03
4.776622168719768524e-03
0.000000000000000000e+00
0.000000000000000000e+00
0.000000000000000000e+00
0.000000000000000000e+00
1.821034005843102932e-03
1.180243398994207382e-02
9.981399402022361755e-03
9.553244337439537048e-03
4.427406564354896545e-02
