5.140020977705717087e-03
1.595179084688425064e-03
9.748316369950771332e-04
7.975895423442125320e-04
8.862105896696448326e-04
8.862105460138991475e-05
9.748316369950771332e-04
6.203473894856870174e-04
5.317263421602547169e-04
3.544842184055596590e-04
7.975895423442125320e-04
2.658631710801273584e-04
6.203473894856870174e-04
6.203473894856870174e-04
5.317263421602547169e-04
7.089684368111193180e-04
0.000000000000000000e+00
4.431052657309919596e-04
3.544842184055596590e-04
5.317263421602547169e-04
1.772421092027798295e-04
2.658631710801273584e-04
7.089684368111193180e-04
2.658631710801273584e-04
5.317263421602547169e-04
5.317263421602547169e-04
4.431052657309919596e-04
5.317263421602547169e-04
1.772421092027798295e-04
3.544842184055596590e-04
6.203473894856870174e-04
7.089684368111193180e-04
4.431052657309919596e-04
3.544842184055596590e-04
1.063452684320509434e-03
1.595179084688425064e-03
1.152073731645941734e-03
8.862105896696448326e-04
1.152073731645941734e-03
7.975895423442125320e-04
9.748316369950771332e-04
1.152073731645941734e-03
1.152073731645941734e-03
2.835873747244477272e-03
2.304147463291883469e-03
2.658631652593612671e-03
4.342431668192148209e-03
4.874158184975385666e-03
1.249556895345449448e-02
9.376108050346374512e-01
