1.297236233949661255e-02
1.128031522966921329e-03
4.512126557528972626e-03
2.256063045933842659e-03
1.692047342658042908e-03
5.640157614834606647e-04
0.000000000000000000e+00
4.512126091867685318e-03
2.820078749209642410e-03
5.640157614834606647e-04
1.128031522966921329e-03
0.000000000000000000e+00
0.000000000000000000e+00
5.640157614834606647e-04
5.640157614834606647e-04
1.128031522966921329e-03
0.000000000000000000e+00
5.640157614834606647e-04
1.692047342658042908e-03
1.692047342658042908e-03
1.128031522966921329e-03
5.640157614834606647e-04
1.692047342658042908e-03
1.692047342658042908e-03
1.692047342658042908e-03
5.640157614834606647e-04
1.128031522966921329e-03
5.640157614834606647e-04
1.128031522966921329e-03
5.640157614834606647e-04
1.128031522966921329e-03
1.692047342658042908e-03
2.256063045933842659e-03
5.640157614834606647e-04
5.640157614834606647e-04
5.640157614834606647e-04
1.128031522966921329e-03
2.256063045933842659e-03
2.256063045933842659e-03
1.128031522966921329e-03
2.256063045933842659e-03
2.820078749209642410e-03
2.256063045933842659e-03
3.384094685316085815e-03
1.692047342658042908e-03
3.948110621422529221e-03
5.076142027974128723e-03
3.722504153847694397e-02
1.297236382961273193e-01
7.501410245895385742e-01
