1.153532182797789574e-03
1.140884938649833202e-03
5.196622223593294621e-04
1.279221381992101669e-03
5.477824015542864799e-04
2.980197896249592304e-04
7.154049817472696304e-04
9.933993715094402432e-05
8.313838043250143528e-04
7.791350362822413445e-04
1.808749220799654722e-04
2.572523080743849277e-04
2.018416998907923698e-04
6.797951064072549343e-04
5.752975703217089176e-04
9.602347272448241711e-04
2.216424327343702316e-04
6.505089113488793373e-04
1.863063080236315727e-03
1.547505380585789680e-04
3.732311306521296501e-04
1.439354149624705315e-03
1.062736613675951958e-03
2.833766629919409752e-04
1.410068012773990631e-03
1.419553533196449280e-03
6.829570047557353973e-04
7.854587165638804436e-04
1.947759883478283882e-03
1.243611332029104233e-03
2.265805145725607872e-03
1.088860910385847092e-03
1.590942963957786560e-03
2.461323514580726624e-03
2.115987706929445267e-03
1.985365524888038635e-03
2.415398135781288147e-03
1.339789479970932007e-03
2.557501196861267090e-03
5.056654568761587143e-03
3.059583250433206558e-03
4.674879834055900574e-03
6.479369942098855972e-03
5.426724441349506378e-03
1.114675961434841156e-02
1.033965870738029480e-02
1.446480490267276764e-02
1.818604022264480591e-02
3.336761519312858582e-02
8.462192416191101074e-01
