4.455503225326538086e-01
1.088992953300476074e-01
6.206089258193969727e-02
3.044496849179267883e-02
2.868852578103542328e-02
2.341920509934425354e-02
1.346604246646165848e-02
8.196720853447914124e-03
8.196721784770488739e-03
1.170960161834955215e-02
1.112412102520465851e-02
1.112412102520465851e-02
1.288056187331676483e-02
9.367682039737701416e-03
5.854801274836063385e-03
8.782201446592807770e-03
4.098360426723957062e-03
7.025761529803276062e-03
5.854800809174776077e-03
4.098360426723957062e-03
6.440280936658382416e-03
4.098360426723957062e-03
4.683840554207563400e-03
2.927400404587388039e-03
5.269320681691169739e-03
3.512880299240350723e-03
6.440280936658382416e-03
4.683841019868850708e-03
2.927400637418031693e-03
4.683841019868850708e-03
2.927400637418031693e-03
4.098360892385244370e-03
5.269321147352457047e-03
4.098360426723957062e-03
5.854801274836063385e-03
2.927400404587388039e-03
2.927400404587388039e-03
4.098360426723957062e-03
3.512880532070994377e-03
4.098360426723957062e-03
7.611241191625595093e-03
6.440280936658382416e-03
5.269320681691169739e-03
7.025761064141988754e-03
5.854801274836063385e-03
6.440280936658382416e-03
5.269321147352457047e-03
8.782201446592807770e-03
1.346604246646165848e-02
2.751756459474563599e-02
