9.118117690086364746e-01
2.924377284944057465e-02
1.393648609519004822e-02
7.082476746290922165e-03
3.883938537910580635e-03
2.741603879258036613e-03
2.513136947527527809e-03
9.138679015450179577e-04
6.854009698145091534e-04
1.370801939629018307e-03
1.142334891483187675e-03
2.284669753862544894e-04
1.827735803090035915e-03
6.854009698145091534e-04
4.569339507725089788e-04
1.142334891483187675e-03
2.284669753862544894e-04
0.000000000000000000e+00
4.569339507725089788e-04
4.569339507725089788e-04
2.284669753862544894e-04
2.284669753862544894e-04
1.142334891483187675e-03
1.142334891483187675e-03
0.000000000000000000e+00
4.569339507725089788e-04
0.000000000000000000e+00
2.284669753862544894e-04
2.284669753862544894e-04
0.000000000000000000e+00
4.569339507725089788e-04
2.284669753862544894e-04
2.284669753862544894e-04
2.284669753862544894e-04
4.569339507725089788e-04
0.000000000000000000e+00
0.000000000000000000e+00
2.284669753862544894e-04
4.569339507725089788e-04
0.000000000000000000e+00
2.284669753862544894e-04
0.000000000000000000e+00
0.000000000000000000e+00
4.569339507725089788e-04
0.000000000000000000e+00
0.000000000000000000e+00
2.284669753862544894e-04
0.000000000000000000e+00
2.284669753862544894e-04
2.284669753862544894e-04
2.284669753862544894e-04
0.000000000000000000e+00
2.284669753862544894e-04
4.569339507725089788e-04
0.000000000000000000e+00
0.000000000000000000e+00
0.000000000000000000e+00
0.000000000000000000e+00
2.284669753862544894e-04
2.284669753862544894e-04
0.000000000000000000e+00
2.284669753862544894e-04
2.284669753862544894e-04
0.000000000000000000e+00
0.000000000000000000e+00
6.854009698145091534e-04
4.569339507725089788e-04
0.000000000000000000e+00
2.284669753862544894e-04
0.000000000000000000e+00
0.000000000000000000e+00
0.000000000000000000e+00
0.000000000000000000e+00
4.569339507725089788e-04
0.000000000000000000e+00
0.000000000000000000e+00
2.284669753862544894e-04
2.284669753862544894e-04
2.284669753862544894e-04
0.000000000000000000e+00
0.000000000000000000e+00
0.000000000000000000e+00
6.854009698145091534e-04
4.569339507725089788e-04
2.284669753862544894e-04
0.000000000000000000e+00
0.000000000000000000e+00
0.000000000000000000e+00
0.000000000000000000e+00
4.569339507725089788e-04
2.284669753862544894e-04
2.284669753862544894e-04
0.000000000000000000e+00
2.284669753862544894e-04
0.000000000000000000e+00
6.854009698145091534e-04
4.569339507725089788e-04
4.569339507725089788e-04
4.569339507725089788e-04
