8.538558613508939743e-04
3.145784721709787846e-04
2.246989170089364052e-04
2.696387236937880516e-04
4.493978485697880387e-05
1.797591394279152155e-04
2.696387236937880516e-04
1.348193618468940258e-04
1.348193618468940258e-04
1.348193618468940258e-04
4.493978485697880387e-05
1.348193618468940258e-04
1.797591394279152155e-04
1.348193618468940258e-04
8.987956971395760775e-05
8.987956971395760775e-05
4.493978485697880387e-05
2.246989170089364052e-04
4.493978485697880387e-05
1.348193472949787974e-04
1.348193618468940258e-04
1.348193618468940258e-04
0.000000000000000000e+00
4.493978485697880387e-05
2.246989170089364052e-04
8.987956971395760775e-05
8.987956971395760775e-05
4.493978485697880387e-05
2.246989170089364052e-04
1.348193618468940258e-04
8.987956971395760775e-05
8.987956971395760775e-05
4.493978485697880387e-05
3.145784721709787846e-04
1.797591394279152155e-04
1.797591394279152155e-04
3.595182788558304310e-04
1.348193618468940258e-04
1.348193618468940258e-04
3.595182788558304310e-04
3.145784721709787846e-04
1.348193472949787974e-04
8.987956971395760775e-05
4.493978340178728104e-04
6.291569443419575691e-04
4.943376407027244568e-04
9.437354165129363537e-04
1.617832109332084656e-03
2.516627777367830276e-03
9.861136078834533691e-01
