1.169317038147710264e-04
1.753975666360929608e-04
5.846585190738551319e-05
1.169317038147710264e-04
5.846585190738551319e-05
2.338634221814572811e-04
1.169317038147710264e-04
1.169317038147710264e-04
5.846585190738551319e-05
0.000000000000000000e+00
5.846585190738551319e-05
5.846585190738551319e-05
1.753975520841777325e-04
1.169317038147710264e-04
0.000000000000000000e+00
1.169317038147710264e-04
1.169317038147710264e-04
1.753975520841777325e-04
1.169317038147710264e-04
1.169317038147710264e-04
1.753975520841777325e-04
1.753975666360929608e-04
0.000000000000000000e+00
2.923292631749063730e-04
1.169317038147710264e-04
1.753975520841777325e-04
5.846585190738551319e-05
2.923292631749063730e-04
1.753975520841777325e-04
4.092609742656350136e-04
1.169317038147710264e-04
1.753975666360929608e-04
2.923292631749063730e-04
2.923292631749063730e-04
3.507951041683554649e-04
4.092609742656350136e-04
2.923292631749063730e-04
4.092609742656350136e-04
6.431243964470922947e-04
1.052385312505066395e-03
9.354536887258291245e-04
4.677268152590841055e-04
1.110851299017667770e-03
9.354536887258291245e-04
1.870907377451658249e-03
3.391019301488995552e-03
5.320392549037933350e-03
7.600560784339904785e-03
2.005378715693950653e-02
9.503040313720703125e-01
