4.655974730849266052e-02
1.965855993330478668e-02
1.810657046735286713e-02
1.526125147938728333e-02
1.267459895461797714e-02
1.396792661398649216e-02
9.570616297423839569e-03
8.535955101251602173e-03
9.311949834227561951e-03
8.277289569377899170e-03
1.112260669469833374e-02
9.570615366101264954e-03
5.690636578947305679e-03
5.431971047073602676e-03
6.207966711372137070e-03
7.242628373205661774e-03
5.949301645159721375e-03
5.690636113286018372e-03
5.690636113286018372e-03
6.207967177033424377e-03
5.949301645159721375e-03
8.794619701802730560e-03
8.535954169929027557e-03
8.018624037504196167e-03
6.983963306993246078e-03
5.949302110821008682e-03
5.431971047073602676e-03
7.501293439418077469e-03
4.914640448987483978e-03
7.242628373205661774e-03
6.466632708907127380e-03
6.983963306993246078e-03
5.690637044608592987e-03
5.173305980861186981e-03
6.725297309458255768e-03
8.018623106181621552e-03
8.535954169929027557e-03
9.311949834227561951e-03
8.018624037504196167e-03
8.018624037504196167e-03
9.829279966652393341e-03
5.173305515199899673e-03
1.138127315789461136e-02
1.474392134696245193e-02
1.965856179594993591e-02
2.509053424000740051e-02
3.078116849064826965e-02
4.578375443816184998e-02
6.363166123628616333e-02
4.009312093257904053e-01
