4.765929877758026123e-01
1.119635850191116333e-01
5.968790501356124878e-02
3.719115629792213440e-02
3.159948065876960754e-02
2.158647589385509491e-02
1.703510992228984833e-02
1.612483710050582886e-02
1.690507121384143829e-02
1.261378452181816101e-02
1.274382323026657104e-02
1.209362782537937164e-02
8.842652663588523865e-03
1.066319830715656281e-02
1.066319923847913742e-02
1.053315959870815277e-02
8.322496898472309113e-03
8.582574315369129181e-03
8.192457258701324463e-03
7.542262785136699677e-03
6.111833732575178146e-03
6.371911615133285522e-03
4.811443388462066650e-03
5.721716210246086121e-03
5.981794558465480804e-03
5.461638327687978745e-03
5.331599619239568710e-03
4.291287623345851898e-03
4.811443388462066650e-03
3.901170101016759872e-03
4.161247983574867249e-03
3.250975161790847778e-03
2.990897279232740402e-03
2.470741048455238342e-03
3.901170101016759872e-03
2.730819396674633026e-03
2.470741048455238342e-03
3.120935987681150436e-03
2.730818931013345718e-03
1.950585283339023590e-03
1.950585166923701763e-03
1.690507167950272560e-03
2.470741281285881996e-03
1.560468226671218872e-03
1.170350937172770500e-03
1.690507167950272560e-03
2.080624224618077278e-03
1.300390111282467842e-03
1.820546109229326248e-03
2.210663165897130966e-03
