4.687034487724304199e-01
1.087928488850593567e-01
6.439642071723937988e-02
3.576751053333282471e-02
2.309984900057315826e-02
2.160953730344772339e-02
2.533532120287418365e-02
2.384500764310359955e-02
1.564828678965568542e-02
1.341281644999980927e-02
1.713860034942626953e-02
1.266765967011451721e-02
1.415797229856252670e-02
7.451564539223909378e-03
1.713860034942626953e-02
1.266765967011451721e-02
1.043219026178121567e-02
1.192250289022922516e-02
8.941877633333206177e-03
6.706408224999904633e-03
1.117734797298908234e-02
8.196720853447914124e-03
3.725782036781311035e-03
2.235469408333301544e-03
5.961251910775899887e-03
3.725782036781311035e-03
6.706408224999904633e-03
7.451564306393265724e-04
4.470938816666603088e-03
5.961251910775899887e-03
4.470938816666603088e-03
5.961251445114612579e-03
2.980625722557306290e-03
2.235469408333301544e-03
4.470938816666603088e-03
7.451564306393265724e-04
7.451564306393265724e-04
4.470938816666603088e-03
7.451564306393265724e-04
1.490312861278653145e-03
1.490312861278653145e-03
7.451564306393265724e-04
2.235469408333301544e-03
1.490312861278653145e-03
1.490312861278653145e-03
2.490312861278653145e-03
4.451564306393265724e-04
6.451564306393265724e-04
7.451564306393265724e-04
1.490312861278653145e-03
