4.424496889114379883e-01
1.140601038932800293e-01
6.523211300373077393e-02
5.424013733863830566e-02
3.289179876446723938e-02
1.620012521743774414e-02
3.032120876014232635e-02
1.252656430006027222e-02
2.348731271922588348e-02
3.613627050071954727e-03
7.778738625347614288e-03
9.706681594252586365e-03
8.020998910069465637e-03
9.222161024808883667e-03
4.807759542018175125e-03
3.613626817241311073e-03
1.546631380915641785e-02
5.850794725120067596e-03
0.000000000000000000e+00
8.330223150551319122e-03
7.536477409303188324e-03
4.656661767512559891e-03
5.850794725120067596e-03
2.970978850498795509e-03
7.044927217066287994e-03
7.044927217066287994e-03
8.730610832571983337e-03
7.136090658605098724e-03
5.850794725120067596e-03
2.328330883756279945e-03
4.807759542018175125e-03
3.371366066858172417e-03
3.522463608533143997e-03
6.426479085348546505e-04
6.426479085348546505e-04
7.536477409303188324e-03
6.426479085348546505e-04
6.426479085348546505e-04
1.685683033429086208e-03
6.426479085348546505e-04
1.685683033429086208e-03
6.426479085348546505e-04
5.057048983871936798e-03
4.165111575275659561e-03
8.730609901249408722e-03
2.970978850498795509e-03
5.208146758377552032e-03
4.165111575275659561e-03
1.225307397544384003e-02
4.014013800770044327e-03
