2.841194393113255501e-03
5.832362454384565353e-03
5.015298258513212204e-03
4.494406748563051224e-03
4.910800606012344360e-03
5.232662428170442581e-03
3.952350467443466187e-03
4.427016247063875198e-03
3.932539839297533035e-03
4.424814600497484207e-03
3.624199889600276947e-03
4.015026148408651352e-03
4.601832479238510132e-03
3.685302333906292915e-03
4.410035908222198486e-03
4.421356134116649628e-03
4.532868042588233948e-03
4.854730330407619476e-03
4.119304474443197250e-03
3.872066270560026169e-03
3.582908073440194130e-03
4.488746635615825653e-03
4.608120769262313843e-03
5.212852265685796738e-03
5.095679778605699539e-03
3.941029775887727737e-03
5.460090003907680511e-03
4.671424161642789841e-03
4.308270756155252457e-03
4.541358444839715958e-03
5.037407856434583664e-03
4.605290945619344711e-03
3.896908136084675789e-03
5.943246185779571533e-03
5.512701813131570816e-03
5.115490406751632690e-03
4.793000407516956329e-03
5.283072590827941895e-03
5.946076009422540665e-03
5.410308483988046646e-03
5.090648308396339417e-03
5.170932505279779434e-03
5.330969579517841339e-03
5.705127026885747910e-03
5.169358570128679276e-03
5.652514752000570297e-03
4.616927821189165115e-03
5.951736122369766235e-03
4.666392225772142410e-03
5.298796575516462326e-03
5.234864074736833572e-03
6.565586198121309280e-03
5.599902942776679993e-03
5.357696674764156342e-03
7.118651177734136581e-03
7.249656133353710175e-03
5.590784363448619843e-03
6.870467681437730789e-03
6.826662924140691757e-03
6.082430481910705566e-03
6.652158685028553009e-03
6.163342855870723724e-03
7.308872882276773453e-03
6.941317580640316010e-03
6.751094013452529907e-03
7.270412519574165344e-03
7.462836802005767822e-03
7.759228348731994629e-03
8.328328840434551239e-03
7.346292492002248764e-03
7.842971011996269226e-03
7.164559792727231979e-03
8.693367242813110352e-03
9.684520773589611053e-03
8.764532394707202911e-03
9.623418562114238739e-03
9.911851026117801666e-03
9.274733252823352814e-03
1.075753197073936462e-02
1.236348226666450500e-02
1.070366427302360535e-02
1.058837678283452988e-02
1.233790814876556396e-02
1.249008439481258392e-02
1.269247382879257202e-02
1.289978157728910446e-02
1.267539709806442261e-02
1.465905737131834030e-02
1.416637655347585678e-02
1.514391135424375534e-02
1.567329652607440948e-02
1.727841794490814209e-02
1.687230356037616730e-02
2.001244202256202698e-02
2.070511505007743835e-02
2.178206667304039001e-02
2.768631651997566223e-02
3.491773828864097595e-02
4.537222906947135925e-02
