3.257753560319542885e-04
2.931978087872266769e-04
6.841282011009752750e-04
3.909304214175790548e-04
2.606202906463295221e-04
4.235079395584762096e-04
4.560854576993733644e-04
2.931978087872266769e-04
2.280427288496866822e-04
2.931978087872266769e-04
1.954652107087895274e-04
4.235079395584762096e-04
1.954652107087895274e-04
1.954652107087895274e-04
9.773260535439476371e-05
2.280427288496866822e-04
1.303101453231647611e-04
2.931978087872266769e-04
2.931978087872266769e-04
2.606202906463295221e-04
4.235079395584762096e-04
3.257753560319542885e-04
2.931978087872266769e-04
1.954652107087895274e-04
2.280427288496866822e-04
3.257753560319542885e-04
2.280427288496866822e-04
2.931978087872266769e-04
3.583528741728514433e-04
2.280427288496866822e-04
2.606202906463295221e-04
2.606202906463295221e-04
5.212405812926590443e-04
1.628876780159771442e-04
1.303101453231647611e-04
4.560854576993733644e-04
2.606202906463295221e-04
3.257753560319542885e-04
1.954652107087895274e-04
3.583528741728514433e-04
1.954652107087895274e-04
3.909304214175790548e-04
9.773260535439476371e-05
2.606202906463295221e-04
4.235079395584762096e-04
3.583528741728514433e-04
2.931978087872266769e-04
2.606202906463295221e-04
2.606202906463295221e-04
4.560854576993733644e-04
4.235079395584762096e-04
2.931978087872266769e-04
4.560854576993733644e-04
4.560854576993733644e-04
2.280427288496866822e-04
4.560854576993733644e-04
3.257753560319542885e-04
2.606202906463295221e-04
3.583528741728514433e-04
3.583528741728514433e-04
5.863956175744533539e-04
5.863956175744533539e-04
3.583528741728514433e-04
4.235079395584762096e-04
2.931978087872266769e-04
6.189731648191809654e-04
7.492832955904304981e-04
6.189731648191809654e-04
8.144383900798857212e-04
8.144383900798857212e-04
8.795934263616800308e-04
7.818608428351581097e-04
8.470158791169524193e-04
9.773260680958628654e-04
9.121709153987467289e-04
9.773260680958628654e-04
1.433411496691405773e-03
1.107636140659451485e-03
1.270523876883089542e-03
1.368256402201950550e-03
1.303101424127817154e-03
1.433411496691405773e-03
1.954652136191725731e-03
1.596299116499722004e-03
2.443314995616674423e-03
1.889497041702270508e-03
2.899400657042860985e-03
2.573625184595584869e-03
3.029710613191127777e-03
3.681261325255036354e-03
3.844149177893996239e-03
5.440447945147752762e-03
6.417774129658937454e-03
7.916340604424476624e-03
9.838415309786796570e-03
1.524628605693578720e-02
2.329293638467788696e-02
3.664972633123397827e-02
6.942272931337356567e-02
