7.184466123580932617e-01
8.663181215524673462e-02
6.572068482637405396e-02
3.808812424540519714e-02
1.867065019905567169e-02
1.194921601563692093e-02
6.721433717757463455e-03
2.987304003909230232e-03
1.493652001954615116e-03
2.240478061139583588e-03
1.493652001954615116e-03
7.468260009773075581e-04
7.468260009773075581e-04
1.493652001954615116e-03
0.000000000000000000e+00
2.240478061139583588e-03
0.000000000000000000e+00
0.000000000000000000e+00
0.000000000000000000e+00
2.987304003909230232e-03
1.493652001954615116e-03
1.493652001954615116e-03
0.000000000000000000e+00
7.468260009773075581e-04
7.468260009773075581e-04
1.493652001954615116e-03
1.493652001954615116e-03
0.000000000000000000e+00
7.468260009773075581e-04
7.468260009773075581e-04
0.000000000000000000e+00
1.493652001954615116e-03
0.000000000000000000e+00
0.000000000000000000e+00
7.468260009773075581e-04
0.000000000000000000e+00
0.000000000000000000e+00
0.000000000000000000e+00
0.000000000000000000e+00
7.468260009773075581e-04
0.000000000000000000e+00
0.000000000000000000e+00
0.000000000000000000e+00
0.000000000000000000e+00
0.000000000000000000e+00
0.000000000000000000e+00
0.000000000000000000e+00
0.000000000000000000e+00
7.468260009773075581e-04
0.000000000000000000e+00
0.000000000000000000e+00
1.493652001954615116e-03
0.000000000000000000e+00
7.468260009773075581e-04
0.000000000000000000e+00
0.000000000000000000e+00
0.000000000000000000e+00
0.000000000000000000e+00
7.468260009773075581e-04
7.468260009773075581e-04
0.000000000000000000e+00
0.000000000000000000e+00
0.000000000000000000e+00
1.493652001954615116e-03
0.000000000000000000e+00
7.468260009773075581e-04
7.468260009773075581e-04
0.000000000000000000e+00
7.468260009773075581e-04
7.468260009773075581e-04
0.000000000000000000e+00
0.000000000000000000e+00
0.000000000000000000e+00
0.000000000000000000e+00
7.468260009773075581e-04
7.468260009773075581e-04
0.000000000000000000e+00
0.000000000000000000e+00
7.468260009773075581e-04
0.000000000000000000e+00
0.000000000000000000e+00
1.493652001954615116e-03
7.468260009773075581e-04
7.468260009773075581e-04
7.468260009773075581e-04
0.000000000000000000e+00
0.000000000000000000e+00
2.987304003909230232e-03
0.000000000000000000e+00
0.000000000000000000e+00
0.000000000000000000e+00
0.000000000000000000e+00
7.468260009773075581e-04
7.468260009773075581e-04
0.000000000000000000e+00
0.000000000000000000e+00
1.493652001954615116e-03
1.493652001954615116e-03
1.493652001954615116e-03
