6.863157749176025391e-01
6.315789371728897095e-02
2.526315860450267792e-02
2.947368472814559937e-02
1.894736848771572113e-02
1.473684236407279968e-02
6.315789651125669479e-03
4.210526123642921448e-03
6.315789651125669479e-03
6.315789651125669479e-03
1.263157930225133896e-02
4.210526123642921448e-03
4.210526123642921448e-03
2.105263061821460724e-03
8.421052247285842896e-03
2.105263061821460724e-03
0.000000000000000000e+00
0.000000000000000000e+00
0.000000000000000000e+00
0.000000000000000000e+00
0.000000000000000000e+00
2.105263061821460724e-03
8.421052247285842896e-03
2.105263061821460724e-03
0.000000000000000000e+00
0.000000000000000000e+00
0.000000000000000000e+00
2.105263061821460724e-03
2.105263061821460724e-03
6.315789651125669479e-03
2.105263061821460724e-03
2.105263061821460724e-03
0.000000000000000000e+00
2.105263061821460724e-03
0.000000000000000000e+00
4.210526123642921448e-03
2.105263061821460724e-03
0.000000000000000000e+00
4.210526123642921448e-03
0.000000000000000000e+00
0.000000000000000000e+00
2.105263061821460724e-03
0.000000000000000000e+00
0.000000000000000000e+00
0.000000000000000000e+00
0.000000000000000000e+00
0.000000000000000000e+00
2.105263061821460724e-03
0.000000000000000000e+00
6.315789651125669479e-03
2.105263061821460724e-03
0.000000000000000000e+00
0.000000000000000000e+00
2.105263061821460724e-03
0.000000000000000000e+00
0.000000000000000000e+00
0.000000000000000000e+00
2.105263061821460724e-03
2.105263061821460724e-03
4.210526123642921448e-03
2.105263061821460724e-03
2.105263061821460724e-03
2.105263061821460724e-03
0.000000000000000000e+00
0.000000000000000000e+00
0.000000000000000000e+00
0.000000000000000000e+00
4.210526123642921448e-03
0.000000000000000000e+00
2.105263061821460724e-03
0.000000000000000000e+00
0.000000000000000000e+00
0.000000000000000000e+00
0.000000000000000000e+00
2.105263061821460724e-03
0.000000000000000000e+00
0.000000000000000000e+00
0.000000000000000000e+00
0.000000000000000000e+00
0.000000000000000000e+00
0.000000000000000000e+00
0.000000000000000000e+00
0.000000000000000000e+00
2.105263061821460724e-03
0.000000000000000000e+00
0.000000000000000000e+00
2.105263061821460724e-03
0.000000000000000000e+00
2.105263061821460724e-03
2.105263061821460724e-03
0.000000000000000000e+00
0.000000000000000000e+00
8.421052247285842896e-03
2.105263061821460724e-03
2.105263061821460724e-03
0.000000000000000000e+00
2.105263061821460724e-03
0.000000000000000000e+00
2.105263061821460724e-03
