4.462016373872756958e-02
2.005083300173282623e-02
1.637955382466316223e-02
7.342558819800615311e-03
7.624964695423841476e-03
9.036995470523834229e-03
8.189776912331581116e-03
6.777746602892875671e-03
6.777746602892875671e-03
5.648122169077396393e-03
5.083309952169656754e-03
6.777746602892875671e-03
4.518497735261917114e-03
2.824061084538698196e-03
5.365715827792882919e-03
4.800903610885143280e-03
4.800903610885143280e-03
4.236091393977403641e-03
3.388873301446437836e-03
5.365715827792882919e-03
4.236091393977403641e-03
3.953685518354177475e-03
3.388873301446437836e-03
2.541654976084828377e-03
2.259248867630958557e-03
2.824061084538698196e-03
2.824061084538698196e-03
2.541654976084828377e-03
5.648122169077396393e-03
2.824061084538698196e-03
2.541654976084828377e-03
2.259248867630958557e-03
3.388873301446437836e-03
4.518497735261917114e-03
1.976842759177088737e-03
3.106467192992568016e-03
2.259248867630958557e-03
1.412030542269349098e-03
1.129624433815479279e-03
3.388873301446437836e-03
2.824061084538698196e-03
3.388873301446437836e-03
1.412030542269349098e-03
2.259248867630958557e-03
3.106467192992568016e-03
1.694436650723218918e-03
2.824061084538698196e-03
3.953685518354177475e-03
1.976842759177088737e-03
4.236091393977403641e-03
4.236091393977403641e-03
3.953685518354177475e-03
3.953685518354177475e-03
3.953685518354177475e-03
3.388873301446437836e-03
1.694436650723218918e-03
3.953685518354177475e-03
1.694436650723218918e-03
1.976842759177088737e-03
1.694436650723218918e-03
2.824061084538698196e-03
4.800903610885143280e-03
3.671279409900307655e-03
4.800903610885143280e-03
4.518497735261917114e-03
4.236091393977403641e-03
3.671279409900307655e-03
5.083309952169656754e-03
4.236091393977403641e-03
2.824061084538698196e-03
2.824061084538698196e-03
2.824061084538698196e-03
2.824061084538698196e-03
3.953685518354177475e-03
2.824061084538698196e-03
3.671279409900307655e-03
4.236091393977403641e-03
4.800903610885143280e-03
4.518497735261917114e-03
4.236091393977403641e-03
3.388873301446437836e-03
2.824061084538698196e-03
5.648122169077396393e-03
7.624964695423841476e-03
8.189776912331581116e-03
6.777746602892875671e-03
8.472182787954807281e-03
5.648122169077396393e-03
6.777746602892875671e-03
9.319401346147060394e-03
9.319401346147060394e-03
9.884213097393512726e-03
1.214346196502447128e-02
1.129624433815479279e-02
1.863880269229412079e-02
2.343970537185668945e-02
3.643038868904113770e-02
4.772663116455078125e-02
6.269415467977523804e-02
