6.518171429634094238e-01
5.718379467725753784e-02
3.621206060051918030e-02
2.579132467508316040e-02
1.693369820713996887e-02
1.120229251682758331e-02
7.424775511026382446e-03
9.769441559910774231e-03
6.382701452821493149e-03
4.819591064006090164e-03
3.647258039563894272e-03
4.949850030243396759e-03
4.689331632107496262e-03
4.298554267734289169e-03
3.386739641427993774e-03
3.386739641427993774e-03
3.516998840495944023e-03
2.605184214189648628e-03
2.084147417917847633e-03
2.214406616985797882e-03
3.256480442360043526e-03
2.474925015121698380e-03
1.693369820713996887e-03
1.823629019781947136e-03
1.823629019781947136e-03
2.474925015121698380e-03
3.256480442360043526e-03
2.214406616985797882e-03
2.605184214189648628e-03
2.605184214189648628e-03
1.302592107094824314e-03
2.084147417917847633e-03
1.693369820713996887e-03
1.042073708958923817e-03
1.302592107094824314e-03
9.118145098909735680e-04
2.474925015121698380e-03
2.474925015121698380e-03
1.563110621646046638e-03
1.302592107094824314e-03
1.302592107094824314e-03
1.693369820713996887e-03
9.118145098909735680e-04
1.172332908026874065e-03
1.823629019781947136e-03
1.563110621646046638e-03
7.815553108230233192e-04
2.084147417917847633e-03
1.432851422578096390e-03
1.432851422578096390e-03
1.172332908026874065e-03
9.118145098909735680e-04
1.172332908026874065e-03
7.815553108230233192e-04
1.953888218849897385e-03
1.823629019781947136e-03
1.172332908026874065e-03
1.042073708958923817e-03
1.172332908026874065e-03
1.432851422578096390e-03
2.214406616985797882e-03
1.693369820713996887e-03
1.953888218849897385e-03
1.693369820713996887e-03
1.042073708958923817e-03
9.118145098909735680e-04
7.815553108230233192e-04
2.084147417917847633e-03
1.042073708958923817e-03
1.432851422578096390e-03
1.042073708958923817e-03
6.512960535474121571e-04
6.512960535474121571e-04
1.042073708958923817e-03
7.815553108230233192e-04
1.042073708958923817e-03
1.172332908026874065e-03
1.953888218849897385e-03
5.210368544794619083e-04
1.563110621646046638e-03
1.432851422578096390e-03
1.823629019781947136e-03
2.084147417917847633e-03
1.823629019781947136e-03
1.172332908026874065e-03
5.210368544794619083e-04
1.172332908026874065e-03
1.042073708958923817e-03
7.815553108230233192e-04
1.693369820713996887e-03
1.823629019781947136e-03
1.563110621646046638e-03
1.823629019781947136e-03
1.302592107094824314e-03
1.432851422578096390e-03
1.953888218849897385e-03
2.735443646088242531e-03
3.386739641427993774e-03
3.516998840495944023e-03
