4.714290145784616470e-03
7.913947338238358498e-04
6.485409103333950043e-04
1.005296595394611359e-03
1.087635988369584084e-03
4.587941220961511135e-04
4.149399464949965477e-04
1.663002767600119114e-04
2.978627744596451521e-04
1.867079699877649546e-04
4.618329112417995930e-04
2.275233273394405842e-04
4.149399464949965477e-04
1.254849194083362818e-04
3.363480209372937679e-04
1.224461157107725739e-04
2.101544523611664772e-04
2.744162920862436295e-04
5.230559618212282658e-04
3.326005826238542795e-04
5.026482976973056793e-04
6.931036477908492088e-04
9.410347556695342064e-04
3.152316785417497158e-04
6.900648586452007294e-04
4.210175538901239634e-04
4.996095085516571999e-04
3.326005826238542795e-04
2.101544523611664772e-04
2.101544523611664772e-04
4.149399464949965477e-04
2.336009347345679998e-04
1.632614876143634319e-04
1.632614876143634319e-04
7.308803033083677292e-04
5.404248367995023727e-04
2.713775029405951500e-04
1.632614876143634319e-04
8.389962604269385338e-04
6.311719771474599838e-04
9.025495382957160473e-04
8.586953044869005680e-04
1.051480881869792938e-03
1.323567004874348640e-03
1.062772236764431000e-03
1.687866635620594025e-03
2.681716810911893845e-03
8.896960876882076263e-03
2.801627665758132935e-02
9.317507147789001465e-01
