1.167466631159186363e-03
1.945777621585875750e-04
1.945777621585875750e-04
2.594370162114500999e-04
1.297185081057250500e-04
6.485925405286252499e-05
0.000000000000000000e+00
6.485925405286252499e-05
2.594370162114500999e-04
6.485925405286252499e-05
1.297185081057250500e-04
6.485925405286252499e-05
0.000000000000000000e+00
6.485925405286252499e-05
6.485925405286252499e-05
0.000000000000000000e+00
1.297185081057250500e-04
1.945777621585875750e-04
1.297185081057250500e-04
1.297185081057250500e-04
1.297185081057250500e-04
1.297185081057250500e-04
1.945777621585875750e-04
1.945777621585875750e-04
6.485925405286252499e-05
1.297185081057250500e-04
6.485925405286252499e-05
1.297185081057250500e-04
1.297185081057250500e-04
1.297185081057250500e-04
0.000000000000000000e+00
1.945777621585875750e-04
0.000000000000000000e+00
0.000000000000000000e+00
6.485925405286252499e-05
6.485925405286252499e-05
1.297185081057250500e-04
0.000000000000000000e+00
1.945777621585875750e-04
2.594370162114500999e-04
3.891555243171751499e-04
3.242962702643126249e-04
5.188740324229001999e-04
5.188740324229001999e-04
3.242962702643126249e-04
4.540147783700376749e-04
3.242962702643126249e-04
1.297185081057250500e-03
3.437540493905544281e-03
9.868984818458557129e-01
