4.945997614413499832e-03
1.816896954551339149e-03
1.110325916670262814e-03
1.211264636367559433e-03
6.056323181837797165e-04
6.056323181837797165e-04
6.056323181837797165e-04
6.056323181837797165e-04
6.056323181837797165e-04
7.065710378810763359e-04
4.037548787891864777e-04
9.084484772756695747e-04
6.056323181837797165e-04
4.037548787891864777e-04
0.000000000000000000e+00
6.056323181837797165e-04
6.056323181837797165e-04
7.065710378810763359e-04
7.065710378810763359e-04
1.211264636367559433e-03
6.056323181837797165e-04
1.009387196972966194e-04
1.110325916670262814e-03
9.084484772756695747e-04
3.028161590918898582e-04
2.018774393945932388e-04
8.075097575783729553e-04
1.211264636367559433e-03
6.056323181837797165e-04
6.056323181837797165e-04
6.056323181837797165e-04
5.046935984864830971e-04
8.075097575783729553e-04
8.075097575783729553e-04
5.046935984864830971e-04
1.009387196972966194e-03
9.084484772756695747e-04
8.075097575783729553e-04
6.056323181837797165e-04
8.075097575783729553e-04
1.715958351269364357e-03
1.715958234854042530e-03
2.018774626776576042e-03
1.917835674248635769e-03
2.725345548242330551e-03
3.936610650271177292e-03
4.945997614413499832e-03
9.286362677812576294e-03
1.423236075788736343e-02
9.246997237205505371e-01
