7.233344316482543945e-01
7.121759653091430664e-02
2.625533193349838257e-02
1.608139276504516602e-02
9.189366362988948822e-03
6.563833449035882950e-03
6.563833449035882950e-03
7.548407651484012604e-03
5.579258315265178680e-03
3.938299603760242462e-03
2.953724935650825500e-03
4.922874737530946732e-03
4.594683181494474411e-03
2.625533379614353180e-03
3.281916724517941475e-03
3.938300069421529770e-03
2.625533379614353180e-03
1.969150034710764885e-03
3.938299603760242462e-03
2.625533379614353180e-03
1.640958362258970737e-03
2.297341823577880859e-03
1.640958362258970737e-03
2.297341823577880859e-03
4.922874737530946732e-03
1.969150034710764885e-03
2.297341823577880859e-03
1.640958362258970737e-03
1.969150034710764885e-03
2.297341823577880859e-03
1.969150034710764885e-03
1.640958362258970737e-03
1.969150034710764885e-03
9.845750173553824425e-04
6.563833449035882950e-04
1.969150034710764885e-03
3.610108513385057449e-03
2.625533379614353180e-03
4.594683647155761719e-03
2.625533379614353180e-03
3.610108047723770142e-03
2.297341823577880859e-03
1.312766689807176590e-03
2.297341823577880859e-03
3.281916491687297821e-03
1.969150034710764885e-03
2.625533379614353180e-03
5.907449405640363693e-03
7.220216095447540283e-03
1.411224156618118286e-02
