6.447838544845581055e-01
9.820171445608139038e-02
4.950709640979766846e-02
3.087422810494899750e-02
2.096197567880153656e-02
1.592460274696350098e-02
1.148304622620344162e-02
1.191636919975280762e-02
8.503953926265239716e-03
6.933160126209259033e-03
6.554002873599529266e-03
5.579027347266674042e-03
5.308200605213642120e-03
4.766547586768865585e-03
3.954067826271057129e-03
3.304084064438939095e-03
3.520745318382978439e-03
3.249918809160590172e-03
2.274943049997091293e-03
3.304084064438939095e-03
2.058281796053051949e-03
2.383273793384432793e-03
1.841620658524334431e-03
1.408298150636255741e-03
1.895785913802683353e-03
1.624959404580295086e-03
1.191636896692216396e-03
1.462463405914604664e-03
1.462463405914604664e-03
1.245802151970565319e-03
1.083306269720196724e-03
1.733290031552314758e-03
1.354132778942584991e-03
8.124797022901475430e-04
1.570794032886624336e-03
1.191636896692216396e-03
9.749756427481770515e-04
1.299967523664236069e-03
1.083306269720196724e-03
1.137471524998545647e-03
4.874878213740885258e-04
8.666450157761573792e-04
1.029140898026525974e-03
1.029140898026525974e-03
5.416531348600983620e-04
8.124797022901475430e-04
1.624959404580295086e-04
9.208103292621672153e-04
5.416531348600983620e-04
5.958184483461081982e-04
5.958184483461081982e-04
8.124797022901475430e-04
4.333225078880786896e-04
6.499837618321180344e-04
4.874878213740885258e-04
7.583143888041377068e-04
6.499837618321180344e-04
5.958184483461081982e-04
2.166612539440393448e-04
2.708265674300491810e-04
3.791571944020688534e-04
3.791571944020688534e-04
3.249918809160590172e-04
7.041490753181278706e-04
4.333225078880786896e-04
5.416531348600983620e-04
7.583143888041377068e-04
2.708265674300491810e-04
4.874878213740885258e-04
2.166612539440393448e-04
6.499837618321180344e-04
4.333225078880786896e-04
4.874878213740885258e-04
5.416531348600983620e-04
2.708265674300491810e-04
3.791571944020688534e-04
2.708265674300491810e-04
3.249918809160590172e-04
4.333225078880786896e-04
2.708265674300491810e-04
5.416531348600983620e-04
6.499837618321180344e-04
4.333225078880786896e-04
3.249918809160590172e-04
4.874878213740885258e-04
3.249918809160590172e-04
4.874878213740885258e-04
2.708265674300491810e-04
4.333225078880786896e-04
3.249918809160590172e-04
5.416531348600983620e-04
2.708265674300491810e-04
4.333225078880786896e-04
4.333225078880786896e-04
3.249918809160590172e-04
5.958184483461081982e-04
3.249918809160590172e-04
2.708265674300491810e-04
5.416531348600983620e-04
