1.305263191461563110e-01
1.915789544582366943e-01
1.094736829400062561e-01
8.631578832864761353e-02
6.736841797828674316e-02
3.157894685864448547e-02
2.526315860450267792e-02
1.894736848771572113e-02
1.894736848771572113e-02
2.315789461135864258e-02
1.894736848771572113e-02
2.526315860450267792e-02
1.684210449457168579e-02
8.421052247285842896e-03
2.526315860450267792e-02
1.263157930225133896e-02
1.263157930225133896e-02
2.105263061821460724e-03
1.263157930225133896e-02
1.052631624042987823e-02
1.263157930225133896e-02
8.421052247285842896e-03
8.421052247285842896e-03
8.421052247285842896e-03
8.421052247285842896e-03
2.105263061821460724e-03
6.315789651125669479e-03
6.315789651125669479e-03
2.105263061821460724e-03
0.000000000000000000e+00
4.210526123642921448e-03
6.315789651125669479e-03
2.105263061821460724e-03
0.000000000000000000e+00
6.315789651125669479e-03
0.000000000000000000e+00
4.210526123642921448e-03
0.000000000000000000e+00
0.000000000000000000e+00
0.000000000000000000e+00
6.315789651125669479e-03
0.000000000000000000e+00
2.105263061821460724e-03
2.105263061821460724e-03
8.421052247285842896e-03
0.000000000000000000e+00
0.000000000000000000e+00
0.000000000000000000e+00
0.000000000000000000e+00
0.000000000000000000e+00
4.210526123642921448e-03
2.105263061821460724e-03
0.000000000000000000e+00
8.421052247285842896e-03
4.210526123642921448e-03
0.000000000000000000e+00
4.210526123642921448e-03
0.000000000000000000e+00
0.000000000000000000e+00
2.105263061821460724e-03
2.105263061821460724e-03
0.000000000000000000e+00
2.105263061821460724e-03
0.000000000000000000e+00
0.000000000000000000e+00
0.000000000000000000e+00
0.000000000000000000e+00
0.000000000000000000e+00
0.000000000000000000e+00
0.000000000000000000e+00
0.000000000000000000e+00
0.000000000000000000e+00
2.105263061821460724e-03
2.105263061821460724e-03
0.000000000000000000e+00
0.000000000000000000e+00
0.000000000000000000e+00
0.000000000000000000e+00
0.000000000000000000e+00
0.000000000000000000e+00
0.000000000000000000e+00
0.000000000000000000e+00
2.105263061821460724e-03
2.105263061821460724e-03
2.105263061821460724e-03
0.000000000000000000e+00
0.000000000000000000e+00
0.000000000000000000e+00
0.000000000000000000e+00
0.000000000000000000e+00
2.105263061821460724e-03
0.000000000000000000e+00
0.000000000000000000e+00
0.000000000000000000e+00
2.105263061821460724e-03
0.000000000000000000e+00
0.000000000000000000e+00
0.000000000000000000e+00
0.000000000000000000e+00
2.105263061821460724e-03
