3.911342937499284744e-03
5.077883601188659668e-03
4.185823258012533188e-03
4.048583097755908966e-03
3.774102777242660522e-03
3.431002609431743622e-03
3.774102777242660522e-03
3.774102777242660522e-03
3.362382529303431511e-03
3.636862616986036301e-03
3.842722857370972633e-03
4.048583097755908966e-03
4.323063418269157410e-03
5.077883601188659668e-03
5.077883601188659668e-03
4.872023593634366989e-03
4.597543273121118546e-03
4.872023593634366989e-03
5.215123761445283890e-03
4.666163586080074310e-03
4.872023593634366989e-03
4.872023593634366989e-03
5.077883601188659668e-03
5.009263753890991211e-03
4.872023593634366989e-03
5.352363921701908112e-03
5.489604081958532333e-03
5.489604081958532333e-03
7.136485073715448380e-03
6.450284738093614578e-03
6.381664890795946121e-03
7.067865226417779922e-03
5.420984234660863876e-03
5.695464089512825012e-03
5.489604081958532333e-03
4.803403746336698532e-03
5.420984234660863876e-03
5.352363921701908112e-03
6.930625066161155701e-03
5.077883601188659668e-03
6.244424730539321899e-03
6.107184570282697678e-03
7.205105386674404144e-03
7.136485073715448380e-03
6.724765058606863022e-03
6.862005218863487244e-03
6.381664890795946121e-03
6.107184570282697678e-03
7.273725233972072601e-03
8.165786042809486389e-03
6.724765058606863022e-03
6.587524898350238800e-03
6.656144745647907257e-03
7.410965394228696823e-03
6.107184570282697678e-03
7.410965394228696823e-03
9.195086546242237091e-03
7.410965394228696823e-03
7.205105386674404144e-03
7.136485073715448380e-03
8.714746683835983276e-03
8.989227004349231720e-03
7.959925569593906403e-03
9.126466698944568634e-03
8.028546348214149475e-03
8.851986378431320190e-03
8.920606225728988647e-03
1.104782801121473312e-02
8.920606225728988647e-03
1.063610799610614777e-02
9.332327172160148621e-03
1.029300782829523087e-02
9.675427339971065521e-03
1.152816880494356155e-02
9.812667034566402435e-03
1.104782801121473312e-02
1.283194962888956070e-02
1.344953011721372604e-02
1.255746930837631226e-02
1.283194962888956070e-02
1.269470900297164917e-02
1.427297014743089676e-02
1.344953011721372604e-02
1.646881178021430969e-02
1.296918932348489761e-02
1.434159092605113983e-02
1.564537174999713898e-02
1.756673306226730347e-02
1.804707385599613190e-02
1.893913373351097107e-02
1.804707385599613190e-02
1.866465434432029724e-02
1.907637342810630798e-02
2.120359614491462708e-02
1.907637342810630798e-02
2.017429471015930176e-02
2.312495745718479156e-02
2.415425702929496765e-02
3.911342844367027283e-02
