2.711129200179129839e-04
0.000000000000000000e+00
0.000000000000000000e+00
0.000000000000000000e+00
2.033346827374771237e-04
0.000000000000000000e+00
0.000000000000000000e+00
0.000000000000000000e+00
0.000000000000000000e+00
0.000000000000000000e+00
0.000000000000000000e+00
6.777823000447824597e-05
0.000000000000000000e+00
6.777823000447824597e-05
6.777823000447824597e-05
6.777823000447824597e-05
0.000000000000000000e+00
6.777823000447824597e-05
0.000000000000000000e+00
0.000000000000000000e+00
0.000000000000000000e+00
6.777823000447824597e-05
0.000000000000000000e+00
0.000000000000000000e+00
6.777823000447824597e-05
0.000000000000000000e+00
0.000000000000000000e+00
0.000000000000000000e+00
6.777823000447824597e-05
0.000000000000000000e+00
0.000000000000000000e+00
6.777823000447824597e-05
0.000000000000000000e+00
0.000000000000000000e+00
6.777823000447824597e-05
0.000000000000000000e+00
6.777823000447824597e-05
1.355564600089564919e-04
0.000000000000000000e+00
1.355564600089564919e-04
0.000000000000000000e+00
0.000000000000000000e+00
0.000000000000000000e+00
1.355564600089564919e-04
1.355564600089564919e-04
0.000000000000000000e+00
1.355564600089564919e-04
6.777823000447824597e-05
6.777823000447824597e-05
0.000000000000000000e+00
0.000000000000000000e+00
0.000000000000000000e+00
0.000000000000000000e+00
0.000000000000000000e+00
6.777823000447824597e-05
0.000000000000000000e+00
6.777823000447824597e-05
6.777823000447824597e-05
0.000000000000000000e+00
6.777823000447824597e-05
6.777823000447824597e-05
6.777823000447824597e-05
0.000000000000000000e+00
6.777823000447824597e-05
0.000000000000000000e+00
0.000000000000000000e+00
6.777823000447824597e-05
0.000000000000000000e+00
1.355564600089564919e-04
6.777823000447824597e-05
0.000000000000000000e+00
0.000000000000000000e+00
6.777823000447824597e-05
0.000000000000000000e+00
6.777823000447824597e-05
0.000000000000000000e+00
0.000000000000000000e+00
0.000000000000000000e+00
6.777823000447824597e-05
6.777823000447824597e-05
0.000000000000000000e+00
0.000000000000000000e+00
6.777823000447824597e-05
0.000000000000000000e+00
6.777823000447824597e-05
1.355564600089564919e-04
0.000000000000000000e+00
1.355564600089564919e-04
4.066693654749542475e-04
0.000000000000000000e+00
2.033346827374771237e-04
2.711129200179129839e-04
2.711129200179129839e-04
2.711129200179129839e-04
5.422258400358259678e-04
6.100040627643465996e-04
8.811170118860900402e-04
6.777822854928672314e-04
2.982242032885551453e-03
