3.513086121529340744e-04
0.000000000000000000e+00
0.000000000000000000e+00
5.855143899680115283e-05
5.855143899680115283e-05
0.000000000000000000e+00
5.855143899680115283e-05
5.855143899680115283e-05
1.171028779936023057e-04
0.000000000000000000e+00
5.855143899680115283e-05
5.855143899680115283e-05
0.000000000000000000e+00
0.000000000000000000e+00
0.000000000000000000e+00
0.000000000000000000e+00
0.000000000000000000e+00
5.855143899680115283e-05
0.000000000000000000e+00
0.000000000000000000e+00
1.756543060764670372e-04
5.855143899680115283e-05
0.000000000000000000e+00
0.000000000000000000e+00
1.171028779936023057e-04
5.855143899680115283e-05
0.000000000000000000e+00
0.000000000000000000e+00
0.000000000000000000e+00
5.855143899680115283e-05
0.000000000000000000e+00
0.000000000000000000e+00
0.000000000000000000e+00
0.000000000000000000e+00
0.000000000000000000e+00
5.855143899680115283e-05
5.855143899680115283e-05
0.000000000000000000e+00
0.000000000000000000e+00
0.000000000000000000e+00
0.000000000000000000e+00
5.855143899680115283e-05
0.000000000000000000e+00
0.000000000000000000e+00
0.000000000000000000e+00
5.855143899680115283e-05
0.000000000000000000e+00
0.000000000000000000e+00
0.000000000000000000e+00
0.000000000000000000e+00
0.000000000000000000e+00
5.855143899680115283e-05
0.000000000000000000e+00
0.000000000000000000e+00
0.000000000000000000e+00
0.000000000000000000e+00
0.000000000000000000e+00
0.000000000000000000e+00
0.000000000000000000e+00
0.000000000000000000e+00
0.000000000000000000e+00
0.000000000000000000e+00
0.000000000000000000e+00
0.000000000000000000e+00
1.171028779936023057e-04
0.000000000000000000e+00
0.000000000000000000e+00
0.000000000000000000e+00
5.855143899680115283e-05
0.000000000000000000e+00
0.000000000000000000e+00
1.171028779936023057e-04
0.000000000000000000e+00
1.171028779936023057e-04
1.171028779936023057e-04
0.000000000000000000e+00
5.855143899680115283e-05
5.855143899680115283e-05
0.000000000000000000e+00
0.000000000000000000e+00
5.855143899680115283e-05
0.000000000000000000e+00
1.171028779936023057e-04
5.855143899680115283e-05
0.000000000000000000e+00
5.855143899680115283e-05
0.000000000000000000e+00
1.171028779936023057e-04
0.000000000000000000e+00
1.756543060764670372e-04
5.855143899680115283e-05
1.171028779936023057e-04
1.171028779936023057e-04
2.927571767941117287e-04
5.269629182294011116e-04
5.855143535882234573e-04
6.440657889470458031e-04
1.288131577894091606e-03
2.459160285070538521e-03
