1.131660654209554195e-03
3.556647570803761482e-04
3.556647570803761482e-04
1.939989597303792834e-04
1.293326495215296745e-04
9.699947986518964171e-05
2.263321221107617021e-04
9.699947986518964171e-05
1.616657973499968648e-04
3.233315946999937296e-04
6.466632476076483727e-05
2.586652990430593491e-04
3.233316238038241863e-05
6.466632476076483727e-05
1.939989597303792834e-04
1.939989597303792834e-04
9.699947986518964171e-05
1.616657973499968648e-04
9.699947986518964171e-05
6.466632476076483727e-05
1.293326495215296745e-04
1.293326495215296745e-04
6.466632476076483727e-05
0.000000000000000000e+00
0.000000000000000000e+00
1.939989597303792834e-04
0.000000000000000000e+00
6.466632476076483727e-05
9.699947986518964171e-05
0.000000000000000000e+00
3.233316238038241863e-05
1.293326495215296745e-04
1.616657973499968648e-04
1.939989597303792834e-04
6.466632476076483727e-05
3.233316238038241863e-05
3.233316238038241863e-05
1.293326495215296745e-04
3.233316238038241863e-05
9.699947986518964171e-05
6.466632476076483727e-05
1.293326495215296745e-04
9.699947986518964171e-05
9.699947986518964171e-05
9.699947986518964171e-05
9.699947986518964171e-05
9.699947986518964171e-05
6.466632476076483727e-05
9.699947986518964171e-05
9.699947986518964171e-05
6.466632476076483727e-05
1.616657973499968648e-04
1.293326495215296745e-04
6.466632476076483727e-05
6.466632476076483727e-05
0.000000000000000000e+00
6.466632476076483727e-05
9.699947986518964171e-05
1.616657973499968648e-04
2.263321221107617021e-04
6.466632476076483727e-05
1.616657973499968648e-04
1.293326495215296745e-04
1.616657973499968648e-04
1.293326495215296745e-04
1.293326495215296745e-04
9.699947986518964171e-05
1.616657973499968648e-04
1.939989597303792834e-04
2.263321221107617021e-04
1.939989597303792834e-04
9.699947986518964171e-05
2.586652990430593491e-04
9.699947986518964171e-05
2.586652990430593491e-04
2.263321221107617021e-04
1.939989597303792834e-04
6.466632476076483727e-05
3.233315946999937296e-04
2.586652990430593491e-04
3.556647570803761482e-04
4.849974066019058228e-04
2.586652990430593491e-04
2.586652990430593491e-04
3.879979194607585669e-04
4.526642442215234041e-04
6.789963808842003345e-04
4.526642442215234041e-04
5.819969228468835354e-04
7.759958389215171337e-04
8.406621636822819710e-04
8.406621636822819710e-04
1.131660654209554195e-03
1.357992761768400669e-03
1.875323359854519367e-03
2.489653415977954865e-03
3.653647145256400108e-03
5.464304238557815552e-03
1.387092564254999161e-02
