2.033920829994395376e+02
1.736713679938426888e-02
1.689342742395655295e-02
1.651967953483802695e-02
1.607091307997648294e-02
1.573384630530094003e-02
1.531365277335655813e-02
1.501322114495697024e-02
1.461271088556448210e-02
1.432330123734255022e-02
1.400025178792186839e-02
1.365370222524200407e-02
1.338867201682914648e-02
1.305369160379896316e-02
1.281378522293218948e-02
1.250061003235760151e-02
1.228620856997000160e-02
1.198197344646000258e-02
1.177300290057996073e-02
1.149532625628049698e-02
1.130116487440344965e-02
1.104495313983917641e-02
1.085463306559702849e-02
1.060706853638806492e-02
1.043660522745723171e-02
1.020119853700470619e-02
1.004654234615457060e-02
9.818110954337279025e-03
9.667735734396991354e-03
9.487517535569922611e-03
9.288588809919005526e-03
9.144230229904836207e-03
8.949583958007862813e-03
8.820244364436501464e-03
