5.238353013992309570e-01
1.175514608621597290e-01
5.092091113328933716e-02
3.791982680559158325e-02
1.733477786183357239e-02
1.950162649154663086e-02
1.895991340279579163e-02
1.245937123894691467e-02
1.137594878673553467e-02
7.583965547382831573e-03
9.209101088345050812e-03
1.516793109476566315e-02
8.667388930916786194e-03
1.245937123894691467e-02
9.209101088345050812e-03
4.333694465458393097e-03
4.333694465458393097e-03
6.500542163848876953e-03
5.417118314653635025e-03
5.417118314653635025e-03
3.791982773691415787e-03
4.333694465458393097e-03
5.958830006420612335e-03
3.250270849093794823e-03
2.166847232729196548e-03
3.250270849093794823e-03
4.333694465458393097e-03
2.708558924496173859e-03
4.333694465458393097e-03
3.250271081924438477e-03
3.791982773691415787e-03
3.250271081924438477e-03
5.417118314653635025e-03
2.166847232729196548e-03
3.250271081924438477e-03
2.708559157326817513e-03
1.625135540962219238e-03
4.333694465458393097e-03
2.708559157326817513e-03
3.791982773691415787e-03
3.791982773691415787e-03
2.166847232729196548e-03
3.791982773691415787e-03
1.625135540962219238e-03
1.625135424546897411e-03
3.250270849093794823e-03
5.417118314653635025e-03
3.791982773691415787e-03
1.625135424546897411e-03
4.333694465458393097e-03
