7.121364120393991470e-03
8.625878021121025085e-03
5.215646699070930481e-03
6.720160134136676788e-03
7.422266528010368347e-03
7.622868753969669342e-03
5.416248925030231476e-03
4.914744291454553604e-03
7.321965880692005157e-03
6.519558839499950409e-03
7.021063007414340973e-03
6.619859486818313599e-03
7.021063007414340973e-03
5.917753092944622040e-03
6.118355318903923035e-03
6.519558839499950409e-03
8.324975147843360901e-03
7.422266528010368347e-03
8.224673569202423096e-03
9.127382189035415649e-03
8.826479315757751465e-03
9.027081541717052460e-03
8.425275795161724091e-03
9.829488582909107208e-03
1.173520553857088089e-02
1.263791322708129883e-02
1.354062184691429138e-02
1.063189562410116196e-02
1.404212601482868195e-02
1.454363018274307251e-02
1.685055345296859741e-02
1.464393176138401031e-02
1.484453305602073669e-02
1.795386150479316711e-02
1.664995029568672180e-02
1.965897530317306519e-02
1.735205575823783875e-02
2.106318995356559753e-02
2.236710116267204285e-02
2.577733248472213745e-02
2.637913823127746582e-02
2.928786352276802063e-02
3.059177659451961517e-02
3.520561754703521729e-02
3.761284053325653076e-02
4.182547330856323242e-02
4.994984716176986694e-02
7.301905751228332520e-02
1.009027138352394104e-01
1.356068253517150879e-01
