5.402473211288452148e-01
1.075043976306915283e-01
4.765826836228370667e-02
3.026775829493999481e-02
1.843357086181640625e-02
1.082806847989559174e-02
1.621724292635917664e-02
9.656226262450218201e-03
1.514357049018144608e-02
8.670000359416007996e-03
6.248676218092441559e-03
1.111561059951782227e-02
6.994387134909629822e-03
7.484592497348785400e-03
9.202962741255760193e-03
6.721835583448410034e-03
8.974590338766574860e-03
5.083162337541580200e-03
4.511836916208267212e-03
1.836430979892611504e-03
3.586838021874427795e-03
5.697245709598064423e-03
3.847247222438454628e-03
5.536427721381187439e-03
4.220814444124698639e-03
3.798163495957851410e-03
3.326428588479757309e-03
5.014184862375259399e-03
4.009488970041275024e-03
2.954285359010100365e-03
6.752449087798595428e-03
8.322143927216529846e-03
6.622244138270616531e-03
3.637345507740974426e-03
5.095305852591991425e-03
2.954285359010100365e-03
1.427346956916153431e-03
5.467449314892292023e-03
5.337244831025600433e-03
2.501020906493067741e-03
4.251427948474884033e-03
3.507141023874282837e-03
3.395406529307365417e-03
2.954285359010100365e-03
2.954285359010100365e-03
5.306631326675415039e-03
3.537754528224468231e-03
4.934487864375114441e-03
1.526938285678625107e-03
4.723162390291690826e-03
