5.768571048974990845e-03
6.748796440660953522e-03
6.856152787804603577e-03
4.463738761842250824e-03
4.953346215188503265e-03
6.036219187080860138e-03
5.167641676962375641e-03
5.821046885102987289e-03
6.905459798872470856e-03
5.762874148786067963e-03
7.504737935960292816e-03
7.454014383256435394e-03
6.200117990374565125e-03
7.560392841696739197e-03
7.504299283027648926e-03
7.721336558461189270e-03
8.267812430858612061e-03
1.027623377740383148e-02
8.320074528455734253e-03
9.297221899032592773e-03
9.951188229024410248e-03
8.376932702958583832e-03
8.267487399280071259e-03
1.016897894442081451e-02
1.011309958994388580e-02
1.055308431386947632e-02
9.736994281411170959e-03
1.109518948942422867e-02
1.120233163237571716e-02
1.098540704697370529e-02
1.174869574606418610e-02
1.125907804816961288e-02
1.348672807216644287e-02
1.348761562258005142e-02
1.436341926455497742e-02
1.561183203011751175e-02
1.544804498553276062e-02
1.714280247688293457e-02
1.806364208459854126e-02
1.926318928599357605e-02
2.170722186565399170e-02
2.295694872736930847e-02
2.715216577053070068e-02
2.954929694533348083e-02
3.467061370611190796e-02
3.909170627593994141e-02
5.054181814193725586e-02
6.670442968606948853e-02
9.717226028442382812e-02
2.215377092361450195e-01
