4.316575229167938232e-01
1.104240119457244873e-01
6.256048381328582764e-02
4.202411323785781860e-02
3.026326559484004974e-02
2.339047007262706757e-02
1.766587421298027039e-02
1.492659840732812881e-02
1.226933486759662628e-02
1.182645745575428009e-02
1.005494967103004456e-02
9.316821582615375519e-03
8.201426826417446136e-03
7.135241758078336716e-03
7.200852967798709869e-03
6.216681562364101410e-03
5.888624582439661026e-03
5.560567602515220642e-03
5.675387568771839142e-03
5.642581731081008911e-03
4.822439048439264297e-03
5.396538879722356796e-03
5.872221663594245911e-03
4.855244886130094528e-03
4.806036129593849182e-03
5.002870690077543259e-03
4.133519250899553299e-03
4.576396197080612183e-03
4.215533379465341568e-03
4.477979149669408798e-03
3.756253514438867569e-03
4.215533379465341568e-03
4.445173311978578568e-03
3.920282237231731415e-03
3.461002139374613762e-03
3.346182173117995262e-03
3.346182173117995262e-03
3.428196767345070839e-03
3.329779487103223801e-03
2.985319122672080994e-03
3.625030862167477608e-03
3.050931030884385109e-03
2.788485260680317879e-03
3.067333716899156570e-03
3.165750997141003609e-03
2.427622443065047264e-03
2.444025361910462379e-03
2.444025361910462379e-03
2.378413919359445572e-03
2.033954020589590073e-03
2.279996639117598534e-03
2.427622443065047264e-03
2.165176672860980034e-03
2.279996639117598534e-03
2.050356706604361534e-03
1.984745264053344727e-03
1.984745264053344727e-03
1.607479527592658997e-03
1.525465515442192554e-03
1.837119692936539650e-03
1.705896807834506035e-03
1.869925414212048054e-03
1.755105447955429554e-03
1.459853956475853920e-03
1.443451154045760632e-03
1.427048351615667343e-03
1.312228385359048843e-03
1.361436909064650536e-03
1.476256875321269035e-03
1.345033990219235420e-03
1.213811221532523632e-03
1.033379812724888325e-03
1.361436909064650536e-03
1.033379812724888325e-03
1.263019745238125324e-03
1.016977010294795036e-03
9.185598464682698250e-04
9.185598464682698250e-04
1.230214023962616920e-03
9.513655095361173153e-04
1.016977010294795036e-03
8.857541834004223347e-04
1.016977010294795036e-03
9.349627071060240269e-04
9.185598464682698250e-04
9.677683701738715172e-04
8.201427408494055271e-04
9.185598464682698250e-04
8.201427408494055271e-04
7.053227163851261139e-04
5.576970288529992104e-04
6.233084714040160179e-04
6.561141926795244217e-04
6.233084714040160179e-04
6.889198557473719120e-04
4.428770917002111673e-04
6.233084714040160179e-04
3.444599278736859560e-04
2.788485144264996052e-04
