5.414502463049922221e-02
2.364341450617477719e-02
1.694868158961618243e-02
6.858196535726835720e-03
1.018725090652927018e-02
1.688198474066502849e-02
1.355292945228542961e-02
3.395750302176423537e-03
3.462446462944703072e-03
1.690029774571905757e-02
1.004209937483789214e-02
1.004209937483789214e-02
1.018725090652927018e-02
3.414062619047576914e-03
3.444134146073549695e-03
3.462446462944703072e-03
3.395750302176423537e-03
1.634638055511024703e-04
4.838382597569720200e-05
6.694732916558594760e-03
6.791500604352847074e-03
6.713045004035456814e-03
1.357124153976229167e-02
2.015089743378126533e-02
1.688198474066502849e-02
1.013886706263214359e-02
1.683360089676790364e-02
2.357671765722362325e-02
1.023563475042639677e-02
1.699706359835898017e-02
2.022935028136716232e-02
1.694867975446185185e-02
1.709383128615323336e-02
3.701457100454659532e-02
3.696618532549514335e-02
5.389655207490296612e-02
5.383641039721676763e-02
8.388425108625872928e-02
7.073015847713386151e-02
1.341915202361282644e-01
9.401657123582039810e-02
1.275569381730275176e-01
1.715447799831090747e-01
2.283715670196200531e-01
3.190708545645074001e-01
3.893354490694830861e-01
5.784813997640602112e-01
7.755278807031619204e-01
4.314470026668669966e+00
