2.584583748481129595e-01
7.314807931350125747e-02
2.624016064149404040e-02
2.186717337775840111e-02
6.258988424914718740e-02
2.026610843171755202e-02
1.732459957385907787e-02
1.290690328935356970e-02
3.506298192899284100e-02
1.311447834041532326e-02
1.721735500137124703e-02
6.498885966023804604e-03
8.774734492165753644e-03
6.517497988444772780e-03
1.798063379300944911e-02
1.328998194806459143e-02
3.478086253013745049e-02
1.995858888607182635e-02
4.399799059901096654e-02
2.424878628448201220e-02
5.189509351823501371e-02
2.890805894022355910e-02
6.059500346290914302e-02
3.058173554716443060e-02
6.093749299883410853e-02
2.185405908273214959e-02
2.673109335831068412e-02
1.745989352531193348e-02
4.319947870064659579e-02
3.049910488605304948e-02
8.021013351102432298e-02
3.522224877826347911e-02
6.243441902667822008e-02
3.306166600238253511e-02
7.092940701487965294e-02
5.302841246108725565e-02
1.402327101548119792e-01
7.321248938262268913e-02
1.474673811152033276e-01
8.584725714094386395e-02
1.910279416998010293e-01
1.120725108569714940e-01
2.411669039718712382e-01
1.372754814819064362e-01
3.051603023978259333e-01
1.824074222962320524e-01
4.394967277975737052e-01
8.519486493054996279e-01
3.015099526767533344e+00
