2.921910817923965624e+03
1.493995885670385917e+02
8.619206074999726752e+01
8.906513774185216903e+01
6.895364859999780549e+01
6.608058405842540139e+01
4.309603037499863376e+01
4.596909906666520840e+01
4.309603452509279720e+01
2.873068691666575347e+01
1.723841214999945137e+01
1.723841214999945137e+01
2.873068691666575347e+01
2.585761822499917884e+01
1.149227476666630210e+01
2.585761822499917884e+01
2.873068691666575347e+01
2.011148084166602956e+01
2.298454953333260420e+01
3.447682429999890275e+01
1.149227476666630210e+01
2.011148084166602956e+01
8.619206074999725686e+00
1.149227476666630210e+01
2.298454953333260420e+01
2.585762030004626411e+01
5.746137383333151050e+00
1.723841214999945137e+01
2.011148084166602956e+01
1.723841318752299401e+01
1.149227476666630210e+01
2.873068691666575347e+01
3.160375560833232811e+01
1.436534345833287674e+01
2.011148084166602956e+01
1.149227476666630210e+01
1.436534345833287674e+01
1.149227476666630210e+01
2.585762030004626411e+01
1.436534345833287674e+01
1.723841214999945137e+01
2.011148084166602956e+01
3.160375560833232811e+01
3.160375560833232811e+01
1.723841318752299401e+01
2.873068691666575347e+01
3.734989299166547738e+01
5.746137383333150694e+01
9.481127512518531830e+01
