5.682000058599974727e+04
1.383138265824811060e+04
1.793772971757148014e+02
9.212694843910303177e+01
1.984016349757077364e+02
9.656891504518836200e+01
1.850750867805541304e+02
8.609299958006869247e+01
1.550094398842643955e+02
7.571638117876656793e+01
1.489536749719181898e+02
7.649562091207320691e+01
1.483060758058631734e+02
7.613169788978915165e+01
1.540484097335830711e+02
8.579356980856793768e+01
1.885407261268449872e+02
7.606846198343005483e+01
1.113595560168640475e+02
5.073983506935166332e+01
9.020231488926322072e+01
5.563656346927425034e+01
1.272931326185214260e+02
6.273402356919127243e+01
1.170676234359338821e+02
6.576640991312548579e+01
1.387455462815049145e+02
7.137938870791113288e+01
1.410026819654955261e+02
6.622902035807847199e+01
1.180665356539530535e+02
5.776609129316260294e+01
1.173211529870317946e+02
6.761994710719656609e+01
1.541908337236318403e+02
7.221403115796188388e+01
1.331463801385936847e+02
7.518571186459217870e+01
1.624963264312478088e+02
7.431648149136746895e+01
1.331028649385151255e+02
6.882268494395310654e+01
1.387590424329104337e+02
7.714077719715112380e+01
1.704678476456810756e+02
7.621938167398356256e+01
1.361656054071247866e+02
8.449634412436149944e+01
2.058742582664977476e+02
