4.805237300963336565e+03
1.213908292119895805e+03
1.813249084732566185e+00
9.319481149130942610e-01
1.809232438352818662e+00
1.163208400239962970e+00
2.770825415964927707e+00
7.012541462110492008e-01
1.961530781030332293e-02
2.266774097430287738e-01
9.096542505123802469e-01
2.282271873490336611e-01
1.903716429508613139e-02
6.981053787383455500e-01
2.736655539196010789e+00
6.875201141444048369e-01
1.955031121048450907e-02
9.251638773244993397e-01
3.761470255635054105e+00
1.380153486263888674e+00
1.837298851387972443e+00
4.732764110810637193e-01
1.969712079148079956e-02
9.059584239357858504e-01
3.639233856252883648e+00
1.154508370645177084e+00
9.237413997664449816e-01
2.281598857394739333e-01
2.003308145874270474e-02
2.285326796628411872e-01
9.150077081674808932e-01
9.212017461210526559e-01
2.809991940832528456e+00
1.360763557996448991e+00
2.822590720046218582e+00
6.900362210299773036e-01
1.938344838073088536e-02
4.642790880575957124e-01
1.846031988504880150e+00
6.877702731045912676e-01
9.113767432353453435e-01
2.256540747801024371e-01
1.990239579839370512e-02
2.286927811922139786e-01
9.340555912753619738e-01
4.683869513482097346e-01
9.213656260607268056e-01
1.168887237645374499e+00
3.740454723843837481e+00
