5.322221176594894116e-04
1.935353096218455195e-04
1.935353258212598067e-04
1.451514984157984268e-04
1.451514984157984268e-04
1.451514984157984268e-04
1.451514984157984268e-04
4.838383145531495168e-05
9.676766291062990335e-05
1.451514984157984268e-04
0.000000000000000000e+00
0.000000000000000000e+00
1.451514984157984268e-04
4.838383145531495168e-05
9.676766291062990335e-05
9.676766291062990335e-05
4.838383145531495168e-05
1.451514984157984268e-04
4.838383145531495168e-05
0.000000000000000000e+00
9.676766291062990335e-05
0.000000000000000000e+00
1.451514984157984268e-04
4.838383145531495168e-05
1.451514984157984268e-04
9.676766291062990335e-05
9.676766291062990335e-05
1.451514822163841396e-04
1.935353258212598067e-04
2.419191370273068994e-04
1.451514822163841396e-04
1.935353096218455195e-04
3.386867918382296320e-04
1.935353096218455195e-04
1.451514984157984268e-04
3.386867918382296320e-04
2.419191532267211595e-04
1.451514984157984268e-04
4.354544466491523918e-04
2.419191532267211595e-04
2.903029968315968537e-04
3.386867918382296320e-04
7.741412384873820780e-04
6.773735836764592641e-04
1.016060440312346099e-03
9.676765481092275975e-04
2.661110701693347041e-03
5.322221403386694083e-03
5.385120665419438346e-01
