1.379310339689254761e-01
2.413793057203292847e-01
8.045977354049682617e-02
9.195402264595031738e-02
1.034482792019844055e-01
4.597701132297515869e-02
1.149425283074378967e-02
4.597701132297515869e-02
1.149425283074378967e-02
2.298850566148757935e-02
0.000000000000000000e+00
4.597701132297515869e-02
2.298850566148757935e-02
1.149425283074378967e-02
0.000000000000000000e+00
0.000000000000000000e+00
0.000000000000000000e+00
0.000000000000000000e+00
0.000000000000000000e+00
0.000000000000000000e+00
1.149425283074378967e-02
0.000000000000000000e+00
0.000000000000000000e+00
0.000000000000000000e+00
1.149425283074378967e-02
0.000000000000000000e+00
1.149425283074378967e-02
1.149425283074378967e-02
0.000000000000000000e+00
0.000000000000000000e+00
1.149425283074378967e-02
0.000000000000000000e+00
0.000000000000000000e+00
0.000000000000000000e+00
1.149425283074378967e-02
0.000000000000000000e+00
0.000000000000000000e+00
0.000000000000000000e+00
0.000000000000000000e+00
0.000000000000000000e+00
0.000000000000000000e+00
0.000000000000000000e+00
0.000000000000000000e+00
1.149425283074378967e-02
1.149425283074378967e-02
0.000000000000000000e+00
1.149425283074378967e-02
0.000000000000000000e+00
0.000000000000000000e+00
0.000000000000000000e+00
0.000000000000000000e+00
0.000000000000000000e+00
0.000000000000000000e+00
0.000000000000000000e+00
0.000000000000000000e+00
0.000000000000000000e+00
0.000000000000000000e+00
1.149425283074378967e-02
0.000000000000000000e+00
0.000000000000000000e+00
0.000000000000000000e+00
0.000000000000000000e+00
0.000000000000000000e+00
0.000000000000000000e+00
0.000000000000000000e+00
0.000000000000000000e+00
1.149425283074378967e-02
0.000000000000000000e+00
0.000000000000000000e+00
0.000000000000000000e+00
0.000000000000000000e+00
0.000000000000000000e+00
0.000000000000000000e+00
0.000000000000000000e+00
0.000000000000000000e+00
0.000000000000000000e+00
0.000000000000000000e+00
0.000000000000000000e+00
0.000000000000000000e+00
0.000000000000000000e+00
0.000000000000000000e+00
0.000000000000000000e+00
0.000000000000000000e+00
0.000000000000000000e+00
0.000000000000000000e+00
0.000000000000000000e+00
0.000000000000000000e+00
0.000000000000000000e+00
0.000000000000000000e+00
0.000000000000000000e+00
0.000000000000000000e+00
0.000000000000000000e+00
0.000000000000000000e+00
0.000000000000000000e+00
0.000000000000000000e+00
0.000000000000000000e+00
0.000000000000000000e+00
0.000000000000000000e+00
0.000000000000000000e+00
0.000000000000000000e+00
