1.554067432880401611e-01
1.985424458980560303e-01
1.187709271907806396e-01
8.686231821775436401e-02
6.224147975444793701e-02
4.687807708978652954e-02
3.801457583904266357e-02
2.816624008119106293e-02
2.146937139332294464e-02
2.048453874886035919e-02
1.890880428254604340e-02
1.575733721256256104e-02
1.142406929284334183e-02
1.359070278704166412e-02
9.848335757851600647e-03
1.043923571705818176e-02
9.651368483901023865e-03
7.484734989702701569e-03
7.878668606281280518e-03
5.121134687215089798e-03
7.090801838785409927e-03
6.302934605628252029e-03
3.939334303140640259e-03
5.712034646421670914e-03
4.727201070636510849e-03
4.924167878925800323e-03
3.545400919392704964e-03
3.348434111103415489e-03
3.151467302814126015e-03
1.772700459696352482e-03
2.757533919066190720e-03
2.757533919066190720e-03
2.954500727355480194e-03
3.348434111103415489e-03
2.560567343607544899e-03
9.848335757851600647e-04
2.560567343607544899e-03
2.757533919066190720e-03
1.772700459696352482e-03
1.378766959533095360e-03
2.560567343607544899e-03
1.969667151570320129e-03
1.181800267659127712e-03
1.575733651407063007e-03
9.848335757851600647e-04
1.969667151570320129e-03
1.181800267659127712e-03
9.848335757851600647e-04
1.181800267659127712e-03
9.848335757851600647e-04
1.575733651407063007e-03
9.848335757851600647e-04
1.378766959533095360e-03
7.878668257035315037e-04
1.378766959533095360e-03
9.848335757851600647e-04
5.909001338295638561e-04
1.378766959533095360e-03
1.575733651407063007e-03
7.878668257035315037e-04
5.909001338295638561e-04
1.181800267659127712e-03
1.181800267659127712e-03
9.848335757851600647e-04
7.878668257035315037e-04
5.909001338295638561e-04
5.909001338295638561e-04
5.909001338295638561e-04
5.909001338295638561e-04
3.939334128517657518e-04
7.878668257035315037e-04
1.969667064258828759e-04
1.378766959533095360e-03
3.939334128517657518e-04
1.969667064258828759e-04
1.181800267659127712e-03
0.000000000000000000e+00
1.969667064258828759e-04
1.969667064258828759e-04
7.878668257035315037e-04
0.000000000000000000e+00
1.969667064258828759e-04
5.909001338295638561e-04
5.909001338295638561e-04
1.969667064258828759e-04
7.878668257035315037e-04
3.939334128517657518e-04
1.969667064258828759e-04
7.878668257035315037e-04
1.969667064258828759e-04
0.000000000000000000e+00
3.939334128517657518e-04
1.969667064258828759e-04
1.969667064258828759e-04
5.909001338295638561e-04
1.969667064258828759e-04
1.969667064258828759e-04
1.969667064258828759e-04
0.000000000000000000e+00
0.000000000000000000e+00
