2.704299390316009521e-01
1.417787969112396240e-01
8.893994241952896118e-02
5.841811746358871460e-02
4.364949092268943787e-02
3.544469922780990601e-02
3.117820806801319122e-02
2.625533379614353180e-02
2.100426703691482544e-02
2.133245766162872314e-02
1.345585845410823822e-02
1.345585845410823822e-02
1.214309129863977432e-02
1.247128285467624664e-02
8.532983250916004181e-03
5.907449871301651001e-03
9.517557919025421143e-03
7.548408117145299911e-03
4.922874737530946732e-03
7.220216561108827591e-03
3.938300069421529770e-03
4.922874737530946732e-03
5.907449871301651001e-03
6.563833449035882950e-03
5.251066759228706360e-03
3.281916724517941475e-03
4.922874737530946732e-03
3.610108280554413795e-03
4.594683181494474411e-03
5.579258315265178680e-03
2.953724935650825500e-03
5.579258315265178680e-03
6.563833449035882950e-04
4.594683181494474411e-03
2.625533379614353180e-03
2.297341590747237206e-03
3.281916724517941475e-04
2.297341590747237206e-03
1.312766689807176590e-03
1.640958362258970737e-03
2.625533379614353180e-03
6.563833449035882950e-04
1.640958362258970737e-03
1.640958362258970737e-03
2.953724935650825500e-03
9.845750173553824425e-04
1.969150034710764885e-03
3.281916724517941475e-03
6.563833449035882950e-04
1.312766689807176590e-03
1.640958362258970737e-03
4.922874737530946732e-03
1.640958362258970737e-03
2.625533379614353180e-03
1.312766689807176590e-03
1.969150034710764885e-03
1.312766689807176590e-03
2.625533379614353180e-03
1.640958362258970737e-03
1.312766689807176590e-03
9.845750173553824425e-04
3.281916724517941475e-04
1.312766689807176590e-03
9.845750173553824425e-04
0.000000000000000000e+00
9.845750173553824425e-04
1.640958362258970737e-03
9.845750173553824425e-04
9.845750173553824425e-04
1.969150034710764885e-03
1.312766689807176590e-03
6.563833449035882950e-04
1.969150034710764885e-03
9.845750173553824425e-04
1.640958362258970737e-03
2.297341590747237206e-03
3.281916724517941475e-04
1.312766689807176590e-03
1.969150034710764885e-03
1.969150034710764885e-03
6.563833449035882950e-04
9.845750173553824425e-04
1.312766689807176590e-03
1.969150034710764885e-03
1.312766689807176590e-03
9.845750173553824425e-04
3.281916724517941475e-04
1.969150034710764885e-03
6.563833449035882950e-04
1.969150034710764885e-03
1.969150034710764885e-03
2.297341590747237206e-03
9.845750173553824425e-04
1.969150034710764885e-03
2.953724935650825500e-03
1.640958362258970737e-03
9.845750173553824425e-04
1.969150034710764885e-03
1.312766689807176590e-03
