1.043187949107959867e-04
4.172751796431839466e-04
2.086375898215919733e-04
2.086375898215919733e-04
4.172751796431839466e-04
2.086375898215919733e-04
4.172751796431839466e-04
4.172751796431839466e-04
2.086375898215919733e-04
1.043187949107959867e-04
0.000000000000000000e+00
1.043187949107959867e-04
4.172751796431839466e-04
2.086375898215919733e-04
4.172751796431839466e-04
1.043187949107959867e-04
5.215940182097256184e-04
4.172751796431839466e-04
1.043187949107959867e-04
1.043187949107959867e-04
1.043187949107959867e-04
0.000000000000000000e+00
2.086375898215919733e-04
0.000000000000000000e+00
4.172751796431839466e-04
2.086375898215919733e-04
0.000000000000000000e+00
2.086375898215919733e-04
6.259127985686063766e-04
3.129563992843031883e-04
0.000000000000000000e+00
4.172751796431839466e-04
2.086375898215919733e-04
5.215940182097256184e-04
4.172751796431839466e-04
1.043187949107959867e-04
1.043187949107959867e-04
2.086375898215919733e-04
0.000000000000000000e+00
2.086375898215919733e-04
2.086375898215919733e-04
0.000000000000000000e+00
2.086375898215919733e-04
0.000000000000000000e+00
0.000000000000000000e+00
3.129563992843031883e-04
0.000000000000000000e+00
4.172751796431839466e-04
1.043187949107959867e-04
1.043187949107959867e-04
1.043187949107959867e-04
3.129563992843031883e-04
4.172751796431839466e-04
1.043187949107959867e-04
5.215940182097256184e-04
2.086375898215919733e-04
4.172751796431839466e-04
4.172751796431839466e-04
3.129563992843031883e-04
4.172751796431839466e-04
1.043187949107959867e-04
1.043187949107959867e-04
4.172751796431839466e-04
4.172751796431839466e-04
3.129563992843031883e-04
1.043187949107959867e-04
4.172751796431839466e-04
2.086375898215919733e-04
3.129563992843031883e-04
4.172751796431839466e-04
5.215940182097256184e-04
2.086375898215919733e-04
1.043187949107959867e-04
9.388691978529095650e-04
1.147506758570671082e-03
1.147506758570671082e-03
6.259127985686063766e-04
4.172751796431839466e-04
4.172751796431839466e-04
5.215940182097256184e-04
6.259127985686063766e-04
1.147506758570671082e-03
8.345503592863678932e-04
4.172751796431839466e-04
1.460463157854974270e-03
1.043188036419451237e-03
1.147506758570671082e-03
1.773419557139277458e-03
1.147506758570671082e-03
2.295013517141342163e-03
3.025245154276490211e-03
2.086376072838902473e-03
2.295013517141342163e-03
2.399332355707883835e-03
4.277070518583059311e-03
6.363446824252605438e-03
1.011892315000295639e-02
1.366576272994279861e-02
3.849363699555397034e-02
