2.049180329777300358e-04
4.098360659554600716e-04
7.172130863182246685e-04
5.122950533404946327e-04
7.172130863182246685e-04
3.073770494665950537e-04
3.073770494665950537e-04
1.024590164888650179e-04
1.024590164888650179e-04
1.024590164888650179e-04
1.024590164888650179e-04
5.122950533404946327e-04
3.073770494665950537e-04
3.073770494665950537e-04
1.024590164888650179e-04
0.000000000000000000e+00
3.073770494665950537e-04
2.049180329777300358e-04
2.049180329777300358e-04
2.049180329777300358e-04
4.098360659554600716e-04
0.000000000000000000e+00
2.049180329777300358e-04
2.049180329777300358e-04
3.073770494665950537e-04
3.073770494665950537e-04
2.049180329777300358e-04
2.049180329777300358e-04
6.147540989331901073e-04
5.122950533404946327e-04
2.049180329777300358e-04
2.049180329777300358e-04
4.098360659554600716e-04
2.049180329777300358e-04
1.024590164888650179e-04
3.073770494665950537e-04
6.147540989331901073e-04
2.049180329777300358e-04
3.073770494665950537e-04
1.024590164888650179e-04
0.000000000000000000e+00
0.000000000000000000e+00
3.073770494665950537e-04
5.122950533404946327e-04
3.073770494665950537e-04
2.049180329777300358e-04
5.122950533404946327e-04
4.098360659554600716e-04
1.024590164888650179e-04
3.073770494665950537e-04
2.049180329777300358e-04
4.098360659554600716e-04
3.073770494665950537e-04
4.098360659554600716e-04
5.122950533404946327e-04
3.073770494665950537e-04
4.098360659554600716e-04
1.024590164888650179e-04
9.221311192959547043e-04
3.073770494665950537e-04
3.073770494665950537e-04
2.049180329777300358e-04
3.073770494665950537e-04
3.073770494665950537e-04
3.073770494665950537e-04
0.000000000000000000e+00
6.147540989331901073e-04
6.147540989331901073e-04
6.147540989331901073e-04
3.073770494665950537e-04
2.049180329777300358e-04
7.172130863182246685e-04
6.147540989331901073e-04
4.098360659554600716e-04
2.049180329777300358e-04
7.172130863182246685e-04
8.196721319109201431e-04
7.172130863182246685e-04
4.098360659554600716e-04
1.024590106680989265e-03
8.196721319109201431e-04
9.221311192959547043e-04
9.221311192959547043e-04
4.098360659554600716e-04
8.196721319109201431e-04
1.127049210481345654e-03
1.127049210481345654e-03
1.536885276436805725e-03
1.434426172636449337e-03
1.946721342392265797e-03
2.049180213361978531e-03
2.254098420962691307e-03
2.663934370502829552e-03
3.073770552873611450e-03
4.200819879770278931e-03
4.918032791465520859e-03
1.004098355770111084e-02
1.598360575735569000e-02
3.862705081701278687e-02
