5.481090545654296875e-01
9.182178229093551636e-02
5.209603160619735718e-02
2.856048755347728729e-02
2.314319834113121033e-02
2.039052918553352356e-02
1.710849255323410034e-02
1.621557585895061493e-02
1.271056011319160461e-02
1.199636422097682953e-02
1.019907370209693909e-02
1.273579988628625870e-02
9.350183419883251190e-03
7.842814549803733826e-03
4.954575560986995697e-03
9.018328040838241577e-03
6.268855184316635132e-03
6.838116794824600220e-03
5.120677873492240906e-03
5.323420278728008270e-03
4.982141777873039246e-03
5.432294681668281555e-03
5.523837171494960785e-03
6.026505492627620697e-03
4.734210204333066940e-03
4.987143445760011673e-03
3.788775764405727386e-03
4.586020484566688538e-03
3.826346248388290405e-03
3.373286686837673187e-03
2.662873128429055214e-03
2.571330871433019638e-03
3.996810410171747208e-03
3.593651577830314636e-03
3.756788093596696854e-03
3.497107420116662979e-03
2.727139042690396309e-03
1.982411369681358337e-03
3.548753215000033379e-03
3.068998223170638084e-03
3.393235150724649429e-03
2.752089407294988632e-03
2.163169905543327332e-03
3.177872393280267715e-03
3.041721880435943604e-03
9.973706910386681557e-04
1.373543753288686275e-03
1.457758015021681786e-03
1.786996843293309212e-03
1.385873532854020596e-03
