4.121436407198219611e-03
1.038118559726229542e-03
4.175388742777628830e-05
5.207397558736882555e-05
1.659977791895185203e-04
7.145338051960597276e-05
1.244556083687433897e-04
6.299971345864440191e-05
1.223419723042305232e-04
6.227826503801170866e-05
1.267140086990830596e-04
7.420155392321635358e-05
1.646695480523892427e-04
5.180979103103861629e-05
4.184444242249464385e-05
7.282475495920339467e-05
2.517838530280448999e-04
1.369113058853723742e-04
2.857769164520051141e-04
1.152883567967529887e-04
1.649229628781096737e-04
9.559399291182062511e-05
2.085725986250192595e-04
7.284067878987982795e-05
8.253456334555444272e-05
1.165098252132435282e-04
3.697268990587730848e-04
1.908209616176604652e-04
3.715435211076727499e-04
1.592134918692208990e-04
2.474425748361498245e-04
1.487056306118955272e-04
3.319514076622131571e-04
1.774671961594305231e-04
3.697459781476993847e-04
2.419291142715112198e-04
5.789232341254734165e-04
2.678977101864716019e-04
4.952868622546395972e-04
3.836711306207838085e-04
1.033026069332055111e-03
5.584112083321596601e-04
1.177733005306930711e-03
7.587561089859585746e-04
1.879395084112501320e-03
1.244826267996243345e-03
3.234806629046323937e-03
9.836856515886426011e-02
3.785939342036623856e-01
