6.473518385401060186e+03
1.623064605285961989e+03
8.830015697733548663e+00
5.997082664776955951e+00
1.537409213196156443e+01
8.525673413694210723e+00
1.751426619258660367e+01
6.515601021369966439e+00
8.756761587712153627e+00
3.415197593876970306e+00
4.398581097265869211e+00
3.362427579821591461e+00
8.725965780542463079e+00
5.496652291106478572e+00
1.350407207553481648e+01
6.716893851613521704e+00
1.354550530703521893e+01
6.058715160332417859e+00
1.087330690371807762e+01
4.355808683941337023e+00
6.733265083311642307e+00
3.340224638077059272e+00
6.748577743001586526e+00
6.204699543007804685e+00
1.800148320983338124e+01
5.980440409402498325e+00
6.519508664453014468e+00
5.105624946882574733e+00
1.344207167124677937e+01
4.900017166145879344e+00
6.754907720059580178e+00
4.907573075061780976e+00
1.341959559973290439e+01
8.854503622197933410e+00
2.182013159778357192e+01
9.285334276668338660e+00
1.526051532554568979e+01
7.189875900599944636e+00
1.303151533682650864e+01
6.254035864416045420e+00
1.122117203435646360e+01
8.298493896702250794e+00
2.222180348141134232e+01
1.091652143706532208e+01
2.251192780416435468e+01
1.033328240286632926e+01
1.960713301213569437e+01
3.072018689507583389e+01
9.923037746891181143e+01
