2.760368985638854194e-04
6.810942363402641263e-05
2.670557727441976676e-06
2.753871747608462002e-06
2.846528738666918631e-06
1.144881454752616746e-05
4.647168237204418728e-05
1.168691718260906808e-05
2.656645813776855170e-06
2.238099720492397500e-05
9.213451065966218921e-05
3.469229594233214255e-05
4.491740460801702304e-05
2.286955047345984887e-05
4.521176921040109511e-05
1.166503222822827933e-05
2.805973055601980906e-06
2.707055813293148786e-06
2.680890132677923900e-06
2.685720226390181773e-06
2.708934729915102315e-06
1.128041715641036248e-05
4.605041763985779084e-05
1.163990962587515001e-05
2.628909169681242821e-06
1.171954719194838464e-05
4.668778941750897075e-05
2.316317001503763681e-05
4.649341550796539974e-05
3.405701457342922423e-05
9.229783052498096937e-05
3.500890624339890786e-05
4.593582466425234507e-05
2.265391335757677705e-05
4.666991990848639086e-05
1.138361975020124107e-05
2.838458265747048464e-06
1.119587286834769863e-05
4.660031670871073102e-05
3.474060245644883292e-05
9.130769859938981520e-05
5.859763730462265067e-05
1.401833395632867728e-04
1.050885108098685594e-04
2.750799548282044718e-04
2.914674364351943058e-04
9.337501765903131285e-04
1.707409382120350649e-01
6.790221049295758204e-01
