1.643016193988917095e+01
4.121211675250739503e+00
5.850393603154363216e-04
2.751226643865572574e-04
5.364130649917793351e-04
2.640019140168145821e-04
5.174434875025566869e-04
2.478111409824520204e-04
4.850160080408886533e-04
2.299217488735681204e-04
4.477419974930217563e-04
2.172489582191500137e-04
4.237775112481288655e-04
2.028765976947581617e-04
3.977904427096940160e-04
1.943249886837649623e-04
3.707839565791702760e-04
1.774926405978640212e-04
3.600256057219304411e-04
1.751447184377662170e-04
3.315321435535449699e-04
1.600193119736991127e-04
3.100440480947203601e-04
1.533576157641130004e-04
3.073564177452733806e-04
1.470379018745153173e-04
2.886738666769539776e-04
1.396630210832157880e-04
2.747809145102887533e-04
1.296323755398128105e-04
2.589911773893298699e-04
1.296081249023325324e-04
2.468350987738139883e-04
1.219495357724462186e-04
2.342304615015082720e-04
1.162079697376469477e-04
2.246328338943485113e-04
1.083016803516931065e-04
2.154227820393349541e-04
1.075828094441020244e-04
2.031733252844257660e-04
9.959877498376285021e-05
1.964187474183776388e-04
9.814853287408843805e-05
1.863701772667524035e-04
9.095913607983311929e-05
1.776947564871425101e-04
9.107203806340983046e-05
1.775203689364619416e-04
