2.263101632706820965e-04
3.556302399374544621e-04
3.556302399374544621e-04
3.233002207707613707e-04
9.699007205199450254e-05
1.616501103853806853e-04
9.699007205199450254e-05
9.699007205199450254e-05
1.616501103853806853e-04
1.939801441039890051e-04
2.263101632706820965e-04
3.233002207707613707e-04
1.939801441039890051e-04
3.233002644265070558e-05
9.699007205199450254e-05
9.699007205199450254e-05
1.293201057706028223e-04
3.233002644265070558e-05
9.699007205199450254e-05
1.293201057706028223e-04
1.616501103853806853e-04
1.293201057706028223e-04
2.586402115412056446e-04
9.699007205199450254e-05
9.699007205199450254e-05
1.616501103853806853e-04
1.939801441039890051e-04
1.293201057706028223e-04
1.293201057706028223e-04
1.616501103853806853e-04
1.939801441039890051e-04
1.939801441039890051e-04
1.939801441039890051e-04
1.293201057706028223e-04
1.939801441039890051e-04
3.879602882079780102e-04
3.556302399374544621e-04
9.699007205199450254e-05
3.233002207707613707e-04
3.879602882079780102e-04
2.909702016040682793e-04
1.293201057706028223e-04
2.263101632706820965e-04
4.202903364785015583e-04
2.263101632706820965e-04
1.939801441039890051e-04
1.293201057706028223e-04
2.586402115412056446e-04
2.586402115412056446e-04
3.556302399374544621e-04
3.556302399374544621e-04
4.202903364785015583e-04
3.556302399374544621e-04
1.616501103853806853e-04
2.909702016040682793e-04
2.909702016040682793e-04
3.879602882079780102e-04
5.496104131452739239e-04
3.556302399374544621e-04
2.586402115412056446e-04
3.233002207707613707e-04
3.233002207707613707e-04
1.293201057706028223e-04
1.939801441039890051e-04
4.849503457080572844e-04
4.202903364785015583e-04
4.202903364785015583e-04
2.909702016040682793e-04
4.202903364785015583e-04
4.526203265413641930e-04
2.909702016040682793e-04
5.819404032081365585e-04
4.202903364785015583e-04
3.879602882079780102e-04
3.879602882079780102e-04
6.789305480197072029e-04
5.496104131452739239e-04
8.405806729570031166e-04
7.759205764159560204e-04
3.556302399374544621e-04
6.466004415415227413e-04
6.789305480197072029e-04
8.405806729570031166e-04
6.466004415415227413e-04
9.699006914161145687e-04
6.142703932709991932e-04
1.066890778020024300e-03
9.375707013532519341e-04
9.052406530827283859e-04
1.551841152831912041e-03
2.263101516291499138e-03
3.168342402204871178e-03
3.717952873557806015e-03
4.461543168872594833e-03
5.916394758969545364e-03
8.664446882903575897e-03
1.506579108536243439e-02
2.596100978553295135e-02
6.039248779416084290e-02
