8.989226073026657104e-03
8.234405890107154846e-03
7.205105386674404144e-03
7.548206020146608353e-03
6.999244913458824158e-03
7.891306653618812561e-03
9.400947019457817078e-03
9.949907660484313965e-03
9.469566866755485535e-03
9.881287813186645508e-03
9.744047187268733978e-03
1.008714735507965088e-02
1.022438704967498779e-02
1.097920816391706467e-02
1.358676981180906296e-02
1.344953011721372604e-02
1.111644878983497620e-02
1.029300782829523087e-02
1.077334769070148468e-02
1.200850866734981537e-02
1.235160976648330688e-02
1.434159092605113983e-02
1.358677074313163757e-02
1.248884946107864380e-02
1.543951127678155899e-02
1.331228949129581451e-02
1.406710967421531677e-02
1.351814903318881989e-02
1.660605147480964661e-02
1.434159092605113983e-02
1.770397275686264038e-02
1.708639226853847504e-02
1.688053272664546967e-02
1.996843516826629639e-02
1.955671608448028564e-02
1.962533593177795410e-02
2.120359614491462708e-02
2.086049504578113556e-02
2.628147974610328674e-02
2.538941800594329834e-02
2.696767821907997131e-02
2.991834282875061035e-02
2.731078118085861206e-02
3.321210294961929321e-02
3.698620945215225220e-02
3.671173006296157837e-02
4.027996957302093506e-02
3.925066813826560974e-02
4.727921634912490845e-02
1.396418064832687378e-01
