4.046199321746826172e-01
1.251862943172454834e-01
7.302533090114593506e-02
3.576751053333282471e-02
3.576751053333282471e-02
2.906110510230064392e-02
2.160953730344772339e-02
1.341281644999980927e-02
1.564828678965568542e-02
1.564828678965568542e-02
2.309985086321830750e-02
1.564828678965568542e-02
1.490313000977039337e-02
1.564828678965568542e-02
1.192250382155179977e-02
9.687034413218498230e-03
9.687033481895923615e-03
4.470938816666603088e-03
8.196721784770488739e-03
9.687034413218498230e-03
5.961252376437187195e-03
9.687034413218498230e-03
2.980626188218593597e-03
5.961252376437187195e-03
7.451565004885196686e-03
5.961252376437187195e-03
4.470939282327890396e-03
8.196720853447914124e-03
4.470938816666603088e-03
6.706408224999904633e-03
6.706408224999904633e-03
5.961251910775899887e-03
5.216095596551895142e-03
7.451564888469874859e-04
2.980626188218593597e-03
2.980626188218593597e-03
3.725782502442598343e-03
2.235469408333301544e-03
2.980625955387949944e-03
2.235469408333301544e-03
2.235469408333301544e-03
7.451564888469874859e-04
1.490312977693974972e-03
1.490312977693974972e-03
1.490312977693974972e-03
0.000000000000000000e+00
0.000000000000000000e+00
0.000000000000000000e+00
1.490312977693974972e-03
7.451564888469874859e-04
