3.471906483173370361e-01
2.068312168121337891e-01
1.198441088199615479e-01
6.246617063879966736e-02
4.795929044485092163e-02
3.377719968557357788e-02
3.063765168190002441e-02
1.521056611090898514e-02
1.510230544954538345e-02
1.234166882932186127e-02
1.255819015204906464e-02
8.877340704202651978e-03
8.227779529988765717e-03
8.660820312798023224e-03
6.441485136747360229e-03
6.603875197470188141e-03
6.982786580920219421e-03
4.330410156399011612e-03
3.843239042907953262e-03
4.871711600571870804e-03
3.734978847205638885e-03
3.085417207330465317e-03
3.464328125119209290e-03
2.165205311030149460e-03
1.948684570379555225e-03
1.948684686794877052e-03
2.327595604583621025e-03
1.353253144770860672e-03
1.948684686794877052e-03
1.894554472528398037e-03
1.407383359037339687e-03
1.244992949068546295e-03
1.190862851217389107e-03
7.036916213110089302e-04
1.244992949068546295e-03
1.082602539099752903e-03
1.028472441248595715e-03
7.578217773698270321e-04
5.413012695498764515e-04
7.036916213110089302e-04
3.247807617299258709e-04
2.706506347749382257e-04
4.330410156399011612e-04
5.413012695498764515e-04
3.789108886849135160e-04
4.871711425948888063e-04
4.330410156399011612e-04
2.165205078199505806e-04
1.623903808649629354e-04
2.165205078199505806e-04
