6.871173381805419922e-01
6.760453432798385620e-02
3.790543228387832642e-02
2.396769635379314423e-02
1.497980952262878418e-02
1.081151515245437622e-02
1.302592083811759949e-02
8.727367967367172241e-03
9.118145331740379333e-03
6.512960419058799744e-03
6.643219850957393646e-03
4.168294835835695267e-03
5.731405690312385559e-03
3.777517238631844521e-03
3.907776437699794769e-03
3.907776437699794769e-03
3.907776437699794769e-03
3.126221243292093277e-03
4.689331632107496262e-03
3.907776437699794769e-03
3.516998607665300369e-03
3.256480209529399872e-03
2.995962044224143028e-03
1.953888218849897385e-03
2.344665816053748131e-03
2.344666048884391785e-03
1.953888218849897385e-03
2.735443413257598877e-03
1.953888218849897385e-03
1.432851422578096390e-03
2.084147417917847633e-03
2.735443413257598877e-03
1.693369820713996887e-03
2.214406616985797882e-03
3.126221243292093277e-03
2.344666048884391785e-03
1.563110621646046638e-03
1.693369820713996887e-03
2.214406616985797882e-03
2.344665816053748131e-03
2.214406616985797882e-03
1.693369820713996887e-03
1.953888218849897385e-03
2.735443413257598877e-03
2.084147417917847633e-03
1.953888218849897385e-03
2.474925015121698380e-03
3.386739641427993774e-03
3.647258039563894272e-03
7.815552875399589539e-03
