4.096185417042743637e+00
1.048931756623842526e+00
1.219182913996531975e-01
6.792261209750469209e-02
1.478723375301803367e-01
7.716140163158773102e-02
1.662292988525785331e-01
8.060029921849569401e-02
1.597175083833118903e-01
6.614303480490077436e-02
1.108756518863951435e-01
6.307978784554039986e-02
1.468785045449911009e-01
6.419123823595952738e-02
1.065870249077051218e-01
6.544117835132835792e-02
1.491747802111679233e-01
7.941480366744740893e-02
1.667715863068863769e-01
8.821531087128742232e-02
1.868296689707190650e-01
8.648138819936125599e-02
1.521640243149371963e-01
8.740375802247520032e-02
1.963495562563490893e-01
9.497058786472159508e-02
1.875293505368125502e-01
1.039449164558494954e-01
2.282497389542313682e-01
1.199578066491574224e-01
2.491057732623173648e-01
1.379653242851966721e-01
2.981351723273780729e-01
1.556398947418547729e-01
3.454707524762821169e-01
1.802699759313172723e-01
3.884381364122330704e-01
2.068048108194574242e-01
4.172884948033082075e-01
2.364426253109706000e-01
5.237770836605298852e-01
3.296217267564144349e-01
8.343243832512645675e-01
5.154881148914685074e-01
1.300402682502023843e+00
1.006279221597837337e+00
2.797123355101379882e+00
2.067863482194222513e+01
8.141878953835089305e+01
