1.250675097269282965e+01
3.212402001154778031e+00
2.074015500882251672e-01
1.614940659168317971e-01
4.218284713285080367e-01
1.796868252758831996e-01
2.796129942982154004e-01
2.199881090925843441e-01
5.783700921447845200e-01
2.541316305653082974e-01
4.446131963334870041e-01
2.119344440925259032e-01
4.044960304864343437e-01
1.805606795688472765e-01
3.053330198947796781e-01
1.748595736674871115e-01
4.033289436912657067e-01
2.126290161294821790e-01
4.575743255869276216e-01
2.457316793817599931e-01
5.195591979728478860e-01
2.583380509543120040e-01
4.734899920521144501e-01
2.647300249295291841e-01
5.709949984117395072e-01
3.431671695311426795e-01
8.077869008765025116e-01
4.340648779048600359e-01
9.080172776442889671e-01
3.719649916398869438e-01
5.932845067340782874e-01
3.960143613381312822e-01
1.022051773736524227e+00
5.961071717434265338e-01
1.363734183205073114e+00
6.538517541368342734e-01
1.305110489207488511e+00
7.931362020720694739e-01
1.794926353013269305e+00
1.017025802284084346e+00
2.207654362077835941e+00
1.411169688906301456e+00
3.446275406214844850e+00
2.408950609488114125e+00
6.147787011780100563e+00
4.329540785206152265e+00
1.110050876716382362e+01
1.776062812525169647e+02
6.830239695212625293e+02
