5.326439322269687499e-02
2.368039464792013327e+00
7.032415531617135507e+00
1.617915172595058571e-01
2.943502611850007167e+00
7.050800857271063649e+00
1.836703214575754160e-03
6.802597886090988588e-02
4.798589175752061009e-01
1.654685996853697341e-02
1.562759061524139625e-01
4.743433495529897903e-01
1.836703214575754160e-03
6.986451732628452815e-02
5.203068050869512629e-01
1.286978032939867407e-02
1.820154692974329247e-01
5.111141215145061922e-01
3.673406429151508321e-03
8.273430049441905798e-02
4.982443509559839057e-01
1.470832067977269862e-02
1.985623235538243603e-01
5.276609804045246932e-01
8.963112187982604385e-04
7.538013272240845497e-02
5.515619759083075779e-01
2.941663923632589772e-02
3.346142846466831355e-01
7.317389374009826142e-01
3.673406429151508321e-03
1.286978038603212027e-01
5.846557120430636578e-01
3.125517958669992574e-02
3.327757573643830846e-01
7.648326091516751690e-01
5.510109643727262481e-03
1.820154610877219303e-01
7.243847713335402894e-01
4.044788346178954108e-02
3.732236474834934037e-01
9.376553984735079839e-01
5.510110061104698913e-03
2.353331183151226302e-01
9.119158695127511649e-01
5.147912131759469628e-02
4.467652461153865939e-01
1.150926013938336601e+00
9.183516490256206366e-03
2.960049294040218992e-01
1.202405160220883173e+00
6.251035492696084550e-02
5.736244983196178149e-01
1.502087196868893582e+00
1.157123046051596882e-01
4.375724886114535916e-01
2.005847031387903989e+00
9.192699628650624621e-02
9.358168371550565912e-01
2.167638560621768740e+00
6.961105554708026943e-01
3.524481284525323943e+00
5.151589174358272238e+00
6.269421469469089736e-01
3.250538558061701888e+00
8.893018114801751750e+00
