2.280957518674495837e-03
9.503990348939598057e-03
1.562274849790573975e-02
4.236063945773387539e-03
2.156047913124242016e-02
1.589429068111890622e-02
1.086170230843301089e-04
4.163652812939555516e-04
1.556844057572709774e-03
2.715425513759691842e-04
1.393918501484495923e-03
1.031861609817125418e-03
1.267198672196288899e-04
4.525709550089392920e-04
1.556844057572709774e-03
1.629255450782499408e-04
1.828386664543545179e-03
1.104272971547178754e-03
3.620567523076551004e-05
6.517021940129925093e-04
1.629255395568688291e-03
2.534397241193501993e-04
1.991312037360735022e-03
1.466329780197445868e-03
1.629255450583607940e-04
5.430851728680412879e-04
2.226648934035511170e-03
3.801596004316937076e-04
2.534397241184546592e-03
1.774077969271460825e-03
1.629255450583607940e-04
1.104273115450289102e-03
2.643014127512387755e-03
4.887766209820814138e-04
3.276613498080468631e-03
2.172340458786754715e-03
1.810283787617939443e-04
1.267198714311001170e-03
2.769733969005350269e-03
7.422163165960947960e-04
3.892110062414121455e-03
2.842145259953612803e-03
3.258510692529903267e-04
1.520638430315887244e-03
4.308475192079065305e-03
1.031861723734019782e-03
5.648085366447824947e-03
4.091241348075745979e-03
3.439539029564234770e-04
2.751631470911904999e-03
8.073865349188292379e-03
1.339609901117890228e-03
9.232447335025073185e-03
6.263581413747653162e-03
7.241135150471757773e-04
6.082553184117267531e-03
1.893556837385844058e-02
2.661117089000508522e-03
1.853730527724017571e-02
1.419262375417168660e-02
1.747647932096556556e-01
5.524623938827700753e-01
2.527699205457010767e-01
2.332912670067906480e-01
7.389759300599766378e-01
3.712710967408124341e-01
