4.063188666659251630e-02
1.084143417410258874e-02
2.344445754868837700e-03
1.160833158452264117e-03
2.311180537810428488e-03
1.188571207480711243e-03
2.363390896444074289e-03
1.990726688709164305e-03
5.910074140218498674e-03
1.992594933530821531e-03
2.291896160655523471e-03
1.189310656149415897e-03
2.295613031833465718e-03
2.302392343413912218e-03
6.894180734369256998e-03
2.960893393558104540e-03
4.618602809812238398e-03
3.184100799258437683e-03
7.947955920598593488e-03
4.422047609279141159e-03
9.092436751307650389e-03
2.951709509034530516e-03
2.314578553569485685e-03
3.420322480411203819e-03
1.158213760410393631e-02
5.613551814043218728e-03
1.065782390229054119e-02
6.260479363503755092e-03
1.514528609326462605e-02
7.370001082538214267e-03
1.490747556432049127e-02
7.378579786163387555e-03
1.499438710142562275e-02
8.014013299155915704e-03
1.773433995070861427e-02
9.346758604983188695e-03
1.959680408077337996e-02
1.183761650537080122e-02
2.673090844901173171e-02
1.851462894696250666e-02
4.710091448289079052e-02
2.775833042479429469e-02
6.387163068767390262e-02
3.879884267304268414e-02
8.606619525982772689e-02
7.276338789500161330e-02
2.130509818642412623e-01
1.792807678718723707e+00
7.049868778833722871e+00
