9.992076976300284130e+00
4.905916929565492524e+00
4.944577732606681764e+00
4.630100807767194127e+00
4.526118779780693657e+00
4.337774870220666656e+00
4.983416001962075015e+00
4.910095171559575533e+00
4.801833714645453277e+00
4.783908060188722722e+00
5.449271303637671870e+00
5.988447824896280913e+00
5.428560673425570471e+00
5.230242845662827378e+00
5.231736909654564727e+00
4.724233844495846490e+00
5.546290503055232080e+00
5.623789964632329053e+00
5.982954541946720717e+00
5.851173739053797895e+00
6.371108397358658415e+00
6.252087655965362423e+00
6.089621137116081329e+00
6.719133071651568478e+00
6.297710509214464736e+00
6.903500334723560172e+00
7.553420895392589429e+00
8.070772562628642177e+00
8.097356705152098044e+00
8.370061717924622613e+00
8.927668660766110875e+00
1.018588459109083821e+01
1.054087170477217406e+01
1.133130822496203116e+01
1.141151521537229030e+01
1.222537106214895353e+01
1.366005544784150771e+01
1.597925840780528972e+01
1.542197837659523074e+01
1.802504804646178016e+01
1.945907549544736881e+01
2.143523918349754354e+01
2.520937948308197818e+01
2.832904736671023826e+01
3.531473172885318235e+01
4.482958193805079361e+01
6.358573204359793607e+01
9.078793681087861955e+01
2.005018154017807888e+02
