9.082209294567634927e+00
4.591006896155068517e+00
4.607641099503294591e+00
4.358129855147040210e+00
4.274959199579337898e+00
3.925643457480582743e+00
4.624275302851519776e+00
4.624275302851519776e+00
4.507836601760792483e+00
4.491202398412567298e+00
5.139931633738826555e+00
5.722124778019036739e+00
5.056761339344550521e+00
5.056760978171124243e+00
4.823883937163095936e+00
4.408031742844864098e+00
5.389442878095080047e+00
5.239736131481327774e+00
5.722124778019036739e+00
5.472613533662782359e+00
6.004904067898315212e+00
5.788660869065085812e+00
5.772026665716860627e+00
6.437390465564773123e+00
6.038172474594766470e+00
6.670267145399373376e+00
7.086119339717605214e+00
7.784750823915115525e+00
7.601776031778339160e+00
8.017628226096570998e+00
8.566552602506902758e+00
9.864011073159421272e+00
1.024659558312805530e+01
1.096186054832693735e+01
1.111156837846097112e+01
1.195990552575195309e+01
1.319082790535842165e+01
1.540316105904168076e+01
1.485423668263134900e+01
1.768203102611784416e+01
1.891295196103060405e+01
2.079260393713676081e+01
2.456854209269729949e+01
2.769574920706444132e+01
3.423294200333115356e+01
4.321534824484999859e+01
6.118015494911284691e+01
8.716260143702193375e+01
1.656921062346755207e+02
