8.078993996605277061e-04
7.181328255683183670e-04
5.610412918031215668e-04
4.488329868763685226e-04
7.181328255683183670e-04
5.161579465493559837e-04
3.590664127841591835e-04
4.937163321301341057e-04
2.692997804842889309e-04
4.937163321301341057e-04
2.244164934381842613e-04
3.815080272033810616e-04
4.937163321301341057e-04
4.263913724571466446e-04
4.263913724571466446e-04
3.590664127841591835e-04
4.263913724571466446e-04
3.815080272033810616e-04
4.039496998302638531e-04
5.834829062223434448e-04
4.263913724571466446e-04
3.366247401572763920e-04
3.366247401572763920e-04
4.039496998302638531e-04
4.937163321301341057e-04
4.263913724571466446e-04
5.161579465493559837e-04
4.937163321301341057e-04
7.405744399875402451e-04
7.630161708220839500e-04
8.527827449142932892e-04
8.752243593335151672e-04
1.009874278679490089e-03
8.976660319603979588e-04
1.166965812444686890e-03
1.211849041283130646e-03
1.122082583606243134e-03
1.368940691463649273e-03
1.211849157698452473e-03
1.615798799321055412e-03
1.683123875409364700e-03
2.603231463581323624e-03
1.862657023593783379e-03
2.827648073434829712e-03
3.545780899003148079e-03
4.196588881313800812e-03
5.902153905481100082e-03
9.762117639183998108e-03
2.199281938374042511e-02
9.198608398437500000e-01
