4.140007309615612030e-03
3.763643093407154083e-03
4.704553633928298950e-03
5.269100889563560486e-03
3.575460985302925110e-03
4.328189417719841003e-03
4.328189417719841003e-03
5.080918315798044205e-03
3.387278877198696136e-03
4.140007775276899338e-03
4.892736207693815231e-03
3.575460985302925110e-03
6.021829321980476379e-03
8.091833442449569702e-03
7.903650403022766113e-03
7.150921970605850220e-03
8.280014619231224060e-03
7.150921970605850220e-03
5.269100889563560486e-03
8.091833442449569702e-03
7.339104078710079193e-03
6.774557754397392273e-03
7.150921970605850220e-03
9.973654523491859436e-03
7.903650403022766113e-03
5.833647213876247406e-03
9.220926091074943542e-03
8.656378835439682007e-03
1.091456506401300430e-02
9.220926091074943542e-03
7.903650403022766113e-03
9.973654523491859436e-03
1.091456506401300430e-02
1.016183663159608841e-02
1.336093340069055557e-02
1.053820084780454636e-02
1.354911550879478455e-02
1.467820815742015839e-02
1.505457237362861633e-02
1.505457237362861633e-02
1.580730080604553223e-02
2.164094895124435425e-02
2.314640581607818604e-02
2.389913424849510193e-02
3.029732778668403625e-02
3.970643877983093262e-02
4.158825427293777466e-02
5.645464733242988586e-02
9.164471179246902466e-02
3.424915373325347900e-01
