5.118076801300048828e-01
1.152353584766387939e-01
5.128717049956321716e-02
3.584159165620803833e-02
2.203739993274211884e-02
1.438882853835821152e-02
1.443063840270042419e-02
1.194673031568527222e-02
8.561658672988414764e-03
9.840091690421104431e-03
1.288464944809675217e-02
8.012376725673675537e-03
1.078937761485576630e-02
6.012648809701204300e-03
7.247870322316884995e-03
7.415670901536941528e-03
7.087224163115024567e-03
5.964525975286960602e-03
7.899153046309947968e-03
5.498722195625305176e-03
5.809491500258445740e-03
4.215378779917955399e-03
5.779746919870376587e-03
6.932190153747797012e-03
5.529167596250772476e-03
4.436213988810777664e-03
6.150005385279655457e-03
4.872273188084363937e-03
5.182342138141393661e-03
5.230464972555637360e-03
6.292973645031452179e-03
2.202884526923298836e-03
5.946848541498184204e-03
3.450872609391808510e-03
7.570705376565456390e-03
3.857186995446681976e-03
4.388791508972644806e-03
2.000427804887294769e-03
4.370412789285182953e-03
8.119287667796015739e-04
1.015086076222360134e-03
2.358619356527924538e-03
2.812356222420930862e-03
2.716811373829841614e-03
4.669115878641605377e-03
2.358619356527924538e-03
5.134919658303260803e-03
3.731897333636879921e-03
6.568943499587476254e-04
5.326010286808013916e-03
