5.239971876144409180e-01
1.134687289595603943e-01
5.304637923836708069e-02
3.627362102270126343e-02
2.192583680152893066e-02
1.818732917308807373e-02
1.657067798078060150e-02
1.566131226718425751e-02
1.384257897734642029e-02
1.333737559616565704e-02
1.121552009135484695e-02
1.020511239767074585e-02
1.192280557006597519e-02
1.101343892514705658e-02
1.020511332899332047e-02
7.679094560444355011e-03
7.982216775417327881e-03
6.668687798082828522e-03
7.274931762367486954e-03
5.961402785032987595e-03
5.254117306321859360e-03
5.456198938190937042e-03
4.445791710168123245e-03
4.647873342037200928e-03
4.546832293272018433e-03
4.142669495195150375e-03
4.243710078299045563e-03
3.334343666210770607e-03
3.637466114014387131e-03
3.536425065249204636e-03
3.233303083106875420e-03
2.424977486953139305e-03
1.818733057007193565e-03
2.121855039149522781e-03
3.637466114014387131e-03
2.323936671018600464e-03
2.323936671018600464e-03
1.919773640111088753e-03
2.222895855084061623e-03
2.627058885991573334e-03
2.020814456045627594e-03
1.313529442995786667e-03
2.020814456045627594e-03
2.222896087914705276e-03
1.919773640111088753e-03
1.717692357487976551e-03
1.515610842034220695e-03
1.111448043957352638e-03
1.212488627061247826e-03
6.062443717382848263e-04
