1.011736167129129171e-04
1.011736167129129171e-04
1.011736167129129171e-04
0.000000000000000000e+00
1.517604250693693757e-04
1.517604250693693757e-04
5.058680835645645857e-05
1.011736167129129171e-04
0.000000000000000000e+00
1.011736167129129171e-04
0.000000000000000000e+00
0.000000000000000000e+00
0.000000000000000000e+00
1.011736167129129171e-04
1.011736167129129171e-04
2.529340272303670645e-04
1.011736167129129171e-04
5.058680835645645857e-05
0.000000000000000000e+00
1.517604396212846041e-04
1.011736167129129171e-04
5.058680835645645857e-05
1.517604250693693757e-04
5.058680835645645857e-05
3.541076730471104383e-04
1.011736167129129171e-04
1.011736167129129171e-04
2.529340563341975212e-04
1.011736167129129171e-04
2.529340272303670645e-04
5.058680835645645857e-05
1.517604396212846041e-04
1.011736167129129171e-04
4.046944668516516685e-04
5.058681126683950424e-04
1.011736167129129171e-04
2.023472334258258343e-04
1.517604396212846041e-04
3.035208792425692081e-04
4.552812606561928988e-04
2.023472334258258343e-04
6.070417002774775028e-04
4.552812897600233555e-04
3.541076730471104383e-04
7.082152878865599632e-04
1.011736225336790085e-03
1.264670165255665779e-03
2.377579919993877411e-03
5.109267309308052063e-03
9.823451638221740723e-01
