1.003727631819824069e+03
8.948570522758211854e-02
8.753671202524009043e-02
8.554944859384996936e-02
8.354721081007271399e-02
8.180406006173285283e-02
8.001979937333501824e-02
7.821602665000849941e-02
7.665010899913055065e-02
7.504114923369308021e-02
7.340933272216321193e-02
7.199671555276186685e-02
7.054009018155021904e-02
6.905810502000549189e-02
6.777898354343969700e-02
6.645532690838133749e-02
6.510455396071575251e-02
6.394222657769543794e-02
6.266183894132368315e-02
6.157347578373077723e-02
6.044037254004665932e-02
5.926686928405704852e-02
5.827267035804429424e-02
5.723418511419448712e-02
5.615544989431677653e-02
5.524465650095499586e-02
5.429018059428790399e-02
5.329581699431195502e-02
5.245915981918359422e-02
5.157955201503082454e-02
5.066059811193705104e-02
4.989004838448068274e-02
4.907744092682259085e-02
4.822610947186226071e-02
