3.056719200685620308e-03
2.886901376768946648e-03
3.339748596772551537e-03
4.132231231778860092e-03
3.509566420689225197e-03
3.226536791771650314e-03
4.019019659608602524e-03
3.113324986770749092e-03
4.019019659608602524e-03
3.509566420689225197e-03
3.849201835691928864e-03
2.717083552852272987e-03
3.849201835691928864e-03
3.792596049606800079e-03
3.396354615688323975e-03
3.056719200685620308e-03
3.113324986770749092e-03
3.056719200685620308e-03
4.358654841780662537e-03
4.075625445693731308e-03
3.566172206774353981e-03
4.075625445693731308e-03
5.151137709617614746e-03
4.528472665697336197e-03
4.132231231778860092e-03
3.622778225690126419e-03
5.264349747449159622e-03
5.490773357450962067e-03
4.528472665697336197e-03
5.037926137447357178e-03
5.547379143536090851e-03
4.415261093527078629e-03
4.302049055695533752e-03
4.641684703528881073e-03
5.377561319619417191e-03
5.660591181367635727e-03
5.603984929621219635e-03
4.585078451782464981e-03
4.811502527445554733e-03
4.415261093527078629e-03
4.641684703528881073e-03
5.320955533534288406e-03
4.641684703528881073e-03
4.415261093527078629e-03
4.754896275699138641e-03
4.981319885700941086e-03
4.188837483525276184e-03
5.207743495702743530e-03
4.415261093527078629e-03
4.585078451782464981e-03
4.471866879612207413e-03
4.528472665697336197e-03
5.037926137447357178e-03
4.868108313530683517e-03
4.471866879612207413e-03
5.207743495702743530e-03
6.283255759626626968e-03
4.981319885700941086e-03
6.849315017461776733e-03
5.264349747449159622e-03
5.603984929621219635e-03
5.830408539623022079e-03
6.113438401371240616e-03
7.075738627463579178e-03
7.075738627463579178e-03
7.755009457468986511e-03
6.566285621374845505e-03
6.962527055293321609e-03
8.151250891387462616e-03
7.981433533132076263e-03
8.321069180965423584e-03
8.434280753135681152e-03
7.698403671383857727e-03
8.151250891387462616e-03
8.207856677472591400e-03
9.283369407057762146e-03
8.887127973139286041e-03
8.660703897476196289e-03
9.283369407057762146e-03
1.013245806097984314e-02
1.069851685315370560e-02
1.166081707924604416e-02
1.273632980883121490e-02
1.341560017317533493e-02
1.426468882709741592e-02
1.454771868884563446e-02
1.590626128017902374e-02
1.669874414801597595e-02
1.771765016019344330e-02
1.913279667496681213e-02
1.969885639846324921e-02
2.184988185763359070e-02
2.394429966807365417e-02
2.677459456026554108e-02
3.237858042120933533e-02
3.611456975340843201e-02
4.205819219350814819e-02
5.479452013969421387e-02
6.605909764766693115e-02
