4.423791766166687012e-01
1.140024811029434204e-01
6.319702416658401489e-02
4.956629499793052673e-02
2.726146206259727478e-02
2.850062027573585510e-02
1.239157374948263168e-02
1.858736015856266022e-02
1.858736015856266022e-02
7.434944156557321548e-03
1.363073103129863739e-02
9.913259185850620270e-03
3.717472078278660774e-03
4.956629592925310135e-03
6.195786874741315842e-03
4.956629592925310135e-03
3.717472078278660774e-03
4.956629592925310135e-03
4.956629592925310135e-03
6.195786874741315842e-03
1.239157398231327534e-03
6.195786874741315842e-03
0.000000000000000000e+00
7.434944156557321548e-03
0.000000000000000000e+00
1.239157398231327534e-03
0.000000000000000000e+00
1.239157398231327534e-03
2.478314796462655067e-03
2.478314796462655067e-03
0.000000000000000000e+00
4.956629592925310135e-03
3.717472078278660774e-03
4.956629592925310135e-03
2.478314796462655067e-03
3.717472078278660774e-03
1.239157398231327534e-03
0.000000000000000000e+00
2.478314796462655067e-03
3.717472078278660774e-03
4.956629592925310135e-03
2.478314796462655067e-03
1.239157398231327534e-03
4.956629592925310135e-03
2.478314796462655067e-03
0.000000000000000000e+00
2.478314796462655067e-03
4.956629592925310135e-03
2.478314796462655067e-03
3.717472078278660774e-03
2.478314796462655067e-03
0.000000000000000000e+00
2.478314796462655067e-03
2.478314796462655067e-03
0.000000000000000000e+00
1.239157398231327534e-03
0.000000000000000000e+00
0.000000000000000000e+00
3.717472078278660774e-03
0.000000000000000000e+00
1.239157398231327534e-03
0.000000000000000000e+00
2.478314796462655067e-03
0.000000000000000000e+00
1.239157398231327534e-03
1.239157398231327534e-03
1.239157398231327534e-03
3.717472078278660774e-03
1.239157398231327534e-03
1.239157398231327534e-03
1.239157398231327534e-03
2.478314796462655067e-03
1.239157398231327534e-03
1.239157398231327534e-03
3.717472078278660774e-03
0.000000000000000000e+00
1.239157398231327534e-03
3.717472078278660774e-03
1.239157398231327534e-03
0.000000000000000000e+00
1.239157398231327534e-03
0.000000000000000000e+00
1.239157398231327534e-03
2.478314796462655067e-03
1.239157398231327534e-03
0.000000000000000000e+00
1.239157398231327534e-03
1.239157398231327534e-03
0.000000000000000000e+00
1.239157398231327534e-03
3.717472078278660774e-03
6.195786874741315842e-03
2.478314796462655067e-03
0.000000000000000000e+00
0.000000000000000000e+00
0.000000000000000000e+00
0.000000000000000000e+00
4.956629592925310135e-03
2.478314796462655067e-03
