2.879976818803697824e-04
4.559963417705148458e-04
4.799961461685597897e-04
2.399980730842798948e-04
2.639978774823248386e-04
4.799961461685597897e-04
3.359973197802901268e-04
2.879976818803697824e-04
2.879976818803697824e-04
3.359973197802901268e-04
1.199990365421399474e-04
2.879976818803697824e-04
2.879976818803697824e-04
4.559963417705148458e-04
4.079967329744249582e-04
3.599971241783350706e-04
2.159982686862349510e-04
4.559963417705148458e-04
3.359973197802901268e-04
2.159982686862349510e-04
2.159982686862349510e-04
1.679986598901450634e-04
2.879976818803697824e-04
2.159982686862349510e-04
2.639978774823248386e-04
3.839969285763800144e-04
2.159982686862349510e-04
4.559963417705148458e-04
2.159982686862349510e-04
3.359973197802901268e-04
2.399980730842798948e-04
2.159982686862349510e-04
2.639978774823248386e-04
2.639978774823248386e-04
3.839969285763800144e-04
2.159982686862349510e-04
3.119975153822451830e-04
2.879976818803697824e-04
2.399980730842798948e-04
2.879976818803697824e-04
1.679986598901450634e-04
2.399980730842798948e-04
3.599971241783350706e-04
3.599971241783350706e-04
2.879976818803697824e-04
2.399980730842798948e-04
2.399980730842798948e-04
3.119975153822451830e-04
2.639978774823248386e-04
2.879976818803697824e-04
2.879976818803697824e-04
2.399980730842798948e-04
3.839969285763800144e-04
3.839969285763800144e-04
4.079967329744249582e-04
3.119975153822451830e-04
3.839969285763800144e-04
3.599971241783350706e-04
4.319965373724699020e-04
3.119975153822451830e-04
3.599971241783350706e-04
3.839969285763800144e-04
4.799961461685597897e-04
4.079967329744249582e-04
4.559963417705148458e-04
4.799961461685597897e-04
6.719946395605802536e-04
5.279957549646496773e-04
5.519955884665250778e-04
5.279957549646496773e-04
5.999951972626149654e-04
7.919936906546354294e-04
8.159934659488499165e-04
4.799961461685597897e-04
8.159934659488499165e-04
7.679938571527600288e-04
9.119926835410296917e-04
8.399932994507253170e-04
1.079991343431174755e-03
1.031991792842745781e-03
1.079991343431174755e-03
1.103991176933050156e-03
1.775985816493630409e-03
1.535987714305520058e-03
1.367989112623035908e-03
1.799985649995505810e-03
1.775985816493630409e-03
1.967984251677989960e-03
2.495980123057961464e-03
2.855977043509483337e-03
3.191974479705095291e-03
4.031967837363481522e-03
4.895960912108421326e-03
5.975952371954917908e-03
7.319941651076078415e-03
1.039191707968711853e-02
1.480788178741931915e-02
2.186382561922073364e-02
4.312765598297119141e-02
