1.921137300087139010e-04
0.000000000000000000e+00
2.401421661488711834e-04
0.000000000000000000e+00
1.921137300087139010e-04
4.802843250217847526e-05
1.921137300087139010e-04
2.401421661488711834e-04
9.605686500435695052e-05
9.605686500435695052e-05
1.921137300087139010e-04
9.605686500435695052e-05
1.440852938685566187e-04
1.921137300087139010e-04
2.401421661488711834e-04
9.605686500435695052e-05
4.802843250217847526e-05
4.802843250217847526e-05
4.802843250217847526e-05
4.802843250217847526e-05
0.000000000000000000e+00
4.802843250217847526e-05
9.605686500435695052e-05
9.605686500435695052e-05
1.440852938685566187e-04
4.802843250217847526e-05
9.605686500435695052e-05
9.605686500435695052e-05
4.802843250217847526e-05
1.921137300087139010e-04
1.440852938685566187e-04
1.440852938685566187e-04
1.921137300087139010e-04
9.605686500435695052e-05
0.000000000000000000e+00
9.605686500435695052e-05
2.401421661488711834e-04
0.000000000000000000e+00
4.802843250217847526e-05
2.401421661488711834e-04
1.921137300087139010e-04
1.440852938685566187e-04
1.921137300087139010e-04
1.440852938685566187e-04
1.440852938685566187e-04
1.921137300087139010e-04
4.802843250217847526e-05
1.921137300087139010e-04
0.000000000000000000e+00
4.802843250217847526e-05
4.802843250217847526e-05
9.605686500435695052e-05
1.921137300087139010e-04
1.440852938685566187e-04
9.605686500435695052e-05
2.881705877371132374e-04
4.802843250217847526e-05
1.440852938685566187e-04
4.802843250217847526e-05
9.605686500435695052e-05
2.881705877371132374e-04
4.802843250217847526e-05
9.605686500435695052e-05
1.440852938685566187e-04
1.440852938685566187e-04
1.440852938685566187e-04
2.881705877371132374e-04
2.401421661488711834e-04
1.440852938685566187e-04
4.322558816056698561e-04
2.881705877371132374e-04
1.921137300087139010e-04
2.401421661488711834e-04
2.401421661488711834e-04
1.921137300087139010e-04
2.881705877371132374e-04
5.283127538859844208e-04
1.440852938685566187e-04
3.842274600174278021e-04
2.881705877371132374e-04
3.361990384291857481e-04
3.842274600174278021e-04
4.322558816056698561e-04
8.645117632113397121e-04
8.164833416230976582e-04
8.164833416230976582e-04
5.763411754742264748e-04
8.164833416230976582e-04
7.204264984466135502e-04
1.584938261657953262e-03
1.392824575304985046e-03
1.440852996893227100e-03
1.969165634363889694e-03
2.257336396723985672e-03
2.833677455782890320e-03
3.458047052845358849e-03
5.427212920039892197e-03
9.557657875120639801e-03
1.964362896978855133e-02
