3.704967200756072998e-01
1.154702678322792053e-01
7.202085107564926147e-02
5.295743420720100403e-02
3.733712434768676758e-02
2.853984013199806213e-02
2.261707372963428497e-02
1.794203557074069977e-02
1.479902118444442749e-02
1.298270560801029205e-02
1.110321376472711563e-02
9.729132056236267090e-03
9.018399752676486969e-03
8.844665251672267914e-03
7.865434512495994568e-03
7.581141777336597443e-03
7.186290808022022247e-03
6.586117204278707504e-03
6.049119401723146439e-03
6.333412136882543564e-03
6.222853902727365494e-03
5.717444699257612228e-03
5.733238533139228821e-03
5.433151498436927795e-03
5.685856565833091736e-03
5.038300529122352600e-03
5.054094828665256500e-03
4.943536128848791122e-03
4.517097026109695435e-03
4.596067126840353012e-03
4.532891325652599335e-03
3.948511555790901184e-03
4.138039890676736832e-03
3.995893523097038269e-03
3.237779252231121063e-03
3.316749585792422295e-03
3.411513753235340118e-03
3.127221018075942993e-03
3.127221018075942993e-03
3.158809151500463486e-03
2.921898383647203445e-03
2.416488947346806526e-03
2.700781915336847305e-03
2.558635314926505089e-03
2.606017515063285828e-03
2.179578412324190140e-03
2.558635314926505089e-03
2.211166312918066978e-03
2.274342579767107964e-03
2.132196212187409401e-03
2.116402145475149155e-03
2.116402145475149155e-03
1.926873577758669853e-03
1.926873577758669853e-03
1.974255777895450592e-03
1.911079511046409607e-03
1.879491377621889114e-03
1.642580726183950901e-03
1.768933143466711044e-03
1.610992709174752235e-03
1.500434358604252338e-03
1.737345010042190552e-03
1.626786659471690655e-03
1.642580726183950901e-03
1.389876008033752441e-03
1.279317657463252544e-03
1.595198642462491989e-03
1.200347440317273140e-03
1.342493924312293530e-03
1.263523707166314125e-03
1.342493924312293530e-03
1.405670074746012688e-03
1.263523707166314125e-03
1.295111724175512791e-03
1.168759423308074474e-03
1.105583156459033489e-03
8.844665717333555222e-04
1.279317657463252544e-03
1.010818872600793839e-03
9.476427221670746803e-04
1.184553373605012894e-03
1.089789206162095070e-03
1.105583156459033489e-03
8.528784383088350296e-04
1.010818872600793839e-03
1.152965356595814228e-03
1.137171289883553982e-03
8.370844298042356968e-04
8.370844298042356968e-04
7.897022878751158714e-04
6.791439373046159744e-04
7.897022878751158714e-04
7.739082211628556252e-04
4.896154277957975864e-04
7.581142126582562923e-04
6.317618535831570625e-04
5.369975697249174118e-04
4.896154277957975864e-04
3.316749644000083208e-04
