3.793068528175354004e-01
1.089218929409980774e-01
6.951601803302764893e-02
5.163180828094482422e-02
3.425280377268791199e-02
2.758411690592765808e-02
2.212791703641414642e-02
1.879357360303401947e-02
1.525714900344610214e-02
1.263009011745452881e-02
1.101343799382448196e-02
1.071031671017408371e-02
9.194705635309219360e-03
1.010407228022813797e-02
6.971809547394514084e-03
7.780135609209537506e-03
7.375972345471382141e-03
7.881175726652145386e-03
7.173891179263591766e-03
6.769728381186723709e-03
5.961402319371700287e-03
7.679094560444355011e-03
6.264524534344673157e-03
5.254117306321859360e-03
6.062443368136882782e-03
6.163483951240777969e-03
4.647872876375913620e-03
5.658280104398727417e-03
4.546832293272018433e-03
4.041628912091255188e-03
3.637465881183743477e-03
4.142669495195150375e-03
3.839547280222177505e-03
4.445791710168123245e-03
2.930180868133902550e-03
4.445791710168123245e-03
3.435384482145309448e-03
2.627058653160929680e-03
3.132262267172336578e-03
3.233303083106875420e-03
3.031221684068441391e-03
2.222895855084061623e-03
3.839547280222177505e-03
2.728099469095468521e-03
2.222895855084061623e-03
2.323936438187956810e-03
1.919773640111088753e-03
1.313529326580464840e-03
1.212488627061247826e-03
2.526018070057034492e-03
2.121855039149522781e-03
1.313529326580464840e-03
2.020814456045627594e-03
1.616651541553437710e-03
1.616651541553437710e-03
1.717692241072654724e-03
1.212488627061247826e-03
1.414570026099681854e-03
2.222895855084061623e-03
1.616651541553437710e-03
2.121855039149522781e-03
2.222895855084061623e-03
2.020814456045627594e-03
1.313529326580464840e-03
1.717692241072654724e-03
9.093664702959358692e-04
1.010407228022813797e-03
6.062443135306239128e-04
1.313529326580464840e-03
1.313529326580464840e-03
1.515610842034220695e-03
1.212488627061247826e-03
1.616651541553437710e-03
1.616651541553437710e-03
9.093664702959358692e-04
1.313529326580464840e-03
1.010407228022813797e-03
1.414570026099681854e-03
1.111447927542030811e-03
1.212488627061247826e-03
1.515610842034220695e-03
6.062443135306239128e-04
1.111447927542030811e-03
5.052036140114068985e-04
8.083257707767188549e-04
5.052036140114068985e-04
9.093664702959358692e-04
5.052036140114068985e-04
1.313529326580464840e-03
1.111447927542030811e-03
9.093664702959358692e-04
9.093664702959358692e-04
8.083257707767188549e-04
5.052036140114068985e-04
5.052036140114068985e-04
1.010407213470898569e-04
5.052036140114068985e-04
5.052036140114068985e-04
7.072850130498409271e-04
