2.100719654433151362e+01
5.373767838824424103e+00
8.642846471109082440e-01
4.313285699798441453e-01
8.748592775895714935e-01
4.847544470745889233e-01
1.023351520875163123e+00
5.888387105480659134e-01
1.388982565294752280e+00
6.009611892233226449e-01
1.070884348294763644e+00
6.627829878143440823e-01
1.562933536993927008e+00
7.285320472801547487e-01
1.341552335873150925e+00
6.942888407336298418e-01
1.418566777137632018e+00
7.155190635890312789e-01
1.391854571925813300e+00
7.249277161237768219e-01
1.546271478435735869e+00
8.551331344259731626e-01
1.942119878334595207e+00
9.756533412616532619e-01
1.844823252588012608e+00
1.012093411676797894e+00
2.255346384380645386e+00
1.285205025776858578e+00
2.767913555264183145e+00
1.522436761543781936e+00
3.256684564685950356e+00
1.782772816242895519e+00
3.727048793926791781e+00
2.118725523447980930e+00
4.602142822026220159e+00
2.476951433590447227e+00
5.584830549229987895e+00
3.002132130074994798e+00
6.375269913156520474e+00
3.762814805301731180e+00
8.776513513447286030e+00
5.202297660231449683e+00
1.207420554066622920e+01
8.441533445282091819e+00
2.268117469594649194e+01
1.655040121447188284e+01
4.435875928554052194e+01
6.096296156871235183e+01
2.011834729637115800e+02
