7.991750435161722999e+04
2.095923699677647164e+04
4.934694115147016191e+02
2.204825445719733068e+02
4.045909130804237179e+02
2.044173853666519278e+02
4.009877498562991605e+02
2.023534582791143350e+02
4.006034753743873580e+02
2.011599887597711245e+02
4.095018130240933942e+02
1.912759341778328235e+02
3.764096969270843829e+02
1.888037266158578973e+02
3.702342583195956536e+02
1.775276594950583444e+02
3.321408525101151099e+02
1.670992187405251741e+02
3.522627908749994390e+02
1.795379665457083149e+02
3.696071841723340867e+02
1.816755914365618025e+02
3.462672401332587810e+02
1.604950819692998607e+02
2.839354562763937793e+02
1.463152219580714757e+02
2.911358536155937031e+02
1.625326255789082666e+02
3.520087452447212968e+02
1.684182539789470354e+02
3.511371496306968538e+02
1.622466191457607749e+02
3.121618391875964562e+02
1.687881540464426280e+02
3.532668923077961267e+02
1.571161751895559178e+02
2.699652519427378934e+02
1.382568875757462763e+02
2.809585865849069819e+02
1.401887161181839474e+02
2.794681406299425817e+02
1.519288290102134908e+02
3.135663674922480482e+02
1.562289679624523444e+02
3.206360024121441370e+02
1.361746629740753463e+02
2.210506758785190868e+02
1.061549598805435721e+02
2.151244042185136891e+02
