2.673208667710977898e+04
6.434475888723015487e+03
9.226229622426041033e+01
5.630762017575539602e+01
1.277796755173446712e+02
5.842992766959010709e+01
1.033600564379283782e+02
5.814027331284960098e+01
1.282890990561345461e+02
6.391217470590297012e+01
1.226855708231607451e+02
6.005394376892364505e+01
1.224083814229850020e+02
5.400976222330841381e+01
9.109217712892811392e+01
4.907931391983067471e+01
1.070110968528972677e+02
5.107502163841509457e+01
1.019751407212681045e+02
4.832763029359006879e+01
9.039868618301210290e+01
4.393782193994911722e+01
8.758782443753976565e+01
4.133058080863109751e+01
7.981421274723049919e+01
5.469955223157647595e+01
1.342506456857641979e+02
5.775766928571328407e+01
9.240891315449178478e+01
4.039725513898693521e+01
7.117668208526876583e+01
3.939027666583316289e+01
8.716290772100536799e+01
4.382178795942601113e+01
8.916103381026503882e+01
4.120712234075995184e+01
7.521104862474091135e+01
4.578819251988997507e+01
1.031196553996359313e+02
4.433473104717013769e+01
7.246881244664770350e+01
4.532552411067273113e+01
1.109808798799807050e+02
5.218839398824329123e+01
9.352348502434612953e+01
4.377484673464640252e+01
8.161820389939974518e+01
3.715770396204380432e+01
6.886969200646856848e+01
