4.231397205532006751e+02
1.109825898744469583e+02
2.635869298380248793e+01
1.267462890801596487e+01
2.478007005760021642e+01
1.401159521459947577e+01
3.214049379458675304e+01
1.566174760009563904e+01
3.075438366094889275e+01
1.793627609311674576e+01
4.088669651382475223e+01
2.011019482409699322e+01
3.949666402509716789e+01
1.877677303533469555e+01
3.487710449250171507e+01
1.893903107024539167e+01
4.070088136887991936e+01
2.305246164022242894e+01
4.958244290610225846e+01
2.496626110253281894e+01
4.870006799911336515e+01
2.579518447571278017e+01
5.466179696698373647e+01
2.903909822384066430e+01
6.044472131288323880e+01
3.127884835834687749e+01
6.452821524745097292e+01
3.308175191014383643e+01
6.675515573353061427e+01
3.405552968929610103e+01
6.736545922066127901e+01
3.934993648582814529e+01
8.648040926107481141e+01
4.218944336384376470e+01
8.202417328683736741e+01
4.251994111202252213e+01
8.663211631714791849e+01
5.035207500184348817e+01
1.138366191881508200e+02
5.633870050357380421e+01
1.200453493590905083e+02
7.618226175749390450e+01
1.809979896029137194e+02
1.165269362529108150e+02
2.858911333106785264e+02
1.644501328868302892e+02
3.631535132460699629e+02
2.516318007049701464e+02
6.566777916848374161e+02
