9.266358017921447754e-01
2.403325587511062622e-02
1.062750350683927536e-02
6.281363312155008316e-03
4.328166134655475616e-03
3.190486691892147064e-03
2.476906636729836464e-03
1.978265354409813881e-03
1.653401064686477184e-03
1.397398766130208969e-03
1.190860639326274395e-03
1.048011356033384800e-03
9.237433550879359245e-04
8.222003234550356865e-04
7.315664552152156830e-04
6.676823250018060207e-04
6.073901313357055187e-04
5.507113528437912464e-04
5.111214122734963894e-04
4.718950076494365931e-04
4.374351119622588158e-04
4.033756267745047808e-04
3.800661943387240171e-04
3.558041062206029892e-04
3.310111642349511385e-04
3.144725633319467306e-04
2.966049651149660349e-04
2.803671814035624266e-04
2.631899260450154543e-04
2.520982234273105860e-04
2.396387426415458322e-04
2.261046465719118714e-04
2.176468406105414033e-04
2.078189136227592826e-04
1.987102441489696503e-04
1.885408710222691298e-04
1.824222126742824912e-04
1.750606461428105831e-04
1.681632711552083492e-04
1.602584234206005931e-04
1.557060604682192206e-04
1.500114594819024205e-04
1.433516881661489606e-04
1.396450388710945845e-04
1.348800869891420007e-04
1.303670433117076755e-04
1.249657361768186092e-04
1.220973499584943056e-04
1.182636406156234443e-04
1.135893908212892711e-04
1.111954115913249552e-04
1.079068533726967871e-04
1.047674522851593792e-04
1.008584658848121762e-04
9.895325638353824615e-05
9.623328514862805605e-05
9.277579374611377716e-05
9.116034925682470202e-05
8.878020162228494883e-05
8.649409573990851641e-05
8.354105375474318862e-05
8.222580072470009327e-05
8.021325629670172930e-05
7.756087870802730322e-05
7.643106073373928666e-05
7.464396185241639614e-05
7.291924703167751431e-05
7.061286305543035269e-05
6.967833178350701928e-05
6.814065272919833660e-05
6.604380178032442927e-05
6.523320189444348216e-05
6.400735583156347275e-05
6.250994192669168115e-05
6.066036075935699046e-05
5.998188498779200017e-05
5.877635703654959798e-05
5.760610656579956412e-05
5.595753100351430476e-05
5.539189078263007104e-05
5.432890975498594344e-05
5.281317498884163797e-05
5.231250179349444807e-05
5.134693128638900816e-05
5.040685937274247408e-05
4.904140951111912727e-05
4.862137211603112519e-05
4.776079367729835212e-05
4.649621769203804433e-05
4.612244083546102047e-05
4.533514220383949578e-05
4.456671740626916289e-05
4.341726889833807945e-05
4.310254371375776827e-05
4.239440386299975216e-05
4.132333924644626677e-05
4.104218169231899083e-05
4.039040868519805372e-05
3.975291474489495158e-05
3.877192284562624991e-05
