8.491916060447692871e-01
4.935258626937866211e-02
2.189192548394203186e-02
1.314056385308504105e-02
8.955373428761959076e-03
6.584845017641782761e-03
5.135908722877502441e-03
4.130321554839611053e-03
3.406127914786338806e-03
2.890095347538590431e-03
2.470794366672635078e-03
2.163441851735115051e-03
1.903934753499925137e-03
1.688121701590716839e-03
1.520617865025997162e-03
1.372463535517454147e-03
1.243355334736406803e-03
1.140659675002098083e-03
1.044176751747727394e-03
9.676667978055775166e-04
8.954918012022972107e-04
8.295666775666177273e-04
7.764819310978055000e-04
7.268333574756979942e-04
6.788658793084323406e-04
6.405606982298195362e-04
6.016929983161389828e-04
5.707454984076321125e-04
5.396875203587114811e-04
5.099354311823844910e-04
4.860082117374986410e-04
4.627413582056760788e-04
4.389430978335440159e-04
4.203180724289268255e-04
4.001482157036662102e-04
3.841680882032960653e-04
3.681993985082954168e-04
3.515293064992874861e-04
3.385931195225566626e-04
3.242152452003210783e-04
3.131844568997621536e-04
3.011904773302376270e-04
2.891930926125496626e-04
2.798390050884336233e-04
2.702902711462229490e-04
2.598832070361822844e-04
2.520864945836365223e-04
2.429330634186044335e-04
2.359671052545309067e-04
2.286976668983697891e-04
2.206257777288556099e-04
2.146966289728879929e-04
2.084393781842663884e-04
2.012808108702301979e-04
1.965027186088263988e-04
1.901080249808728695e-04
1.854664733400568366e-04
1.805421634344384074e-04
1.749021757859736681e-04
1.708670315565541387e-04
1.665504969423636794e-04
1.614078792044892907e-04
1.581669348524883389e-04
1.535311894258484244e-04
1.503088133176788688e-04
1.467780093662440777e-04
1.425274822395294905e-04
1.399125758325681090e-04
1.366496289847418666e-04
1.328233047388494015e-04
1.305058831349015236e-04
1.270353386644273996e-04
1.246835599886253476e-04
1.220793492393568158e-04
1.188215464935638011e-04
1.169310125987976789e-04
1.139728192356415093e-04
1.120169617934152484e-04
1.098229186027310789e-04
1.070293219527229667e-04
1.054601525538600981e-04
1.033697772072628140e-04
1.008210747386328876e-04
9.940082236425951123e-05
9.699210204416885972e-05
9.567217784933745861e-05
9.387804311700165272e-05
9.165934898192062974e-05
9.046294871950522065e-05
8.882856491254642606e-05
8.676997094880789518e-05
8.569535566493868828e-05
8.373963646590709686e-05
8.273253479273989797e-05
8.130730566335842013e-05
7.949258724693208933e-05
7.857703894842416048e-05
7.719408313278108835e-05
7.564204133814200759e-05
7.473626465070992708e-05
