9.028918147087097168e-01
3.203584626317024231e-02
1.419339701533317566e-02
8.445140905678272247e-03
5.759148392826318741e-03
4.257086198776960373e-03
3.289106069132685661e-03
2.646521665155887604e-03
2.188226440921425819e-03
1.846191007643938065e-03
1.586758182384073734e-03
1.381390844471752644e-03
1.216433709487318993e-03
1.081628608517348766e-03
9.696663473732769489e-04
8.755970629863440990e-04
7.949933060444891453e-04
7.270324858836829662e-04
6.676038610748946667e-04
6.156797753646969795e-04
5.700752371922135353e-04
5.297440802678465843e-04
4.934716853313148022e-04
4.618467064574360847e-04
4.330141819082200527e-04
4.070201830472797155e-04
3.834738163277506828e-04
3.620655334088951349e-04
3.425342147238552570e-04
3.244053223170340061e-04
3.082605835516005754e-04
2.931537164840847254e-04
2.792111481539905071e-04
2.663114864844828844e-04
2.543593582231551409e-04
2.439284289721399546e-04
2.328512637177482247e-04
2.231941762147471309e-04
2.141673321602866054e-04
2.057226956821978092e-04
1.977869396796450019e-04
1.903400552691891789e-04
1.831824192777276039e-04
1.767394714988768101e-04
1.705188915366306901e-04
1.646307064220309258e-04
1.590679748915135860e-04
1.538007491035386920e-04
1.488077541580423713e-04
1.439546322217211127e-04
1.395715662511065602e-04
1.352910330751910806e-04
1.312167878495529294e-04
1.273350790143013000e-04
1.236378157045692205e-04
1.200009792228229344e-04
1.167296286439523101e-04
1.135040365625172853e-04
1.104182520066387951e-04
1.074674437404610217e-04
1.046335310093127191e-04
1.019199553411453962e-04
9.923378092935308814e-05
9.681959636509418488e-05
9.441882139071822166e-05
9.246507397620007396e-05
8.988363697426393628e-05
8.774826710578054190e-05
8.562063158024102449e-05
8.371312287636101246e-05
8.180629083653911948e-05
7.996265776455402374e-05
7.818621088517829776e-05
7.647136953892186284e-05
7.481528155039995909e-05
7.315591210499405861e-05
7.166962313931435347e-05
7.017380994511768222e-05
6.872667290735989809e-05
6.732602196279913187e-05
6.597165338462218642e-05
6.465627666329964995e-05
6.333035707939416170e-05
6.215060420800000429e-05
6.095407297834753990e-05
5.979496199870482087e-05
5.866709761903621256e-05
5.757383041782304645e-05
5.646486170007847250e-05
5.548184344661422074e-05
5.448117735795676708e-05
5.350590072339400649e-05
5.255902215139940381e-05
5.163814421393908560e-05
5.074230648460797966e-05
5.002440593671053648e-05
4.901956708636134863e-05
4.819348760065622628e-05
4.738899951917119324e-05
4.660530612454749644e-05
