9.254739284515380859e-01
2.441667765378952026e-02
1.075531262904405594e-02
6.450051441788673401e-03
4.395447671413421631e-03
3.224163549020886421e-03
2.519679255783557892e-03
2.018083119764924049e-03
1.680407556705176830e-03
1.420172164216637611e-03
1.213972573168575764e-03
1.064406009390950203e-03
9.312851470895111561e-04
8.373800665140151978e-04
7.499005878344178200e-04
6.740605458617210388e-04
6.168596446514129639e-04
5.642497562803328037e-04
5.157319246791303158e-04
4.790249222423881292e-04
4.406524822115898132e-04
4.141102836001664400e-04
3.856297407764941454e-04
3.589447005651891232e-04
3.389571211300790310e-04
3.164742374792695045e-04
3.015532274730503559e-04
2.844000409822911024e-04
2.672816335689276457e-04
2.561907458584755659e-04
2.410909219179302454e-04
2.318755286978557706e-04
2.206147910328581929e-04
2.089962945319712162e-04
2.018697123276069760e-04
1.913441519718617201e-04
1.848786196205765009e-04
1.777627767296507955e-04
1.690546050667762756e-04
1.642182178329676390e-04
1.577217626618221402e-04
1.507439737906679511e-04
1.468355039833113551e-04
1.402922207489609718e-04
1.368608936900272965e-04
1.320059818681329489e-04
1.266747276531532407e-04
1.238467957591637969e-04
1.187649249914102256e-04
1.160371757578104734e-04
1.127455179812386632e-04
1.083175884559750557e-04
1.062264709617011249e-04
1.021674397634342313e-04
1.001052078208886087e-04
9.753259655553847551e-05
9.394771041115745902e-05
9.218666673405095935e-05
8.994512609206140041e-05
8.675679418956860900e-05
8.541640272596850991e-05
8.244771743193268776e-05
8.107957546599209309e-05
7.927159458631649613e-05
7.661298877792432904e-05
7.542202365584671497e-05
7.323781755985692143e-05
7.200214167824015021e-05
7.052450382616370916e-05
6.826709432061761618e-05
6.732116162311285734e-05
6.547944212798029184e-05
6.446856423281133175e-05
6.311638571787625551e-05
6.144210783531889319e-05
6.054445475456304848e-05
5.944386430201120675e-05
5.767071343143470585e-05
5.699758912669494748e-05
5.555652387556619942e-05
5.481400148710235953e-05
5.377383786253631115e-05
5.245052670943550766e-05
5.178499486646614969e-05
5.053511631558649242e-05
4.991787500330246985e-05
4.901860302197746933e-05
4.786477438756264746e-05
4.730657383333891630e-05
4.621079642674885690e-05
4.569168231682851911e-05
4.491184517974033952e-05
4.389550304040312767e-05
4.342602915130555630e-05
4.270748831913806498e-05
4.176236325292848051e-05
4.133681795792654157e-05
4.043108856421895325e-05
4.003403228125534952e-05
3.940548776881769300e-05
