1.745351696763959580e+03
2.549051185637750677e+04
3.570745407084291219e+05
4.826696382423804607e+03
4.629572292886874493e+04
1.705665839944263687e+06
4.331155154587710854e+02
6.555236569044487624e+03
9.187774728902654897e+04
1.174237395608997758e+03
1.155382173216698720e+04
4.149218285086749238e+05
1.618855672217482722e+00
4.481807913108299601e+01
6.161683191113299927e+02
9.268636436905941522e-01
7.140662783439995565e+01
4.232853413719974014e+03
8.454669462993169571e-01
2.190769217946479586e+01
2.886960442828419104e+02
9.136522180564786710e-01
3.306047870277927103e+01
2.118538266979805030e+03
1.653580285277082451e+00
4.128326351969109709e+01
5.675200377322643135e+02
2.803644303347073929e+00
6.297256897816325960e+01
4.232996642774767679e+03
9.177820759897655778e-01
1.580226795706770382e+01
2.692391943307197266e+02
6.941108244467175670e-01
3.153123909455960572e+01
2.051884027944908667e+03
1.959813251132564105e+00
2.037861905525238626e+01
5.501407504196267837e+02
1.876086962373796699e-02
6.320619772364160127e+01
3.881245821394746599e+03
7.255965490445319688e-01
1.334427242005714653e+01
2.916410984077163562e+02
6.849491310791896437e-01
2.684152704846165705e+01
1.954346176035326380e+03
9.911435293775227029e-01
3.341326660152314076e+01
6.168417376356164823e+02
2.781649190473706401e+00
4.216956979714444032e+01
3.846236561699480717e+03
5.648011021669513410e-01
1.778168974400004032e+01
2.975903932335877471e+02
6.834938352349054780e-01
2.779952476904901459e+01
1.722372129964383475e+03
1.333529812893593958e+00
3.721479045646941586e+01
5.308472267920120657e+02
1.942251504927942907e-02
7.150646822392633339e+01
3.061830467990195302e+03
6.721535478814197884e-01
1.440544527373395489e+01
2.416014804026507647e+02
4.712603486653491602e-01
2.737254164909497689e+01
1.695982026231682767e+03
1.291543249351113198e+00
1.979153980317797590e+01
4.016647010352528469e+02
1.853367983698367194e+00
4.016461997666040418e+01
3.685975060710104572e+03
7.478636617552273380e-01
1.109701847054822998e+01
2.705197767067118662e+02
1.398160887267346331e+00
2.000580839393690979e+01
1.699726571343813248e+03
1.678001674658317510e+00
2.390833473348163096e+01
6.736900540987666091e+02
3.633098906502910896e+00
3.959478366329526011e+01
2.897580531309023172e+03
5.010816498001202657e-01
1.415431901076347287e+01
3.631045675523720888e+02
1.410320888455504740e+00
1.843748498523849833e+01
1.324492765427634595e+03
3.308666353973380159e-01
3.349450978337178952e+01
7.676880228474066143e+02
1.808283582363621189e+00
3.393449268905290950e+01
2.466653298539889420e+03
1.647576051210680737e-01
1.426470350961948341e+01
3.635063973227699989e+02
6.927492397141382652e-01
2.187307609318484936e+01
1.114124355834293738e+03
3.328001633884536958e-01
2.278624637826796473e+01
7.103155384877953793e+02
9.194716487373202352e-01
5.148969949199297247e+01
1.971677488680269107e+03
2.520220750197150195e-01
1.284575230821208969e+01
3.170877559410462823e+02
6.749889509606152860e-01
2.177536444487985179e+01
1.116261396521947063e+03
6.735465016135635530e-01
2.889217394135107853e+01
5.698478796986622683e+02
1.856675019809320482e+00
3.431652894093649309e+01
2.426233330867419681e+03
6.755941681602599669e-01
1.455393323316831733e+01
3.098891827258449325e+02
9.162886915228977136e-01
1.888939527449386091e+01
9.438271162909092027e+02
2.011191068686635663e+00
2.987138514872924588e+01
6.392713619291611167e+02
1.826169098828220427e+00
4.217410111724325361e+01
1.399214165052079579e+03
8.899397195854020781e-01
1.282366117073634371e+01
2.512788154020793741e+02
1.142349190142153192e+00
2.046983530823284170e+01
7.156044307568890872e+02
1.682653548016264544e+00
1.967487232180968704e+01
3.406958562646147470e+02
2.770063015443871901e+00
3.967894633038235952e+01
1.392626253597394452e+03
8.166693047496980107e-01
1.094048139752041315e+01
2.262578778796113568e+02
1.618512018712350287e+00
1.659601464800062232e+01
1.003601604043571456e+03
1.676559339549593908e+00
2.283964089368874895e+01
5.594831803747475760e+02
3.757632327355275859e+00
2.581635420956072835e+01
2.553499679240584101e+03
6.576818833579757273e-01
8.783720876122071530e+00
2.507447425820780893e+02
9.302165649785922863e-01
1.073607077084638917e+01
8.763431248130106042e+02
9.778084399169311158e-01
1.289898467063145659e+01
4.304588709982974137e+02
1.887888188865561104e-02
1.713546347050188601e+01
9.142490123207970782e+02
5.030340327774941445e-01
6.490282501749348398e+00
2.683120243808275518e+02
4.509736306344658274e-01
1.392821920163422611e+01
7.075091728358860337e+02
1.005739519273022964e+00
1.275364077627198434e+01
6.184012386781220130e+02
1.885143751496773268e+00
4.036881849947954493e+01
1.841486394538022751e+03
8.199686112466921806e-01
8.660592282604795855e+00
2.717857542159080140e+02
4.582096579613236798e-01
1.382816860454125241e+01
7.024044755034375385e+02
2.269945674082721521e+00
2.171044313190781949e+01
4.434359383042861964e+02
1.952922816512199164e-02
1.454964897166221860e+01
9.411918619399933732e+02
6.577009470303122329e-01
9.784711884219287725e+00
2.406339981166525490e+02
2.348885872915659756e-01
1.120903150350251565e+01
4.617915367383498051e+02
3.262017598733087387e-01
1.689455619001902775e+01
4.904514157985422003e+02
9.315106088543975149e-01
3.066986325893649123e+01
9.301790769588860712e+02
2.483586043109327068e-01
8.341722899343450237e+00
2.595930190695676743e+02
1.616405424148276815e+00
1.119899215094748968e+01
4.879484158507538041e+02
6.725249533807474700e-01
1.588015794683975912e+01
5.507456645602934486e+02
5.566264416910597035e+00
1.425204381795778730e+01
1.028922021792254554e+03
2.519642203056912666e-01
8.794036689657785288e+00
2.875173612078961582e+02
1.374601088841135077e+00
1.225118644030877135e+01
3.805225166548726747e+02
3.340957962238753631e-01
1.864585262915889885e+01
6.179456482409970022e+02
1.854087721303648503e-02
3.481278399221298514e+01
4.765241546359524705e+02
4.871691899326899278e-01
7.141097273320093031e+00
2.712423164121544232e+02
9.023118493843641508e-01
1.013972327627124237e+01
3.228198622943089617e+02
1.623887541693303627e+00
1.008970106900036612e+01
4.421202755186968147e+02
3.708928154921375064e+00
5.740300430366111151e+00
8.037623765299314300e+02
9.222746573677363946e-01
5.883656290276523926e+00
1.782864337134055859e+02
1.411573022487265794e+00
7.935166175508226338e+00
3.438353272655118076e+02
2.002488665871251516e+00
1.297415597336078186e+01
2.440457106855909331e+02
1.866603938766798088e+00
2.508888697684493252e+01
5.792275159581088246e+02
1.249974256664909911e+00
7.319491572609136298e+00
1.805657362287598460e+02
1.179527076495698212e+00
7.687426286184657620e+00
3.204451606916278479e+02
2.995089185730242853e+00
1.544169233929563667e+01
4.712748238959845821e+02
2.774468226113687486e+00
5.612914083333153670e+00
7.003377430441248634e+02
1.396412325746157368e+00
8.448361628410815172e+00
2.308660741693440457e+02
9.352038207372775913e-01
5.672509468688629930e+00
2.597095103252043486e+02
2.694560714210534336e+00
1.743087055625982273e+01
4.560366763026304397e+02
9.312943568648580639e-01
1.685953710532009353e+01
3.451738718332775875e+02
2.020989733460300197e+00
1.277336172239754397e+01
1.985785334779205300e+02
1.417292603503134574e+00
5.566486878303440911e+00
1.429048835485810969e+02
5.283441017452086719e+00
3.489013468228451842e+01
3.540382526720440524e+02
4.691331734377834906e+00
5.649576251699887308e+00
2.361662469292909918e+02
