5.529504455488927217e-01
2.973103183444878894e+01
6.197275029075570529e+01
6.568230934201806370e-01
2.917399942886241959e+01
8.051432406312764556e+01
8.866956027878160340e-03
9.382573873943608200e-01
3.087392113907102331e+00
1.086420965223710254e-02
2.009282891774065050e+00
5.317176600709685452e+00
3.949646039634947814e-02
9.773514980139732522e-01
3.803012641803076299e+00
1.597677794805844875e-01
1.871390940941601411e+00
5.705739008587304539e+00
8.866956027878160340e-03
9.968984477007513112e-01
4.477741057005054870e+00
1.597677794805844875e-01
2.186572542844374745e+00
6.094302396505097974e+00
1.974823019817473907e-02
1.602856493358899348e+00
5.193361584901029282e+00
1.952717304762699446e-01
2.541151844984995023e+00
6.748724222442306520e+00
7.899292079269895628e-02
1.720138613971680330e+00
5.684072508415707325e+00
1.952717304762699446e-01
3.073020977839809653e+00
7.259991090198217201e+00
9.874115099087370229e-02
1.993797177062911263e+00
7.115314360091474555e+00
3.905434609525398892e-01
3.624588781169662877e+00
9.325509549544953813e+00
5.924469059452422415e-02
2.130626317777822187e+00
9.037267135281920716e+00
5.148072894374389197e-01
5.042906349019911971e+00
1.245446421106978541e+01
2.369787623780968966e-01
3.283901067126319351e+00
1.261537057064560940e+01
6.923270444158661219e-01
6.776404440909629123e+00
1.791479331986033330e+01
1.263886864811124555e+00
4.339440715964165030e+00
2.122326395659906950e+01
1.171630382857619557e+00
9.711533288273091813e+00
2.771067119065562068e+01
6.516916312233509423e+00
2.789360979718031430e+01
7.943389133059423557e+01
6.727999199350408688e+00
3.043472361338044507e+01
8.403183549729909885e+01
