5.356782496569906016e+02
3.032280547398208000e+03
4.147352448639587237e+03
3.417385675642167371e+03
2.171678389578693168e+04
2.799696742891561007e+04
1.352699002762240639e+02
7.325644725435425926e+02
1.030423998260595681e+03
8.348120509854322790e+02
5.366290330216163056e+03
6.885535738057103117e+03
2.556085443870375826e-03
4.587260722842237293e+00
1.775366689197710804e-02
6.684580042285025669e+00
7.269946897909966310e+01
6.640410613906887249e+01
5.515473410514163399e-01
1.720303837423547755e+00
1.162813136940715975e+00
4.521931570587894633e+00
4.115805864493897559e+01
3.395709000735930516e+01
2.215817408007188849e+00
2.253114223331158072e+00
4.715772703511572850e+00
1.121600737959004412e+01
9.205313986113638691e+01
6.616609416616356043e+01
1.108814357224457536e+00
1.142336781730243001e+00
2.385171959874186953e+00
6.740839166740535404e+00
3.468608469000128736e+01
3.408650836385714911e+01
2.194106818802601389e+00
2.261326174233951658e+00
4.619264210848131214e+00
1.575249270813026037e+01
5.271124607062213130e+01
6.968537390465257886e+01
1.140601446776605910e+00
5.759502273969707709e-01
1.706509617742376195e+00
6.760701941319074315e+00
2.340078097896799036e+01
3.404599225895729830e+01
2.197883670062103612e+00
1.251924012028548909e-02
2.349163106561023895e+00
1.107214280144306251e+01
4.293630358961510041e+01
7.032387498085797972e+01
5.552645459750575885e-01
5.549915330221664167e-01
5.956990153230775631e-01
5.675212993914048099e+00
2.191606445785236090e+01
3.268711165936915819e+01
2.465202431749178615e-03
2.310468298720227409e+00
1.725404370347564942e-02
1.137511882008871567e+01
4.264968986498792702e+01
6.254953820860448843e+01
5.518820560296100464e-01
5.768460228907290599e-01
1.181853586098086994e+00
6.190945792134274761e+00
2.151190674391359536e+01
2.858902040058093519e+01
2.228666659214638468e+00
1.159445976956452982e-02
4.730228636682045185e+00
1.365386102193689766e+01
4.434654569417903502e+01
5.360713881532674918e+01
5.594701269782164088e-01
1.137053811417936267e+00
1.174022755151485908e+00
6.135783615845696204e+00
2.337860124043145760e+01
2.929863392402923594e+01
2.459742323518924328e-03
4.622007460033901616e+00
1.723044042491205310e-02
1.140812805243075978e+01
4.884175367902049913e+01
6.724220157096522144e+01
2.534734116511769275e-03
2.231726859385628092e+00
1.653149158136099986e-02
5.530190776281944665e+00
2.621534358046270441e+01
2.802593808927704799e+01
2.624842868182644760e-03
4.605947114527705999e+00
1.728451805975534522e-02
1.118644920996434955e+01
5.362844569630205882e+01
4.671058758584010917e+01
1.099636999585961838e+00
1.107003484268589633e+00
1.742606017678426100e-02
5.078211515913821472e+00
2.774945956507587042e+01
2.253491918723278431e+01
4.394856000098292803e+00
1.178345332306294894e-02
1.732129701144878228e-02
8.990026382829807261e+00
5.418199269474017399e+01
4.323607951523518977e+01
1.696795985838792875e+00
1.193068932802947638e-02
1.763222819589262746e+00
6.035272653701122536e+00
2.775932933013045201e+01
2.692010130095621889e+01
2.193279743871465737e+00
1.207331487574005852e-02
7.109228053141632309e+00
1.560876120564644332e+01
5.500513390284344695e+01
6.634098661381213446e+01
1.136745812321749760e+00
5.802266598252682206e-01
2.281775852351062284e+00
7.139016565697231975e+00
2.545747778704117437e+01
2.923421263177008811e+01
2.224101587316719364e+00
2.311961804383793062e+00
2.347744515097077489e+00
1.341527598648294095e+01
4.856093262871224425e+01
4.752619210931229077e+01
1.137277889588541591e+00
1.127423543949524154e+00
1.144995717293462389e+00
5.994345251425230892e+00
2.010844938592774866e+01
1.749202000679194313e+01
2.270498570504587477e+00
2.285638978251057551e+00
2.300464434783293211e+00
1.141886007316840335e+01
2.988912108436352710e+01
2.339668904913826708e+01
1.711531585108828413e+00
5.669769966376656534e-01
1.760748198266274933e+00
4.434242700678499460e+00
1.521049354205206505e+01
1.576365765103294692e+01
4.485676205056200239e+00
1.216583082849505976e-02
4.605516492935324280e+00
6.839460451911520522e+00
3.166089480602317252e+01
3.924245042522323246e+01
1.110731567752328397e+00
5.578011810704240903e-01
1.153084306762106381e+00
6.203377790305442119e+00
1.705159234645965327e+01
2.019657646517585547e+01
2.677378662881554558e-03
2.290881777961025545e+00
1.717764767583734517e-02
1.792034658639726885e+01
3.579795231407666023e+01
4.276720471839865922e+01
1.703114837719425401e+00
5.566602374146450982e-01
1.177436615687458055e+00
6.823568918175306308e+00
1.745596410564990464e+01
2.085046896832269780e+01
6.799415763428656057e+00
1.175577070396378009e-02
4.601900862053823538e+00
9.009250566227713364e+00
3.374921492799516898e+01
4.180553878034930193e+01
2.773226426481369078e+00
1.130203725475114274e+00
2.851207010938909381e+00
5.684942165294797789e+00
1.962446265413145596e+01
2.066659800542599967e+01
4.563956669506193720e+00
4.635827994165078181e+00
6.895306002001167833e+00
1.315172821216996013e+01
4.252001809179897407e+01
4.048374024156554896e+01
2.240856781163939271e+00
1.682960226787619140e+00
1.710316102090887247e+00
7.910712768636933845e+00
1.770617086364969239e+01
1.798814756676474857e+01
4.462101006358623501e+00
2.221749183170556030e+00
1.695049596435137251e-02
1.782074066978293914e+01
2.892805968200367417e+01
3.262029740311898252e+01
1.699850095994798194e+00
1.118085662091018229e+00
5.738263406479424678e-01
7.698607379382514715e+00
1.539204040699170228e+01
1.736298068637079695e+01
2.281518319328359024e+00
2.308079897088593402e+00
2.337310318225359396e+00
1.354011173464748197e+01
3.222274819342010233e+01
3.603935475279190825e+01
5.741514789724536660e-01
1.138283591811354967e+00
1.172072398896850665e+00
8.936297502317655628e+00
1.212329883245280371e+01
2.230443152431106313e+01
2.690974326035291270e-03
2.227916605624555402e+00
2.365864265279865375e+00
2.213850956965165295e+01
1.819608608212865519e+01
5.087553567802102350e+01
1.107825314293735763e+00
2.312071448732488044e+00
1.137737616488009307e+00
7.967826738068519710e+00
6.268778041241155563e+00
1.990995397201135475e+01
4.436517676725086901e+00
6.926832367870088270e+00
2.364707366449851023e+00
8.752489487088144671e+00
6.794720551453132806e+00
2.962585756104096646e+01
2.222278483081637113e+00
1.738631172084719179e+00
1.178840123603756451e+00
8.545898665779073866e+00
3.402186444355461248e+00
1.926573568603250664e+01
4.487050536603539364e+00
1.211989284900256113e-02
2.344344931465562443e+00
2.460724849491487376e+01
6.668039960662466292e+00
4.543800766694516113e+01
3.908654478056416970e+00
5.554292211984915850e-01
1.737132821905507107e+00
1.332841383085969689e+01
5.706429574200509336e+00
2.213663949958872834e+01
1.129404156197726117e+01
2.297895817342969771e+00
4.717601550198788907e+00
2.887669265973583776e+01
1.574820931684894276e+01
4.229474712716117324e+01
6.616677096533689628e+00
5.569463731006656371e-01
4.622699102674284077e+00
1.642754100300083309e+01
5.027313572621624260e+00
2.320536541445065737e+01
1.598866002481480564e+01
1.225173565128254496e-02
1.421018771862325991e+01
3.859942335581081352e+01
4.418722000355752577e+00
5.088092309913345446e+01
1.100828834003733725e+01
2.234310560686430858e+00
6.883773761984170569e+00
3.726953312510071470e+01
6.901316737534494372e+00
2.559666854691593940e+01
2.867118549054422161e+01
9.036637571113026013e+00
1.378389158407285819e+01
1.149324856428169852e+02
2.226661166799050307e+01
5.174141066318630777e+01
