1.735274990358183913e+03
4.429147539666299735e+02
6.584253375829316468e-01
3.310437110518966719e-01
6.457856965277846140e-01
4.094281934933906020e-01
9.677726810757201203e-01
7.345455177709750982e-01
1.933132844849653642e+00
9.641993025669109985e-01
1.946654138677523349e+00
7.166438088696663877e-01
9.968984877858441118e-01
4.983191294418678474e-01
9.972592644433720954e-01
5.583615037711651130e-01
1.278771883359149264e+00
5.638161801444974142e-01
9.622238095430776239e-01
7.457708443294494005e-01
1.966353863350380982e+00
6.575828270283603505e-01
6.460251673388350824e-01
7.267628192911587126e-01
2.296475201590073123e+00
8.242820294412782633e-01
9.735263165839234123e-01
9.039840989604740473e-01
2.585388470618305234e+00
1.080852741535842210e+00
1.605621792779573509e+00
8.137576509654422807e-01
1.614595712044757381e+00
5.602598864559069636e-01
6.607013984837698528e-01
4.885591608147811238e-01
1.322624420998665729e+00
4.781177164293985982e-01
6.578286826515867824e-01
1.607665015928187169e-01
7.009166045889205464e-03
5.717074394693658634e-01
2.299262036423586508e+00
1.121324611886447276e+00
2.332328690129103155e+00
1.215659100481833788e+00
2.576896335942794547e+00
2.065821921145052364e+00
5.563464669193316503e+00
