8.059723174030470835e-06
1.963347701738833845e-06
1.588176812514949022e-07
6.645483123042542044e-07
2.628241508788894193e-06
6.601724885605612036e-07
1.605725072554136032e-07
1.541485403065272592e-07
1.658911855154638810e-07
1.592503929750193534e-07
1.649845505885595730e-07
1.607482396473752358e-07
1.584278754718183859e-07
1.536538362893092065e-07
1.592025960303673387e-07
1.540007975423518959e-07
1.618199655896349155e-07
1.609924366701784334e-07
1.653608610292122005e-07
1.505959672774211508e-07
1.654582638525152881e-07
1.619436576603029829e-07
1.584382661811632391e-07
1.537123677851840852e-07
1.582361017669416781e-07
6.839693111284204567e-07
2.697392450666724761e-06
6.554120697127314844e-07
1.530457062779786622e-07
1.364162210874456834e-06
5.358087421022624673e-06
2.027917951421812345e-06
2.676978045361990788e-06
1.338540567240732758e-06
2.628004464498656099e-06
6.532724872367297156e-07
1.659925763472326533e-07
1.559170593951449278e-07
1.582187063141193241e-07
2.041595666084770441e-06
7.977043768418294069e-06
4.079124340787031920e-06
7.999734434576374591e-06
3.934387268616481541e-06
8.154635100701050719e-06
6.734722635865955796e-06
1.889496419261140877e-05
9.840634436004167679e-03
4.035093817407946204e-02
