2.094738851321991877e-02
5.179627660587762458e-03
2.175556185812008729e-06
2.258497756526220456e-06
2.284024461593490333e-06
2.148746046326669080e-06
2.234178045817988202e-06
2.873138198919222906e-04
1.158605623296216991e-03
2.824395265288896046e-04
2.286282361997205851e-06
5.698234519391153722e-04
2.362230588640015522e-03
5.863969112735314482e-04
2.124836677099158683e-06
2.163934723636856976e-06
2.214358736106777984e-06
2.215824977312543617e-06
2.248050799962409479e-06
2.274736992126101123e-06
2.295089915585607877e-06
2.859215537712382995e-04
1.180620674669705149e-03
2.941540078011189389e-04
2.118895873496460740e-06
2.829129729025926538e-04
1.169241034737406428e-03
2.865603394197595993e-04
2.286316781848944936e-06
2.296811771841042098e-06
2.132393320198326013e-06
2.118945826917971697e-06
2.320707718870579947e-06
2.829530582101228786e-04
1.141098146366684293e-03
2.842535025895150808e-04
2.301935935037223236e-06
5.780949798176191010e-04
2.348233427481677144e-03
1.733156582424335776e-03
4.695574318266603278e-03
2.575493313925690444e-03
5.735097597538063065e-03
4.402522376430767492e-03
1.175430365503877563e-02
1.726889567349773613e-02
5.842810293892407997e-02
1.242336181061924477e-01
4.348493721863750938e-01
