5.193400257345151658e+02
1.324375851994462607e+02
2.268465973804060898e+00
1.093716406793586060e+00
2.239297268660258577e+00
1.113914214566696259e+00
2.190004716517796268e+00
1.095835772176426026e+00
2.182280563995739442e+00
1.089914026058350194e+00
2.246878239980276248e+00
1.130716946473196982e+00
2.184225029602246515e+00
1.091174243818364920e+00
2.220947417348572817e+00
1.124801413984377163e+00
2.264450564462871629e+00
2.195315281340029401e+00
6.597969584103199558e+00
1.704769209507603245e+00
2.581626493007387578e-03
1.123909206540360639e+00
4.356332258795169388e+00
2.265113475343807803e+00
4.478789654914711704e+00
1.635428508300276862e+00
2.245471527534032674e+00
1.083609152045252877e+00
2.212085139012301305e+00
1.120827448125862436e+00
2.212647141000946505e+00
1.688099348528716792e+00
4.441874428687548004e+00
1.679551709883894572e+00
2.242429628056691548e+00
1.137329555557238470e+00
2.253377157490351834e+00
2.229387385849421754e+00
6.725386866484362791e+00
1.660648579926357060e+00
2.536025359685255883e-03
1.092677345113225007e+00
4.462478742623816608e+00
3.294754850295345427e+00
9.012837372677871883e+00
4.442713444556051883e+00
8.970683571703919057e+00
1.363102642431296552e+01
4.505384026980552648e+01
