2.533416419899682296e+04
6.272324051467118807e+03
2.833692785711581763e+01
1.737396938703862759e+01
4.309470157692637571e+01
1.945279156805400689e+01
3.603400017807040001e+01
1.772880474595663358e+01
3.579495086877339105e+01
1.767109926353680649e+01
3.421866760214456349e+01
1.630828733366536909e+01
3.007431978115392468e+01
1.879403313738169246e+01
4.308636925521141592e+01
1.675708499714804489e+01
2.254647161647732645e+01
1.300714635209199344e+01
2.867075430144302928e+01
1.365828925437863361e+01
2.592488011104563839e+01
1.313367945506257861e+01
2.631848292084303509e+01
1.430039274274357908e+01
3.132565706489560498e+01
1.501117282376958784e+01
3.089360928156726871e+01
1.414952226026906246e+01
2.613947861603159595e+01
1.616308473230683873e+01
3.826257875150663068e+01
1.530339404061336595e+01
2.419761376185800472e+01
1.230577441935808558e+01
2.540756503778727904e+01
1.111017967752932556e+01
1.960190030141009743e+01
1.315415838460487485e+01
3.314419840937955541e+01
1.548312691397940988e+01
2.944726285661146292e+01
1.556277295343392808e+01
3.385741348071275780e+01
1.896033550872496320e+01
4.243771564259814966e+01
2.856061154211560194e+01
7.507796733278459556e+01
4.518265651461460664e+01
1.105535043718376897e+02
