1.200061989948153496e-03
4.258284170646220446e-04
4.258284170646220446e-04
3.871167427860200405e-04
5.419634399004280567e-04
2.709817199502140284e-04
1.161350228358060122e-04
2.322700456716120243e-04
7.742334855720400810e-05
1.161350228358060122e-04
3.871167427860200405e-05
1.161350228358060122e-04
3.871167427860200405e-05
1.161350228358060122e-04
0.000000000000000000e+00
1.161350228358060122e-04
7.742334855720400810e-05
3.871167427860200405e-05
7.742334855720400810e-05
1.548466971144080162e-04
1.935583713930100203e-04
3.871167427860200405e-05
3.871167427860200405e-05
7.742334855720400810e-05
7.742334855720400810e-05
2.322700456716120243e-04
7.742334855720400810e-05
1.935583713930100203e-04
0.000000000000000000e+00
1.548466971144080162e-04
1.935583713930100203e-04
0.000000000000000000e+00
7.742334855720400810e-05
3.871167427860200405e-05
1.548466971144080162e-04
7.742334855720400810e-05
1.161350228358060122e-04
7.742334855720400810e-05
7.742334855720400810e-05
7.742334855720400810e-05
1.161350228358060122e-04
1.548466971144080162e-04
2.709817199502140284e-04
1.935583713930100203e-04
7.742334855720400810e-05
2.322700456716120243e-04
1.161350228358060122e-04
1.161350228358060122e-04
3.871167427860200405e-05
3.871167427860200405e-05
2.709817199502140284e-04
3.871167427860200405e-05
1.161350228358060122e-04
2.322700456716120243e-04
1.161350228358060122e-04
1.161350228358060122e-04
1.161350228358060122e-04
7.742334855720400810e-05
3.871167427860200405e-05
7.742334855720400810e-05
1.161350228358060122e-04
7.742334855720400810e-05
2.322700456716120243e-04
1.935583713930100203e-04
1.161350228358060122e-04
3.096933942288160324e-04
7.742334855720400810e-05
2.322700456716120243e-04
2.322700456716120243e-04
3.871167427860200405e-05
1.935583713930100203e-04
2.709817199502140284e-04
1.548466971144080162e-04
1.548466971144080162e-04
1.935583713930100203e-04
3.096933942288160324e-04
2.322700456716120243e-04
1.161350228358060122e-04
2.322700456716120243e-04
2.322700456716120243e-04
2.709817199502140284e-04
4.645400913432240486e-04
4.645400913432240486e-04
2.709817199502140284e-04
6.580984918400645256e-04
3.484050685074180365e-04
3.871167427860200405e-04
5.032517947256565094e-04
8.903685375116765499e-04
5.419634399004280567e-04
8.516568341292440891e-04
1.083926879800856113e-03
9.290801826864480972e-04
1.122638583183288574e-03
1.587178674526512623e-03
2.051718765869736671e-03
3.406627336516976357e-03
5.342211108654737473e-03
1.176834944635629654e-02
