3.196459263563156128e-03
1.475288881920278072e-03
1.557249459438025951e-03
1.229407382197678089e-03
1.065486459992825985e-03
7.376444409601390362e-04
1.147446921095252037e-03
8.196049602702260017e-04
4.098024801351130009e-04
5.737234605476260185e-04
3.278419899288564920e-04
5.737234605476260185e-04
4.917629412375390530e-04
4.098024801351130009e-04
5.737234605476260185e-04
9.015654213726520538e-04
4.098024801351130009e-04
5.737234605476260185e-04
5.737234605476260185e-04
3.278419899288564920e-04
9.015654213726520538e-04
4.098024801351130009e-04
2.458814706187695265e-04
6.556839798577129841e-04
4.098024801351130009e-04
4.917629412375390530e-04
5.737234605476260185e-04
4.098024801351130009e-04
7.376444409601390362e-04
4.098024801351130009e-04
3.278419899288564920e-04
4.098024801351130009e-04
4.098024801351130009e-04
4.098024801351130009e-04
4.917629412375390530e-04
4.098024801351130009e-04
5.737234605476260185e-04
8.196049748221412301e-05
3.278419899288564920e-04
3.278419899288564920e-04
5.737234605476260185e-04
5.737234605476260185e-04
5.737234605476260185e-04
1.639209949644282460e-04
2.458814706187695265e-04
5.737234605476260185e-04
4.098024801351130009e-04
1.639209949644282460e-04
3.278419899288564920e-04
4.098024801351130009e-04
2.458814706187695265e-04
6.556839798577129841e-04
5.737234605476260185e-04
3.278419899288564920e-04
2.458814706187695265e-04
4.917629412375390530e-04
4.917629412375390530e-04
4.917629412375390530e-04
8.196049748221412301e-05
9.015654213726520538e-04
1.639209949644282460e-04
4.098024801351130009e-04
7.376444409601390362e-04
8.196049602702260017e-04
4.917629412375390530e-04
4.917629412375390530e-04
5.737234605476260185e-04
7.376444409601390362e-04
3.278419899288564920e-04
3.278419899288564920e-04
5.737234605476260185e-04
8.196049602702260017e-04
1.229407382197678089e-03
6.556839798577129841e-04
9.015654213726520538e-04
1.229407382197678089e-03
6.556839798577129841e-04
1.147446921095252037e-03
1.229407382197678089e-03
1.311367959715425968e-03
9.835258824750781059e-04
1.065486459992825985e-03
2.130972919985651970e-03
1.557249459438025951e-03
1.229407382197678089e-03
1.475288881920278072e-03
1.885091420263051987e-03
1.803130842745304108e-03
1.721170381642878056e-03
2.458814764395356178e-03
3.606261685490608215e-03
4.098024684935808182e-03
4.753708839416503906e-03
4.589787684381008148e-03
5.655274260789155960e-03
5.983116105198860168e-03
1.090074609965085983e-02
1.704778335988521576e-02
3.647242113947868347e-02
