1.636097440496087074e-03
5.597175331786274910e-04
6.458279676735401154e-04
3.874967806041240692e-04
4.305519687477499247e-04
2.583311870694160461e-04
1.722207816783338785e-04
3.444415633566677570e-04
4.305519541958346963e-05
3.874967806041240692e-04
3.013863752130419016e-04
2.152759843738749623e-04
2.152759843738749623e-04
1.722207816783338785e-04
2.583311870694160461e-04
4.736071568913757801e-04
4.305519541958346963e-05
0.000000000000000000e+00
2.583311870694160461e-04
2.152759843738749623e-04
1.291655935347080231e-04
1.722207816783338785e-04
1.291655935347080231e-04
1.722207816783338785e-04
2.152759843738749623e-04
8.611039083916693926e-05
1.722207816783338785e-04
3.013863752130419016e-04
2.152759843738749623e-04
8.611039083916693926e-05
4.305519541958346963e-05
8.611039083916693926e-05
4.305519541958346963e-05
1.722207816783338785e-04
2.583311870694160461e-04
1.722207816783338785e-04
1.291655935347080231e-04
1.722207816783338785e-04
8.611039083916693926e-05
0.000000000000000000e+00
2.152759843738749623e-04
2.583311870694160461e-04
2.152759843738749623e-04
1.291655935347080231e-04
1.291655935347080231e-04
1.291655935347080231e-04
1.722207816783338785e-04
8.611039083916693926e-05
8.611039083916693926e-05
1.722207816783338785e-04
3.013863752130419016e-04
2.152759843738749623e-04
1.291655935347080231e-04
0.000000000000000000e+00
2.583311870694160461e-04
1.722207816783338785e-04
0.000000000000000000e+00
1.722207816783338785e-04
3.013863752130419016e-04
2.152759843738749623e-04
2.152759843738749623e-04
2.583311870694160461e-04
1.722207816783338785e-04
1.722207816783338785e-04
2.152759843738749623e-04
8.611039083916693926e-05
2.152759843738749623e-04
1.722207816783338785e-04
1.722207816783338785e-04
1.291655935347080231e-04
1.291655935347080231e-04
3.444415633566677570e-04
2.583311870694160461e-04
2.583311870694160461e-04
1.291655935347080231e-04
3.874967806041240692e-04
5.597175331786274910e-04
3.013863752130419016e-04
3.874967806041240692e-04
4.736071568913757801e-04
2.583311870694160461e-04
1.722207816783338785e-04
6.027727504260838032e-04
2.583311870694160461e-04
6.888831267133355141e-04
5.166623741388320923e-04
3.444415633566677570e-04
5.597175331786274910e-04
7.749935612082481384e-04
6.458279676735401154e-04
6.458279676735401154e-04
1.162490341812372208e-03
1.248600659891963005e-03
1.506931846961379051e-03
2.970808651298284531e-03
2.884698100388050079e-03
3.702746937051415443e-03
5.855506751686334610e-03
1.455265656113624573e-02
