5.400472283363342285e-01
7.615906745195388794e-02
4.208987578749656677e-02
2.859712950885295868e-02
2.263783290982246399e-02
1.694089360535144806e-02
1.540422067046165466e-02
1.251827180385589600e-02
1.098159700632095337e-02
9.182563982903957367e-03
7.833289913833141327e-03
7.196132093667984009e-03
6.858813576400279999e-03
6.821333430707454681e-03
5.247179418802261353e-03
5.172220058739185333e-03
4.872381221503019333e-03
4.272703547030687332e-03
3.897904884070158005e-03
4.047824069857597351e-03
3.598066046833992004e-03
3.598066046833992004e-03
3.747985465452075005e-03
3.747985465452075005e-03
3.523106221109628677e-03
3.073347965255379677e-03
2.586110029369592667e-03
2.923428546637296677e-03
3.073347965255379677e-03
2.923428546637296677e-03
2.436190610751509666e-03
1.873992732726037502e-03
2.960908459499478340e-03
1.911472529172897339e-03
2.023912034928798676e-03
1.836512819863855839e-03
2.698549535125494003e-03
2.323750872164964676e-03
1.724073314107954502e-03
1.536673982627689838e-03
2.361230785027146339e-03
1.536673982627689838e-03
1.611633691936731339e-03
1.911472529172897339e-03
1.761553110554814339e-03
2.061391947790980339e-03
1.536673982627689838e-03
2.211311366409063339e-03
1.799033023416996002e-03
1.873992732726037502e-03
1.948952442035079002e-03
1.724073314107954502e-03
1.424234476871788502e-03
1.349274767562747002e-03
1.386754564009606838e-03
1.536673982627689838e-03
1.761553110554814339e-03
1.349274767562747002e-03
1.574153895489871502e-03
1.724073314107954502e-03
1.236835145391523838e-03
1.536673982627689838e-03
1.724073314107954502e-03
1.574153895489871502e-03
1.536673982627689838e-03
1.274315058253705502e-03
1.274315058253705502e-03
1.349274767562747002e-03
1.686593401245772839e-03
1.424234476871788502e-03
1.536673982627689838e-03
1.724073314107954502e-03
1.311794854700565338e-03
1.649113604798913002e-03
1.574153895489871502e-03
1.836512819863855839e-03
1.836512819863855839e-03
1.424234476871788502e-03
2.136351773515343666e-03
1.649113604798913002e-03
1.386754564009606838e-03
1.836512819863855839e-03
1.199355348944664001e-03
1.274315058253705502e-03
1.574153895489871502e-03
1.311794854700565338e-03
1.761553110554814339e-03
1.986432354897260666e-03
2.023912034928798676e-03
2.248791279271245003e-03
2.248791279271245003e-03
2.173831453546881676e-03
2.698549535125494003e-03
2.473670290783047676e-03
2.323750872164964676e-03
2.323750872164964676e-03
2.923428546637296677e-03
3.185787703841924667e-03
4.085304215550422668e-03
