1.897321455180644989e-02
1.171875000000000000e-02
7.254464086145162582e-03
6.696428637951612473e-03
7.812500000000000000e-03
5.022321362048387527e-03
2.232142956927418709e-03
4.464285913854837418e-03
1.116071478463709354e-03
5.580357275903224945e-03
3.906250000000000000e-03
3.348214318975806236e-03
3.906250000000000000e-03
2.790178637951612473e-03
5.580357275903224945e-03
1.116071478463709354e-03
2.790178637951612473e-03
2.790178637951612473e-03
3.906250000000000000e-03
3.348214318975806236e-03
5.022321362048387527e-03
3.906250000000000000e-03
3.348214318975806236e-03
5.580357392318546772e-04
1.674107159487903118e-03
1.674107159487903118e-03
1.674107159487903118e-03
5.580357392318546772e-04
1.116071478463709354e-03
3.348214318975806236e-03
2.790178637951612473e-03
1.674107159487903118e-03
5.580357392318546772e-04
1.116071478463709354e-03
5.580357392318546772e-04
1.674107159487903118e-03
2.232142956927418709e-03
1.674107159487903118e-03
3.348214318975806236e-03
3.906250000000000000e-03
1.674107159487903118e-03
2.232142956927418709e-03
1.116071478463709354e-03
5.580357392318546772e-04
3.348214318975806236e-03
1.674107159487903118e-03
2.790178637951612473e-03
3.906250000000000000e-03
2.790178637951612473e-03
2.232142956927418709e-03
1.674107159487903118e-03
1.674107159487903118e-03
3.906250000000000000e-03
2.232142956927418709e-03
2.232142956927418709e-03
3.348214318975806236e-03
5.022321362048387527e-03
2.790178637951612473e-03
2.232142956927418709e-03
2.790178637951612473e-03
2.790178637951612473e-03
2.790178637951612473e-03
2.790178637951612473e-03
2.232142956927418709e-03
1.674107159487903118e-03
2.232142956927418709e-03
1.674107159487903118e-03
2.790178637951612473e-03
1.116071478463709354e-03
4.464285913854837418e-03
4.464285913854837418e-03
2.790178637951612473e-03
3.348214318975806236e-03
3.906250000000000000e-03
6.138392724096775055e-03
7.254464086145162582e-03
5.022321362048387527e-03
5.022321362048387527e-03
3.906250000000000000e-03
2.232142956927418709e-03
2.790178637951612473e-03
6.138392724096775055e-03
5.580357275903224945e-03
6.696428637951612473e-03
7.254464086145162582e-03
7.812500000000000000e-03
1.060267817229032516e-02
5.022321362048387527e-03
1.116071455180644989e-02
1.450892817229032516e-02
1.283482182770967484e-02
1.674107089638710022e-02
1.506696455180644989e-02
1.227678544819355011e-02
2.343750000000000000e-02
3.571428731083869934e-02
3.571428731083869934e-02
5.803571268916130066e-02
7.756696641445159912e-02
