4.882903993129730225e-01
7.435597479343414307e-02
2.868852391839027405e-02
3.044496476650238037e-02
1.580796204507350922e-02
1.346604246646165848e-02
1.288056187331676483e-02
1.112412195652723312e-02
1.053864136338233948e-02
7.611241191625595093e-03
8.196720853447914124e-03
9.953161701560020447e-03
9.953161701560020447e-03
6.440280936658382416e-03
4.098360426723957062e-03
2.341920277103781700e-03
5.854800809174776077e-03
4.683840554207563400e-03
2.927400404587388039e-03
2.927400404587388039e-03
3.512880532070994377e-03
5.854800809174776077e-03
3.512880532070994377e-03
4.098360426723957062e-03
4.683840554207563400e-03
2.341920277103781700e-03
3.512880532070994377e-03
6.440280936658382416e-03
3.512880532070994377e-03
4.098360426723957062e-03
2.341920277103781700e-03
1.170960138551890850e-03
5.854800692759454250e-04
1.170960138551890850e-03
2.927400404587388039e-03
2.341920277103781700e-03
2.927400404587388039e-03
1.170960138551890850e-03
1.170960138551890850e-03
3.512880532070994377e-03
4.683840554207563400e-03
3.512880532070994377e-03
2.341920277103781700e-03
4.683840554207563400e-03
5.854800692759454250e-04
1.756440266035497189e-03
5.854800692759454250e-04
1.756440266035497189e-03
2.341920277103781700e-03
2.341920277103781700e-03
1.170960138551890850e-03
1.756440266035497189e-03
3.512880532070994377e-03
2.927400404587388039e-03
2.341920277103781700e-03
3.512880532070994377e-03
1.170960138551890850e-03
1.170960138551890850e-03
1.756440266035497189e-03
2.927400404587388039e-03
1.170960138551890850e-03
1.756440266035497189e-03
1.756440266035497189e-03
1.170960138551890850e-03
3.512880532070994377e-03
0.000000000000000000e+00
4.098360426723957062e-03
2.341920277103781700e-03
3.512880532070994377e-03
2.341920277103781700e-03
3.512880532070994377e-03
1.756440266035497189e-03
2.341920277103781700e-03
2.927400404587388039e-03
1.170960138551890850e-03
2.341920277103781700e-03
1.170960138551890850e-03
1.170960138551890850e-03
1.170960138551890850e-03
1.170960138551890850e-03
1.170960138551890850e-03
1.170960138551890850e-03
2.341920277103781700e-03
1.170960138551890850e-03
2.341920277103781700e-03
2.927400404587388039e-03
2.927400404587388039e-03
2.341920277103781700e-03
4.098360426723957062e-03
1.756440266035497189e-03
2.927400404587388039e-03
2.927400404587388039e-03
2.927400404587388039e-03
3.512880532070994377e-03
5.854800809174776077e-03
3.512880532070994377e-03
4.683840554207563400e-03
7.025761064141988754e-03
1.229508221149444580e-02
