6.228867452591657639e-03
6.047145463526248932e-03
6.791733205318450928e-03
6.882033310830593109e-03
6.414688192307949066e-03
5.298784933984279633e-03
6.044535897672176361e-03
6.231192499399185181e-03
4.463754594326019287e-03
4.560763947665691376e-03
5.580494180321693420e-03
5.578167736530303955e-03
5.299110896885395050e-03
4.742017481476068497e-03
4.743137396872043610e-03
6.693603470921516418e-03
6.230824626982212067e-03
6.694908253848552704e-03
6.601203233003616333e-03
6.048265844583511353e-03
7.063471246510744095e-03
6.043699104338884354e-03
6.230030208826065063e-03
7.623869925737380981e-03
6.790102459490299225e-03
8.737162686884403229e-03
9.110109880566596985e-03
8.554235100746154785e-03
1.134010031819343567e-02
9.576618671417236328e-03
1.069364324212074280e-02
1.106412149965763092e-02
1.422666199505329132e-02
1.348062790930271149e-02
1.283543184399604797e-02
1.654942147433757782e-02
1.719997823238372803e-02
1.739064976572990417e-02
2.064479701220989227e-02
2.334068715572357178e-02
2.427823096513748169e-02
2.632239833474159241e-02
2.520906552672386169e-02
2.791437134146690369e-02
2.959624677896499634e-02
3.665801882743835449e-02
4.616374149918556213e-02
6.091569364070892334e-02
1.017212048172950745e-01
2.655503749847412109e-01
