4.059264902025461197e-04
2.029632451012730598e-04
2.029632451012730598e-04
2.029632451012730598e-04
4.059264902025461197e-04
4.059264902025461197e-04
2.029632451012730598e-04
0.000000000000000000e+00
2.029632451012730598e-04
0.000000000000000000e+00
0.000000000000000000e+00
4.059264902025461197e-04
4.059264902025461197e-04
0.000000000000000000e+00
2.029632451012730598e-04
2.029632451012730598e-04
4.059264902025461197e-04
2.029632451012730598e-04
0.000000000000000000e+00
4.059264902025461197e-04
0.000000000000000000e+00
4.059264902025461197e-04
2.029632451012730598e-04
0.000000000000000000e+00
2.029632451012730598e-04
0.000000000000000000e+00
0.000000000000000000e+00
4.059264902025461197e-04
2.029632451012730598e-04
0.000000000000000000e+00
2.029632451012730598e-04
4.059264902025461197e-04
4.059264902025461197e-04
2.029632451012730598e-04
6.088897353038191795e-04
4.059264902025461197e-04
2.029632451012730598e-04
6.088897353038191795e-04
6.088897935114800930e-04
4.059264902025461197e-04
8.118529804050922394e-04
1.014816341921687126e-03
1.420742832124233246e-03
1.623705960810184479e-03
4.465191625058650970e-03
2.029632683843374252e-03
3.653338644653558731e-03
9.742235764861106873e-03
2.110817842185497284e-02
9.441850781440734863e-01
