6.380510167218744755e-04
1.392111182212829590e-03
1.624129828996956348e-03
1.160092768259346485e-03
6.380510167218744755e-04
4.640370898414403200e-04
9.280742378905415535e-04
1.102088135667145252e-03
6.960556493140757084e-04
1.450116047635674477e-03
1.044083619490265846e-03
5.800463841296732426e-04
5.220417515374720097e-04
6.380510167218744755e-04
8.120648562908172607e-04
6.960555911064147949e-04
9.860788704827427864e-04
9.280741214752197266e-04
8.120649144984781742e-04
1.566125079989433289e-03
4.060324572492390871e-04
7.540602819062769413e-04
8.700696052983403206e-04
9.280742378905415535e-04
1.334106666035950184e-03
6.380510749295353889e-04
8.700696052983403206e-04
1.102088135667145252e-03
8.700696052983403206e-04
1.218097284436225891e-03
1.566125312820076942e-03
1.334106549620628357e-03
1.972157508134841919e-03
1.508120680227875710e-03
2.378190169110894203e-03
1.972157508134841919e-03
2.030162373557686806e-03
2.842227229848504066e-03
3.248259657993912697e-03
3.538283053785562515e-03
4.988399334251880646e-03
4.988399334251880646e-03
5.220416933298110962e-03
7.134570740163326263e-03
8.468676358461380005e-03
8.874708786606788635e-03
1.380510441958904266e-02
2.587006986141204834e-02
6.067285314202308655e-02
8.099188208580017090e-01
