3.291122019290924072e-01
2.331550270318984985e-01
1.239926889538764954e-01
6.683821976184844971e-02
3.927676752209663391e-02
2.268571779131889343e-02
1.862260513007640839e-02
1.516895741224288940e-02
1.198618579655885696e-02
1.029322110116481781e-02
8.667975664138793945e-03
6.433263886719942093e-03
5.349766463041305542e-03
4.875736311078071594e-03
4.266269505023956299e-03
5.552921909838914871e-03
4.266269505023956299e-03
3.792239353060722351e-03
4.604862071573734283e-03
2.979616634547710419e-03
3.182772081345319748e-03
2.844179747626185417e-03
3.115053521469235420e-03
2.234712475910782814e-03
2.166993916034698486e-03
2.437868155539035797e-03
2.437868155539035797e-03
1.760682440362870693e-03
1.963838236406445503e-03
1.692963880486786366e-03
2.166993916034698486e-03
1.422089873813092709e-03
2.370149362832307816e-03
1.557526760734617710e-03
1.828401000238955021e-03
1.760682440362870693e-03
1.692963880486786366e-03
1.151215517893433571e-03
1.354371197521686554e-03
1.625245320610702038e-03
1.218934077769517899e-03
1.354371197521686554e-03
1.422089873813092709e-03
1.489808317273855209e-03
1.422089873813092709e-03
1.015778398141264915e-03
6.771855987608432770e-04
1.151215517893433571e-03
1.625245320610702038e-03
4.740299191325902939e-04
5.417484790086746216e-04
1.218934077769517899e-03
5.417484790086746216e-04
1.557526760734617710e-03
6.771855987608432770e-04
8.126226603053510189e-04
6.094670388847589493e-04
1.151215517893433571e-03
1.015778398141264915e-03
8.126226603053510189e-04
5.417484790086746216e-04
8.803412201814353466e-04
4.740299191325902939e-04
6.771855987608432770e-04
3.385927993804216385e-04
4.063113301526755095e-04
6.771855987608432770e-04
6.771855987608432770e-04
9.480598382651805878e-04
4.063113301526755095e-04
9.480598382651805878e-04
7.449041586369276047e-04
5.417484790086746216e-04
6.094670388847589493e-04
4.063113301526755095e-04
3.385927993804216385e-04
3.385927993804216385e-04
5.417484790086746216e-04
6.094670388847589493e-04
6.771855987608432770e-04
2.031556650763377547e-04
2.708742395043373108e-04
5.417484790086746216e-04
4.740299191325902939e-04
4.740299191325902939e-04
2.708742395043373108e-04
2.031556650763377547e-04
2.708742395043373108e-04
2.031556650763377547e-04
1.354371197521686554e-04
1.354371197521686554e-04
3.385927993804216385e-04
6.771855987608432770e-05
3.385927993804216385e-04
6.771855987608432770e-05
2.031556650763377547e-04
3.385927993804216385e-04
1.354371197521686554e-04
6.771855987608432770e-05
