1.675392733886837959e-03
3.560209413990378380e-03
5.654450505971908569e-03
4.816753789782524109e-03
4.607330076396465302e-03
3.979057073593139648e-03
3.560209413990378380e-03
5.445026326924562454e-03
6.282722577452659607e-03
5.235601682215929031e-03
5.445025861263275146e-03
5.445025861263275146e-03
6.073297932744026184e-03
9.424083866178989410e-03
6.910994183272123337e-03
6.701570469886064529e-03
7.958116009831428528e-03
5.863874219357967377e-03
7.120418827980756760e-03
7.958115078508853912e-03
9.633507579565048218e-03
9.424082934856414795e-03
7.958114147186279297e-03
7.329843007028102875e-03
9.633507579565048218e-03
1.130890101194381714e-02
7.958115078508853912e-03
9.214659221470355988e-03
1.130890101194381714e-02
1.068062894046306610e-02
1.151832379400730133e-02
1.109947636723518372e-02
1.382198929786682129e-02
1.214659586548805237e-02
1.319371722638607025e-02
1.465968601405620575e-02
1.570680551230907440e-02
1.528795808553695679e-02
1.696335151791572571e-02
1.884816773235797882e-02
2.178010530769824982e-02
2.429319545626640320e-02
2.973821945488452911e-02
3.350785374641418457e-02
3.455497324466705322e-02
4.251309111714363098e-02
4.879581183195114136e-02
6.429319083690643311e-02
9.675392508506774902e-02
2.523560225963592529e-01
