3.143893554806709290e-04
5.320434574969112873e-04
5.320434574969112873e-04
4.594921483658254147e-04
4.353083204478025436e-04
4.594921483658254147e-04
4.111245216336101294e-04
3.385731251910328865e-04
4.594921483658254147e-04
2.176541602239012718e-04
3.627569240052253008e-04
2.176541602239012718e-04
3.869407228194177151e-04
2.902055566664785147e-04
3.627569240052253008e-04
1.692865625955164433e-04
3.143893554806709290e-04
4.353083204478025436e-04
2.418379590380936861e-04
3.143893554806709290e-04
1.934703614097088575e-04
2.418379590380936861e-04
2.902055566664785147e-04
3.627569240052253008e-04
2.902055566664785147e-04
3.627569240052253008e-04
4.111245216336101294e-04
1.692865625955164433e-04
2.418379590380936861e-04
3.385731251910328865e-04
3.627569240052253008e-04
3.385731251910328865e-04
3.143893554806709290e-04
2.176541602239012718e-04
2.660217287484556437e-04
2.418379590380936861e-04
3.869407228194177151e-04
3.385731251910328865e-04
3.869407228194177151e-04
4.111245216336101294e-04
4.353083204478025436e-04
2.660217287484556437e-04
3.143893554806709290e-04
3.627569240052253008e-04
3.869407228194177151e-04
1.934703614097088575e-04
3.869407228194177151e-04
2.902055566664785147e-04
3.385731251910328865e-04
3.627569240052253008e-04
2.660217287484556437e-04
3.869407228194177151e-04
3.869407228194177151e-04
5.078597459942102432e-04
3.627569240052253008e-04
4.836759180761873722e-04
4.594921483658254147e-04
2.660217287484556437e-04
6.529624806717038155e-04
5.320434574969112873e-04
2.660217287484556437e-04
6.529624806717038155e-04
5.320434574969112873e-04
3.143893554806709290e-04
5.078597459942102432e-04
3.385731251910328865e-04
8.222490432672202587e-04
6.529624806717038155e-04
5.562272854149341583e-04
7.738814456388354301e-04
7.496976759284734726e-04
7.738814456388354301e-04
9.189842967316508293e-04
9.915356058627367020e-04
9.673518361523747444e-04
9.189842967316508293e-04
9.673518361523747444e-04
1.064086914993822575e-03
1.426843926310539246e-03
1.475211582146584988e-03
1.451027696020901203e-03
1.281741191633045673e-03
1.620314433239400387e-03
1.717049628496170044e-03
1.886336132884025574e-03
2.128173829987645149e-03
1.934703672304749489e-03
2.466747071593999863e-03
2.515114843845367432e-03
2.974607050418853760e-03
3.240628866478800774e-03
3.748488379642367363e-03
5.199516192078590393e-03
6.505440920591354370e-03
8.295042440295219421e-03
1.088270731270313263e-02
1.649334840476512909e-02
2.764207869768142700e-02
5.400241538882255554e-02
