4.859669804573059082e-01
1.249782890081405640e-01
6.587696075439453125e-02
4.055910930037498474e-02
2.778172865509986877e-02
2.083234488964080811e-02
1.786306500434875488e-02
1.544657628983259201e-02
1.377240754663944244e-02
1.238253153860569000e-02
1.194029860198497772e-02
1.116639003157615662e-02
1.072415709495544434e-02
9.997630491852760315e-03
9.113164618611335754e-03
8.481402881443500519e-03
8.133932948112487793e-03
6.554529070854187012e-03
6.538734771311283112e-03
6.286030635237693787e-03
5.338387563824653625e-03
5.259416997432708740e-03
4.785595927387475967e-03
4.769801627844572067e-03
4.406538791954517365e-03
4.232804290950298309e-03
3.853747155517339706e-03
3.885335288941860199e-03
3.522072220221161842e-03
3.379926085472106934e-03
3.237779485061764717e-03
3.269367385655641556e-03
2.669193781912326813e-03
2.795546082779765129e-03
2.606017515063285828e-03
2.748163882642984390e-03
2.558635547757148743e-03
2.274342579767107964e-03
2.163784112781286240e-03
1.958461478352546692e-03
2.274342579767107964e-03
1.958461711183190346e-03
2.163784112781286240e-03
1.974255777895450592e-03
1.626786775887012482e-03
1.468846341595053673e-03
1.263523707166314125e-03
1.389876008033752441e-03
1.026612939313054085e-03
7.423201459459960461e-04
