6.149832606315612793e-01
8.711652457714080811e-02
4.297849908471107483e-02
2.992109954357147217e-02
2.160268090665340424e-02
1.764513179659843445e-02
1.429255586117506027e-02
1.209951750934123993e-02
1.222555525600910187e-02
1.046104170382022858e-02
1.025938242673873901e-02
8.293211460113525391e-03
8.091552183032035828e-03
7.234503515064716339e-03
6.251417566090822220e-03
6.730356719344854355e-03
4.915429279208183289e-03
5.091880448162555695e-03
4.789392463862895966e-03
3.529026173055171967e-03
3.529026173055171967e-03
3.579440992325544357e-03
3.730684984475374222e-03
2.974465023726224899e-03
3.075294196605682373e-03
3.100501606240868568e-03
2.671976806595921516e-03
2.999672200530767441e-03
2.646769396960735321e-03
2.747599035501480103e-03
2.470318228006362915e-03
2.596355043351650238e-03
2.243452472612261772e-03
2.369488822296261787e-03
1.991379074752330780e-03
2.268659649416804314e-03
2.117415890097618103e-03
2.067001070827245712e-03
1.739305676892399788e-03
2.470318228006362915e-03
1.915757078677415848e-03
1.663683680817484856e-03
1.462025102227926254e-03
1.840135082602500916e-03
1.865342259407043457e-03
1.764513086527585983e-03
1.991379074752330780e-03
1.915757078677415848e-03
2.041793661192059517e-03
1.638476387597620487e-03
