4.120024852454662323e-03
2.098880708217620850e-03
2.798507455736398697e-03
3.420398104935884476e-03
3.731343196704983711e-03
3.109452780336141586e-03
4.430970177054405212e-03
4.275497514754533768e-03
4.353233613073825836e-03
4.819652065634727478e-03
3.964552190154790878e-03
3.420398104935884476e-03
5.597014911472797394e-03
5.752487573772668839e-03
4.275497514754533768e-03
4.975124262273311615e-03
5.985696800053119659e-03
6.918532773852348328e-03
6.296642124652862549e-03
7.462686859071254730e-03
5.907960236072540283e-03
6.141168996691703796e-03
6.763059645891189575e-03
7.462686393409967422e-03
7.618159521371126175e-03
8.628731593489646912e-03
9.717039763927459717e-03
8.240049704909324646e-03
9.561566635966300964e-03
1.088308542966842651e-02
9.950248524546623230e-03
1.080534793436527252e-02
1.204912923276424408e-02
1.220460236072540283e-02
1.197139360010623932e-02
1.189365703612565994e-02
1.422574650496244431e-02
1.640236377716064453e-02
1.640236377716064453e-02
1.741293631494045258e-02
2.021144330501556396e-02
2.168843150138854980e-02
2.316542342305183411e-02
2.565298601984977722e-02
2.759639173746109009e-02
3.544776141643524170e-02
4.734142124652862549e-02
6.809701770544052124e-02
1.053327098488807678e-01
3.194185197353363037e-01
