3.631527526213632839e+00
4.836838939937151594e+01
1.243693616848120769e+02
1.301400242053766032e+00
5.619009481522534344e+01
1.475795464338806937e+02
5.533756626765781172e-01
1.274617638432708810e+00
6.718804888382235774e+00
1.859143125090301496e-01
3.482580512125652117e+00
9.228074721763706023e+00
4.150317196283376808e-01
6.708514236084732740e-01
8.505721453147073063e+00
2.478857667783647967e-01
3.884416896889364867e+00
9.402188755420111121e+00
5.879615936804464260e-01
1.475873264785421801e+00
9.935253765926745473e+00
3.718286250180602992e-01
4.755061652630813818e+00
1.044687702814462504e+01
4.150317470074335602e-01
1.911926638803764122e+00
1.275858083824604172e+01
4.338000792873949463e-01
5.357816080860397179e+00
1.086475217440298735e+01
6.571335104463749133e-01
2.549235518405018830e+00
1.408089914983100321e+01
5.577429207607658146e-01
5.525247684471298548e+00
1.514797140585468149e+01
8.300634392566753617e-01
3.253629727560311657e+00
1.883409635356174761e+01
6.816858292994351087e-01
6.797729420640402864e+00
1.695876452046479699e+01
1.245095268401396504e+00
3.991566058028521269e+00
2.380172155968190850e+01
8.056286707728059771e-01
7.802319637969755917e+00
2.468945431916588973e+01
9.338214513010474338e-01
5.937035180454603989e+00
2.776867649443679298e+01
1.394357301901914648e+00
1.028030903927014172e+01
3.047005521705133901e+01
1.279681199405264813e+00
8.251472951193992600e+00
3.616718193417730731e+01
1.890128936056591824e+00
1.547069351651963665e+01
4.084729005119370271e+01
4.150317415316143510e+00
5.199098946602234150e+01
7.715904154446371876e+01
1.013233151556186940e+01
4.035105221006387666e+01
1.214623563059907809e+02
