1.817976802454967719e-02
3.419401952145080525e-02
2.329317819111620391e-02
3.272981354405868348e-02
8.819724220233583767e-02
2.376141065335289626e-02
1.185637033614890404e-03
1.838388100067942042e-03
2.025493896546555050e-03
1.925283048699273202e-03
5.399831315513150230e-03
3.254987632934064085e-03
1.185637033614890404e-03
2.573743372555008842e-03
2.700658397886786331e-03
1.155169927286480618e-03
9.719694884553370731e-03
4.231483259939963944e-03
1.976061634797473144e-03
1.838388100067942042e-03
2.363075950953739870e-03
2.695396415279357420e-03
1.223961642689740462e-02
5.858977690179513823e-03
1.185637033614890404e-03
7.353552724870666924e-04
2.700658005360924256e-03
3.080452975985754037e-03
1.043967309134507040e-02
4.231484241975992829e-03
2.371274067229780808e-03
3.309098807341524697e-03
3.713405346160063639e-03
5.775849146097820040e-03
1.727945951158546892e-02
8.462967501915956772e-03
1.976061810585495303e-03
3.309098807341524697e-03
5.063733956314663692e-03
3.465509781859441637e-03
2.123933572237136913e-02
9.764961671257156584e-03
4.742548134459561616e-03
4.779809352315657865e-03
1.316570836492329810e-02
5.775849636432402873e-03
3.167900968628720171e-02
1.074145901682610656e-02
7.904246539189892576e-03
5.515164462503275612e-03
1.755427781989773311e-02
6.160906442306090906e-03
4.715851975432498733e-02
1.432194470107745615e-02
1.976061845743099649e-02
1.581013860192110806e-02
3.578372210376500745e-02
2.117811549703033785e-02
1.123164850801640219e-01
4.394233341287337447e-02
5.979562880270912650e+00
5.502663525281947798e+00
1.577521772007074885e+00
8.339941470064962559e+00
7.139656902284621687e+00
1.980334322777667744e+00
