1.271997382844704261e-02
9.784595901715020458e-03
5.218450819443712016e-03
6.849216568678858329e-03
6.523062996940586986e-03
9.458441626824680426e-03
5.544603688029912936e-03
4.239991158957002321e-03
7.827675877589533246e-03
8.153828746175734166e-03
6.196910128354386066e-03
5.218450819443712016e-03
5.870757259768184279e-03
5.218450467867677238e-03
8.153829449327803722e-03
6.196910128354386066e-03
5.544603688029912936e-03
8.806135889652276852e-03
6.196910128354386066e-03
5.544603688029912936e-03
5.544603688029912936e-03
7.175369437265060116e-03
7.501523009003331459e-03
6.523063700092657409e-03
8.806135889652276852e-03
1.011074877030122138e-02
9.132288758238477772e-03
7.827675877589533246e-03
1.076305450747362495e-02
1.141536165095016764e-02
1.239382025670877213e-02
1.271997312529497305e-02
1.369843313735771666e-02
1.728611750441421194e-02
2.119995614636104725e-02
1.630765749235146833e-02
1.859073038506315820e-02
2.902763061764644312e-02
3.881222511305732620e-02
4.631375234097306892e-02
5.511988823062535098e-02
6.033833412800457263e-02
7.207984864754093945e-02
8.447366890424971853e-02
1.118705379915734266e-01
1.408981742344364296e-01
1.810150136344468308e-01
4.292175688246002152e-01
4.454599811176713331e+00
