5.430679994075101463e-02
9.051133868567773355e-02
1.086135998815020293e-01
9.051133868567773355e-02
8.146020481710995742e-02
1.448181418970843626e-01
1.086136064228132719e-01
7.240907094854218129e-02
1.448181418970843626e-01
1.176647272087585627e-01
1.086136064228132719e-01
1.086135933401908005e-01
1.086136064228132719e-01
1.267158741599488103e-01
9.956247255424550968e-02
1.448181418970843626e-01
9.956246601293426701e-02
1.719715435027876771e-01
9.956247255424550968e-02
1.176647402913810481e-01
1.448181418970843626e-01
1.900738112399232294e-01
1.086135933401908005e-01
2.081760789770587816e-01
2.081760789770587816e-01
1.719715304201651918e-01
9.956246601293426701e-02
1.900737850746782587e-01
1.357670080285166003e-01
2.172271866803816009e-01
2.172271866803816009e-01
1.900738112399232294e-01
3.077385253660593345e-01
2.081760789770587816e-01
2.353294544175171255e-01
3.348919269717626213e-01
1.900738112399232294e-01
3.077385515313043052e-01
2.986874176627364874e-01
3.077385253660593345e-01
4.254032394921953841e-01
5.521191136521442777e-01
4.706589611655241923e-01
5.521191136521442777e-01
5.973748353254729748e-01
7.512440587606352693e-01
1.058982610291939519e+00
1.104238227304288555e+00
2.063658312711492471e+00
