1.760724027398358205e-02
9.642059994094759334e-03
1.006128015656204862e-02
7.965181215552043226e-03
7.126739954954247613e-03
4.192199753346446608e-03
8.384399506692893217e-03
9.222839831627471785e-03
3.353760364075088988e-03
8.384399506692893217e-03
6.288299630019670780e-03
9.222839831627471785e-03
5.869080403215601142e-03
6.288301033514498949e-03
7.545960117421536030e-03
7.545960117421536030e-03
8.384399506692893217e-03
8.803619669160182501e-03
5.869079935383991753e-03
1.048050031902933617e-02
6.707519792486959197e-03
9.222840767290688829e-03
6.707519792486959197e-03
6.288300097851280170e-03
1.006128015656204862e-02
1.341503958497391839e-02
9.222839831627471785e-03
9.222839831627471785e-03
1.089972048149662545e-02
1.593035868845121134e-02
1.131894064396391300e-02
1.173815987076798351e-02
1.970334015065680622e-02
1.844567966325494357e-02
1.886490169704866868e-02
2.012256031312409724e-02
2.599163884501325822e-02
2.850695981981699045e-02
4.359888192598650181e-02
3.982589859245446590e-02
5.114484110774481646e-02
6.707519605354314574e-02
8.300556596995298242e-02
9.474372303373131132e-02
1.215737984610262695e-01
1.328927409763166201e-01
1.848760336369546509e-01
3.542408969353759152e-01
2.431056762157343343e+00
