7.753771099450331716e-01
2.002523295353135779e-01
2.881546860436724061e-02
1.393242089343428233e-02
2.879533750347705590e-02
2.623367020301334979e-02
7.839669316116364139e-02
4.587694875394852934e-02
1.062836470671041228e-01
5.231562157024106235e-02
1.036590141713657348e-01
4.581847334306649727e-02
7.880364818865902288e-02
4.698472512371843629e-02
1.051751408893863288e-01
5.330683722215510956e-02
1.049024743108201985e-01
7.237039954008646359e-02
1.827017360064258911e-01
9.689461849716418662e-02
2.120989147060056978e-01
1.100667511909043522e-01
2.350383831890279218e-01
1.032236381040898543e-01
1.820236539576677304e-01
1.188770728609163663e-01
2.951682628635864947e-01
1.428698996353816864e-01
2.923864988681015298e-01
1.781944170610439970e-01
4.110859991038740002e-01
1.869507820243093976e-01
3.102442902314750950e-01
1.929260902553706081e-01
4.434104453504696397e-01
1.918325864292410865e-01
3.212101624596780947e-01
2.083798408907812927e-01
5.032775188862952387e-01
2.900760821038295134e-01
6.314579912913904636e-01
4.049074063562094761e-01
9.628180308711744573e-01
4.149600182714842656e-01
7.314141366665835031e-01
4.529039928418963079e-01
1.025167623658133742e+00
2.835108966572591704e+00
1.012273805214187306e+01
