7.482993416488170624e-03
9.523809887468814850e-03
7.482993416488170624e-03
8.163264952600002289e-03
1.088435389101505280e-02
9.523809887468814850e-03
8.163264952600002289e-03
6.802720949053764343e-03
6.122448947280645370e-03
5.442176945507526398e-03
6.122448947280645370e-03
7.482993416488170624e-03
6.802720949053764343e-03
6.122448947280645370e-03
7.482993416488170624e-03
3.401360474526882172e-03
4.761904943734407425e-03
5.442176945507526398e-03
5.442176945507526398e-03
6.802720949053764343e-03
1.360544236376881599e-03
3.401360474526882172e-03
6.802720949053764343e-03
4.761904943734407425e-03
4.081632476300001144e-03
4.081632476300001144e-03
5.442176945507526398e-03
2.721088472753763199e-03
8.163264952600002289e-03
6.122448947280645370e-03
6.122448947280645370e-03
4.081632476300001144e-03
3.401360474526882172e-03
5.442176945507526398e-03
5.442176945507526398e-03
3.401360474526882172e-03
7.482993416488170624e-03
6.802720949053764343e-03
4.081632476300001144e-03
2.721088472753763199e-03
4.761904943734407425e-03
8.843537420034408569e-03
3.401360474526882172e-03
6.122448947280645370e-03
6.802720949053764343e-03
4.761904943734407425e-03
6.122448947280645370e-03
4.761904943734407425e-03
4.761904943734407425e-03
3.401360474526882172e-03
5.442176945507526398e-03
6.802720949053764343e-03
8.843537420034408569e-03
6.802720949053764343e-03
2.721088472753763199e-03
5.442176945507526398e-03
8.163264952600002289e-03
6.122448947280645370e-03
7.482993416488170624e-03
9.523809887468814850e-03
6.802720949053764343e-03
5.442176945507526398e-03
6.802720949053764343e-03
1.020408142358064651e-02
8.843537420034408569e-03
6.802720949053764343e-03
7.482993416488170624e-03
6.122448947280645370e-03
8.843537420034408569e-03
9.523809887468814850e-03
3.401360474526882172e-03
6.802720949053764343e-03
6.802720949053764343e-03
1.020408142358064651e-02
7.482993416488170624e-03
1.088435389101505280e-02
1.292517036199569702e-02
8.163264952600002289e-03
1.020408142358064651e-02
1.428571436554193497e-02
9.523809887468814850e-03
1.292517036199569702e-02
1.020408142358064651e-02
8.843537420034408569e-03
1.496598683297634125e-02
1.700680330395698547e-02
1.564625836908817291e-02
1.700680330395698547e-02
1.836734637618064880e-02
1.292517036199569702e-02
1.904761977493762970e-02
2.040816284716129303e-02
1.972789131104946136e-02
1.972789131104946136e-02
2.721088379621505737e-02
2.176870778203010559e-02
2.993197366595268250e-02
3.265305981040000916e-02
4.217687249183654785e-02
