1.777777820825576782e-01
1.111111119389533997e-01
1.111111119389533997e-01
7.777778059244155884e-02
7.777778059244155884e-02
5.555555596947669983e-02
6.666667014360427856e-02
1.111111138015985489e-02
2.222222276031970978e-02
1.111111138015985489e-02
1.111111138015985489e-02
0.000000000000000000e+00
0.000000000000000000e+00
3.333333507180213928e-02
4.444444552063941956e-02
1.111111138015985489e-02
0.000000000000000000e+00
1.111111138015985489e-02
0.000000000000000000e+00
1.111111138015985489e-02
0.000000000000000000e+00
1.111111138015985489e-02
1.111111138015985489e-02
0.000000000000000000e+00
1.111111138015985489e-02
3.333333507180213928e-02
0.000000000000000000e+00
0.000000000000000000e+00
0.000000000000000000e+00
0.000000000000000000e+00
0.000000000000000000e+00
0.000000000000000000e+00
0.000000000000000000e+00
1.111111138015985489e-02
0.000000000000000000e+00
0.000000000000000000e+00
0.000000000000000000e+00
0.000000000000000000e+00
0.000000000000000000e+00
1.111111138015985489e-02
1.111111138015985489e-02
0.000000000000000000e+00
0.000000000000000000e+00
1.111111138015985489e-02
0.000000000000000000e+00
0.000000000000000000e+00
1.111111138015985489e-02
0.000000000000000000e+00
0.000000000000000000e+00
1.111111138015985489e-02
0.000000000000000000e+00
0.000000000000000000e+00
0.000000000000000000e+00
0.000000000000000000e+00
0.000000000000000000e+00
0.000000000000000000e+00
0.000000000000000000e+00
0.000000000000000000e+00
0.000000000000000000e+00
1.111111138015985489e-02
0.000000000000000000e+00
0.000000000000000000e+00
0.000000000000000000e+00
0.000000000000000000e+00
0.000000000000000000e+00
0.000000000000000000e+00
0.000000000000000000e+00
0.000000000000000000e+00
0.000000000000000000e+00
0.000000000000000000e+00
0.000000000000000000e+00
0.000000000000000000e+00
0.000000000000000000e+00
0.000000000000000000e+00
0.000000000000000000e+00
0.000000000000000000e+00
1.111111138015985489e-02
0.000000000000000000e+00
0.000000000000000000e+00
0.000000000000000000e+00
0.000000000000000000e+00
0.000000000000000000e+00
0.000000000000000000e+00
0.000000000000000000e+00
0.000000000000000000e+00
0.000000000000000000e+00
0.000000000000000000e+00
0.000000000000000000e+00
0.000000000000000000e+00
0.000000000000000000e+00
0.000000000000000000e+00
0.000000000000000000e+00
0.000000000000000000e+00
0.000000000000000000e+00
0.000000000000000000e+00
0.000000000000000000e+00
0.000000000000000000e+00
0.000000000000000000e+00
0.000000000000000000e+00
