2.237136504845693707e-04
4.474273009691387415e-04
4.474273009691387415e-04
5.592841189354658127e-04
8.948546019382774830e-04
3.355704830028116703e-04
8.948546019382774830e-04
2.237136504845693707e-04
3.355704830028116703e-04
4.474273009691387415e-04
8.948546019382774830e-04
7.829977548681199551e-04
6.711409660056233406e-04
1.118568237870931625e-03
4.474273009691387415e-04
1.006711390800774097e-03
6.711409660056233406e-04
1.118568252422846854e-04
6.711409660056233406e-04
4.474273009691387415e-04
1.006711390800774097e-03
5.592841189354658127e-04
7.829977548681199551e-04
1.118568237870931625e-03
7.829977548681199551e-04
2.237136504845693707e-04
8.948546019382774830e-04
4.474273009691387415e-04
1.342281932011246681e-03
6.711409660056233406e-04
6.711409660056233406e-04
0.000000000000000000e+00
8.948546019382774830e-04
6.711409660056233406e-04
1.230425084941089153e-03
4.474273009691387415e-04
6.711409660056233406e-04
5.592841189354658127e-04
1.006711390800774097e-03
1.006711390800774097e-03
8.948546019382774830e-04
5.592841189354658127e-04
7.829977548681199551e-04
1.230425084941089153e-03
6.711409660056233406e-04
1.342281932011246681e-03
1.230425084941089153e-03
8.948546019382774830e-04
1.118568252422846854e-04
7.829977548681199551e-04
1.454138662666082382e-03
6.711409660056233406e-04
4.474273009691387415e-04
1.677852356806397438e-03
1.118568237870931625e-03
1.006711390800774097e-03
8.948546019382774830e-04
1.789709203876554966e-03
1.454138662666082382e-03
2.237136475741863251e-03
1.677852356806397438e-03
1.565995509736239910e-03
1.006711390800774097e-03
1.677852356806397438e-03
1.342281932011246681e-03
1.454138662666082382e-03
1.565995509736239910e-03
2.572706900537014008e-03
1.677852356806397438e-03
1.454138662666082382e-03
2.013422781601548195e-03
2.348993206396698952e-03
2.684563864022493362e-03
2.572706900537014008e-03
2.237136475741863251e-03
2.460850169882178307e-03
3.579418407753109932e-03
2.572706900537014008e-03
3.803132101893424988e-03
2.908277325332164764e-03
4.250559490174055099e-03
3.691275138407945633e-03
4.921700339764356613e-03
3.914988599717617035e-03
5.480984225869178772e-03
4.138702526688575745e-03
5.257270764559507370e-03
7.046979852020740509e-03
8.389261551201343536e-03
9.395972825586795807e-03
8.501118980348110199e-03
1.096196845173835754e-02
1.308724842965602875e-02
1.465324405580759048e-02
1.789709180593490601e-02
2.606263943016529083e-02
3.456375747919082642e-02
4.888143017888069153e-02
8.545861393213272095e-02
