1.440761387348175049e-01
1.043649464845657349e-01
7.646865397691726685e-02
5.546439066529273987e-02
4.594683274626731873e-02
4.397768154740333557e-02
3.314735740423202515e-02
3.183459118008613586e-02
2.231703326106071472e-02
2.395799197256565094e-02
2.034788392484188080e-02
1.936330832540988922e-02
1.608139090240001678e-02
1.378405001014471054e-02
1.509681623429059982e-02
1.279947534203529358e-02
1.640958338975906372e-02
1.279947534203529358e-02
9.845749475061893463e-03
1.411224156618118286e-02
1.378405001014471054e-02
1.050213351845741272e-02
9.845749475061893463e-03
8.204791694879531860e-03
5.251066759228706360e-03
9.189366362988948822e-03
5.251066759228706360e-03
8.532983250916004181e-03
6.892025005072355270e-03
5.251066759228706360e-03
4.266491625458002090e-03
5.579258315265178680e-03
4.922874737530946732e-03
3.938300069421529770e-03
5.251066759228706360e-03
8.204791694879531860e-03
3.610108280554413795e-03
2.953724935650825500e-03
6.563833449035882950e-03
4.594683181494474411e-03
3.938300069421529770e-03
5.579258315265178680e-03
2.297341590747237206e-03
4.922874737530946732e-03
2.953724935650825500e-03
3.938300069421529770e-03
2.953724935650825500e-03
4.266491625458002090e-03
1.640958362258970737e-03
2.625533379614353180e-03
2.625533379614353180e-03
2.625533379614353180e-03
1.640958362258970737e-03
2.625533379614353180e-03
1.969150034710764885e-03
2.953724935650825500e-03
2.625533379614353180e-03
1.312766689807176590e-03
2.953724935650825500e-03
1.969150034710764885e-03
4.266491625458002090e-03
9.845750173553824425e-04
3.281916724517941475e-03
2.625533379614353180e-03
1.969150034710764885e-03
2.625533379614353180e-03
2.297341590747237206e-03
2.625533379614353180e-03
2.625533379614353180e-03
2.953724935650825500e-03
2.953724935650825500e-03
3.281916724517941475e-03
1.969150034710764885e-03
1.312766689807176590e-03
1.312766689807176590e-03
1.969150034710764885e-03
1.640958362258970737e-03
9.845750173553824425e-04
1.640958362258970737e-03
1.640958362258970737e-03
9.845750173553824425e-04
1.640958362258970737e-03
1.640958362258970737e-03
1.312766689807176590e-03
1.312766689807176590e-03
1.640958362258970737e-03
1.969150034710764885e-03
1.640958362258970737e-03
1.640958362258970737e-03
1.969150034710764885e-03
9.845750173553824425e-04
1.640958362258970737e-03
1.640958362258970737e-03
6.563833449035882950e-04
2.297341590747237206e-03
2.297341590747237206e-03
2.297341590747237206e-03
6.563833449035882950e-04
9.845750173553824425e-04
