1.393728256225585938e-01
5.923344939947128296e-02
7.665505260229110718e-02
4.878048598766326904e-02
2.787456475198268890e-02
4.181184619665145874e-02
2.090592309832572937e-02
1.393728237599134445e-02
1.742160320281982422e-02
3.135888651013374329e-02
1.742160320281982422e-02
1.045296154916286469e-02
1.045296154916286469e-02
2.090592309832572937e-02
3.484320593997836113e-03
1.742160320281982422e-02
6.968641187995672226e-03
1.045296154916286469e-02
1.393728237599134445e-02
1.393728237599134445e-02
6.968641187995672226e-03
6.968641187995672226e-03
0.000000000000000000e+00
1.045296154916286469e-02
1.742160320281982422e-02
0.000000000000000000e+00
0.000000000000000000e+00
3.484320593997836113e-03
0.000000000000000000e+00
6.968641187995672226e-03
1.742160320281982422e-02
1.045296154916286469e-02
3.484320593997836113e-03
0.000000000000000000e+00
6.968641187995672226e-03
6.968641187995672226e-03
0.000000000000000000e+00
6.968641187995672226e-03
3.484320593997836113e-03
6.968641187995672226e-03
6.968641187995672226e-03
6.968641187995672226e-03
0.000000000000000000e+00
3.484320593997836113e-03
3.484320593997836113e-03
3.484320593997836113e-03
3.484320593997836113e-03
1.045296154916286469e-02
6.968641187995672226e-03
3.484320593997836113e-03
0.000000000000000000e+00
3.484320593997836113e-03
3.484320593997836113e-03
3.484320593997836113e-03
3.484320593997836113e-03
1.045296154916286469e-02
0.000000000000000000e+00
6.968641187995672226e-03
0.000000000000000000e+00
3.484320593997836113e-03
3.484320593997836113e-03
3.484320593997836113e-03
3.484320593997836113e-03
6.968641187995672226e-03
0.000000000000000000e+00
3.484320593997836113e-03
3.484320593997836113e-03
3.484320593997836113e-03
6.968641187995672226e-03
0.000000000000000000e+00
3.484320593997836113e-03
0.000000000000000000e+00
6.968641187995672226e-03
3.484320593997836113e-03
0.000000000000000000e+00
0.000000000000000000e+00
1.393728237599134445e-02
1.045296154916286469e-02
0.000000000000000000e+00
6.968641187995672226e-03
6.968641187995672226e-03
3.484320593997836113e-03
6.968641187995672226e-03
3.484320593997836113e-03
6.968641187995672226e-03
6.968641187995672226e-03
3.484320593997836113e-03
0.000000000000000000e+00
0.000000000000000000e+00
6.968641187995672226e-03
3.484320593997836113e-03
1.045296154916286469e-02
1.393728237599134445e-02
0.000000000000000000e+00
0.000000000000000000e+00
0.000000000000000000e+00
6.968641187995672226e-03
3.484320593997836113e-03
6.968641187995672226e-03
