1.320344650261647157e+00
3.515860386561285300e-01
7.722446719562597872e-02
3.448550556539323186e-02
6.120468515653793712e-02
3.376219595070140134e-02
7.388176557802457467e-02
3.899508684991874474e-02
7.862540945489017441e-02
3.884615358442562033e-02
8.000087080580836618e-02
4.051045039443867263e-02
8.460638718164108230e-02
4.537033531386183705e-02
9.793676901545141089e-02
5.115524439526560052e-02
1.130957344573224055e-01
5.681854163139592184e-02
1.177628909259433587e-01
6.059646835682000465e-02
1.224757671294439965e-01
6.750101977283355648e-02
1.467695486022876916e-01
7.353968221175839759e-02
1.523413387891695836e-01
7.579684532977998268e-02
1.534193458272377353e-01
8.515334438005055240e-02
1.893184332843946271e-01
9.490854525024175481e-02
1.945857602996325375e-01
9.320169082085347223e-02
1.846802682572556142e-01
9.841701434819896677e-02
2.148569247793063464e-01
1.196667961620751369e-01
2.516793427985444254e-01
1.380477875751897621e-01
2.981751629272280102e-01
1.644098166664526850e-01
3.600442301634173559e-01
2.146470979369473342e-01
5.093796078587089493e-01
2.928577558210196385e-01
6.750156026528646436e-01
4.166584540409619120e-01
9.967869503557974520e-01
1.576224362999894435e+00
5.240427727074711051e+00
