2.991011973841162935e-02
7.865614424040712205e-03
1.872516004669921418e-03
9.474258401754624085e-04
1.998544670514411023e-03
8.305728746799273532e-04
1.319126218035392584e-03
8.116594485943908572e-04
1.928169498899774334e-03
9.788750077899942715e-04
2.011933537411677696e-03
8.186022624891301294e-04
1.308020217224033048e-03
7.081820757553476502e-04
1.482544432876273808e-03
8.362886136261538225e-04
1.958178966390939583e-03
9.813776210566540949e-04
1.970942171086995966e-03
9.529570836107396871e-04
1.902075168776018585e-03
1.093633182313276343e-03
2.412123119821546306e-03
1.197413672179114923e-03
2.344255926418768905e-03
1.243172107619972900e-03
2.650114969509766594e-03
1.522831632460198894e-03
3.351542768702996111e-03
1.731966595094335936e-03
3.453911059026599627e-03
2.125921892409981216e-03
4.858539522512576869e-03
2.843757538811013744e-03
6.475060446314230729e-03
3.259662550710880520e-03
6.574605182430284279e-03
3.690216941382769116e-03
8.532215142306254566e-03
5.146045801995148376e-03
1.194813929516961616e-02
7.536929795429941036e-03
1.797218702819084607e-02
1.081025525358191020e-02
2.641948017382749272e-02
1.948354719835270268e-02
5.285391286278931511e-02
4.318753313561650153e-01
1.623322786370857918e+00
