3.943154676199547674e-03
1.017774971441589866e-03
8.762677328698898469e-05
7.653530985971076399e-05
2.244968185730896284e-04
6.618637860940507764e-05
4.497389360777315052e-05
2.239562263551050377e-05
4.435662911249244078e-05
3.273488166805698475e-05
8.944287875903846562e-05
8.803844917190889550e-05
2.646998697967672932e-04
1.007241662199779739e-04
1.327053350287685869e-04
1.086303818573901720e-04
3.181053651613614938e-04
1.243573184234346082e-04
1.773337714459871466e-04
1.218988256657675180e-04
3.182518718766290259e-04
1.576512481688611923e-04
3.114351863160298673e-04
1.673140938937162927e-04
3.634283775473977005e-04
1.675211928915593714e-04
3.101683852805152170e-04
1.576891992971822737e-04
3.050700912341922978e-04
2.138430802044939444e-04
5.224152856302019228e-04
2.453310361098275300e-04
4.473028814107912038e-04
2.722474866205529731e-04
6.532453865784678022e-04
3.931275460798185225e-04
9.003071545895124537e-04
5.751094058014480804e-04
1.494607857782471799e-03
9.950792270189156609e-04
2.482285669842543285e-03
1.281236722587411614e-03
2.622025089578078946e-03
1.938110878669977322e-03
4.946948507215784621e-03
3.156801440732039284e-03
7.844872251227137314e-03
2.184832146575303169e-01
8.766088960567595123e-01
