4.635998515033305739e+04
1.151801177213412120e+04
7.060423915612251733e+01
3.218054822526772085e+01
6.134921107427226872e+01
3.068136862234501550e+01
6.119811070680051301e+01
2.583246987958720808e+01
4.196433971224169568e+01
2.797993680999198318e+01
6.939237885999308730e+01
2.650708812691012284e+01
3.939543100906794137e+01
1.950592828320099770e+01
3.937629724566674128e+01
1.768919946532017917e+01
3.387067782619608636e+01
2.095378023971790427e+01
4.968968832119643508e+01
2.075542807793928546e+01
3.294935455155012249e+01
1.883283219237985406e+01
4.222022190292558719e+01
2.055407621948691599e+01
3.932996679555714792e+01
1.586875075715000172e+01
2.472765714356230049e+01
1.041006087434855409e+01
1.639625508373053364e+01
1.418807196005712967e+01
3.896601299661270446e+01
1.301563029628235135e+01
1.363900928558825321e+01
1.095918256572038985e+01
3.059399041453845669e+01
1.121696536955336754e+01
1.415848062935299367e+01
1.174153632103771905e+01
3.272225185593992336e+01
9.732356300359608525e+00
5.526845086535951523e+00
7.718160969660534221e+00
2.505374704495516625e+01
7.512417546628446630e+00
5.552988490416704614e+00
5.512946439570204582e+00
1.640757392294339923e+01
5.443762183061067184e+00
5.646578730579917327e+00
