1.280165988957582490e+00
3.273734621187485705e-01
7.238236929892745419e-02
3.256746200170945044e-02
5.840438196430110251e-02
3.274573451124004886e-02
7.210750563699971916e-02
3.580816959064144628e-02
7.615394567613063825e-02
3.839131230569042125e-02
7.774397605718824655e-02
3.992494118158624455e-02
8.019241355560215168e-02
4.250930200051854235e-02
9.115894222334797181e-02
5.095705687722205252e-02
1.077243817738220144e-01
5.565640218719474647e-02
1.161760832597669296e-01
6.008861428491013568e-02
1.198442510327236560e-01
6.428968045305233359e-02
1.421273796153716129e-01
7.287130860951900047e-02
1.438658027401007733e-01
7.510267187612298945e-02
1.486329608928477486e-01
8.323228023170445300e-02
1.835859055796298378e-01
9.191236160802776500e-02
1.901474615524294809e-01
9.123747540953626445e-02
1.758459253394467903e-01
9.741532061841359780e-02
2.032462783815351393e-01
1.115280325809043654e-01
2.424870451597575249e-01
1.308511704469794146e-01
2.866193659605240085e-01
1.563369309835417886e-01
3.394850188921176293e-01
2.025177743676414011e-01
4.647687806292444823e-01
2.843647855373936939e-01
6.412084276038806374e-01
3.896226491668975389e-01
9.002261264461579593e-01
9.283448058310126427e-01
2.882300456990356530e+00
