5.860655307769775391e-01
7.494144886732101440e-02
3.512880578637123108e-02
2.400468289852142334e-02
1.463700272142887115e-02
1.580796204507350922e-02
1.522248238325119019e-02
1.229508221149444580e-02
7.025760598480701447e-03
7.025761064141988754e-03
6.440280936658382416e-03
4.683840554207563400e-03
5.854800809174776077e-03
4.098360426723957062e-03
4.098360426723957062e-03
3.512880532070994377e-03
2.927400404587388039e-03
6.440280936658382416e-03
5.269320681691169739e-03
8.196720853447914124e-03
2.927400404587388039e-03
1.756440266035497189e-03
6.440280936658382416e-03
4.098360426723957062e-03
5.854800692759454250e-04
4.098360426723957062e-03
4.683840554207563400e-03
5.269320681691169739e-03
1.756440149620175362e-03
2.927400404587388039e-03
4.098360426723957062e-03
5.854800809174776077e-03
1.756440149620175362e-03
2.341920277103781700e-03
5.269320681691169739e-03
4.683840554207563400e-03
2.927400404587388039e-03
1.170960138551890850e-03
4.098360426723957062e-03
6.440280936658382416e-03
3.512880532070994377e-03
4.683840554207563400e-03
2.927400404587388039e-03
5.854800809174776077e-03
4.098360426723957062e-03
4.098360426723957062e-03
6.440280936658382416e-03
9.953161701560020447e-03
7.025761064141988754e-03
3.454332798719406128e-02
