1.771341077983379364e-03
1.722075510770082474e-03
7.119590300135314465e-04
1.140390057116746902e-03
1.198597310576587915e-04
1.444925728719681501e-04
6.873260717839002609e-04
1.039885828504338861e-04
1.516020420240238309e-04
4.618256061803549528e-04
1.198597310576587915e-04
2.572428493294864893e-04
9.482840541750192642e-04
5.658142035827040672e-04
9.411746286787092686e-04
7.935574831208214164e-05
9.522690379526466131e-05
5.992087535560131073e-04
4.618256061803549528e-04
9.658074122853577137e-04
1.198597310576587915e-04
1.110980520024895668e-04
4.618256061803549528e-04
1.674731902312487364e-04
6.221893127076327801e-04
1.516020274721086025e-04
5.674664280377328396e-04
1.691254001343622804e-04
4.935679025948047638e-04
6.348460010485723615e-05
2.397194621153175831e-04
8.811743464320898056e-05
5.340718780644237995e-04
2.643523039296269417e-04
6.134276627562940121e-04
5.904470453970134258e-04
6.397126708179712296e-04
1.452265772968530655e-03
1.628500875085592270e-03
3.701213747262954712e-03
2.957602497190237045e-03
3.578049596399068832e-03
5.587368272244930267e-03
6.424554158002138138e-03
8.396673016250133514e-03
9.905723854899406433e-03
1.217063330113887787e-02
2.062078751623630524e-02
3.008165955543518066e-02
8.755487799644470215e-01
