5.163511261343955994e-03
5.163511261343955994e-03
1.721170265227556229e-03
3.442340530455112457e-03
0.000000000000000000e+00
0.000000000000000000e+00
1.721170265227556229e-03
0.000000000000000000e+00
0.000000000000000000e+00
1.721170265227556229e-03
0.000000000000000000e+00
0.000000000000000000e+00
3.442340530455112457e-03
1.721170265227556229e-03
3.442340530455112457e-03
0.000000000000000000e+00
0.000000000000000000e+00
1.721170265227556229e-03
1.721170265227556229e-03
3.442340530455112457e-03
0.000000000000000000e+00
0.000000000000000000e+00
1.721170265227556229e-03
0.000000000000000000e+00
1.721170265227556229e-03
0.000000000000000000e+00
1.721170265227556229e-03
0.000000000000000000e+00
1.721170265227556229e-03
0.000000000000000000e+00
0.000000000000000000e+00
0.000000000000000000e+00
1.721170265227556229e-03
0.000000000000000000e+00
1.721170265227556229e-03
1.721170265227556229e-03
1.721170265227556229e-03
5.163510795682668686e-03
5.163511261343955994e-03
1.376936212182044983e-02
1.032702066004276276e-02
1.376936212182044983e-02
2.065404504537582397e-02
2.409638464450836182e-02
3.098106756806373596e-02
3.786574304103851318e-02
4.475042968988418579e-02
7.745265960693359375e-02
1.049913913011550903e-01
5.628226995468139648e-01
