3.206050954759120941e-03
4.159825854003429413e-03
4.246397875249385834e-03
5.845338106155395508e-03
5.496679805219173431e-03
5.846271757036447525e-03
6.685290951281785965e-03
5.855399183928966522e-03
6.353842560201883316e-03
6.479355506598949432e-03
6.238695234060287476e-03
4.615482874214649200e-03
7.059221155941486359e-03
5.633491091430187225e-03
5.563129670917987823e-03
6.647654343396425247e-03
5.959790199995040894e-03
6.139149889349937439e-03
6.173178553581237793e-03
5.268318578600883484e-03
6.488112267106771469e-03
6.083998829126358032e-03
5.703615024685859680e-03
6.288629956543445587e-03
7.501276209950447083e-03
6.810499355196952820e-03
6.530595012009143829e-03
6.756652146577835083e-03
6.603564135730266571e-03
6.243236362934112549e-03
6.278264801949262619e-03
6.620774511247873306e-03
8.474348112940788269e-03
7.393972948193550110e-03
7.498059421777725220e-03
9.256237186491489410e-03
8.149982430040836334e-03
8.171712979674339294e-03
8.050741627812385559e-03
9.386987425386905670e-03
9.854009374976158142e-03
1.018615253269672394e-02
1.024614926427602768e-02
1.125057600438594818e-02
1.424098014831542969e-02
1.550912298262119293e-02
1.548404805362224579e-02
2.183561399579048157e-02
3.346564620733261108e-02
6.001638770103454590e-01
