4.699752628803253174e-01
7.502931356430053711e-02
5.848638713359832764e-02
4.363683611154556274e-02
3.686335682868957520e-02
2.891754545271396637e-02
2.579132467508316040e-02
2.357691898941993713e-02
1.771525293588638306e-02
1.862706616520881653e-02
1.432851422578096390e-02
1.511006988584995270e-02
1.146281138062477112e-02
1.289566233754158020e-02
1.263514347374439240e-02
1.002996042370796204e-02
8.727367967367172241e-03
9.508922696113586426e-03
4.559072665870189667e-03
6.122183054685592651e-03
7.424775511026382446e-03
4.949850495904684067e-03
5.080109462141990662e-03
5.470887292176485062e-03
5.210368894040584564e-03
5.210368894040584564e-03
3.907776437699794769e-03
5.080109462141990662e-03
3.647258039563894272e-03
4.038035869598388672e-03
3.516999073326587677e-03
3.126221243292093277e-03
3.256480442360043526e-03
2.865702845156192780e-03
2.474925015121698380e-03
2.214406616985797882e-03
3.386739641427993774e-03
2.605184447020292282e-03
1.823629019781947136e-03
2.735443646088242531e-03
2.214406616985797882e-03
1.823629019781947136e-03
1.432851422578096390e-03
9.118145098909735680e-04
9.118145680986344814e-04
1.302592107094824314e-03
7.815553690306842327e-04
1.042073825374245644e-03
2.214406616985797882e-03
5.340628325939178467e-03
