4.809559285640716553e-01
8.140403032302856445e-02
6.721433997154235840e-02
4.406273365020751953e-02
5.003733932971954346e-02
3.136669099330902100e-02
3.061986714601516724e-02
2.091112732887268066e-02
2.165795490145683289e-02
2.165795490145683289e-02
1.792382448911666870e-02
1.344286836683750153e-02
9.708737954497337341e-03
1.493652071803808212e-02
1.120238937437534332e-02
5.974608007818460464e-03
5.974608473479747772e-03
9.708737954497337341e-03
6.721434183418750763e-03
5.227781832218170166e-03
5.227782297879457474e-03
5.974608007818460464e-03
4.480956122279167175e-03
7.468260009773075581e-04
7.468260009773075581e-04
2.987304003909230232e-03
1.493652001954615116e-03
5.227782297879457474e-03
3.734129946678876877e-03
2.240478061139583588e-03
7.468260009773075581e-04
7.468260009773075581e-04
7.468260009773075581e-04
2.987304003909230232e-03
2.240478061139583588e-03
7.468260009773075581e-04
0.000000000000000000e+00
1.493652001954615116e-03
1.493652001954615116e-03
7.468260009773075581e-04
7.468260009773075581e-04
1.493652001954615116e-03
7.468260009773075581e-04
0.000000000000000000e+00
0.000000000000000000e+00
0.000000000000000000e+00
0.000000000000000000e+00
7.468260009773075581e-04
0.000000000000000000e+00
7.468260009773075581e-04
