3.241794109344482422e-01
1.869786679744720459e-01
1.106597334146499634e-01
7.496479153633117676e-02
5.270285159349441528e-02
4.149062931537628174e-02
2.914093807339668274e-02
2.361607551574707031e-02
2.128696814179420471e-02
1.652042008936405182e-02
1.457046903669834137e-02
1.186220347881317139e-02
9.045607410371303558e-03
8.449789136648178101e-03
7.962300442159175873e-03
6.608168594539165497e-03
5.795688368380069733e-03
4.604051820933818817e-03
4.549886099994182587e-03
3.845737548545002937e-03
4.170728847384452820e-03
3.845737315714359283e-03
2.762431045994162560e-03
2.383273793384432793e-03
3.358249319717288017e-03
2.274943049997091293e-03
1.516628894023597240e-03
1.299967523664236069e-03
1.841620542109012604e-03
1.787455286830663681e-03
1.624959520995616913e-03
1.516628661192953587e-03
1.299967523664236069e-03
1.029141014441847801e-03
9.208102710545063019e-04
5.958185065537691116e-04
1.408298034220933914e-03
9.749756427481770515e-04
3.791571944020688534e-04
7.583143888041377068e-04
5.416531348600983620e-04
5.416531348600983620e-04
3.791572235058993101e-04
4.874878213740885258e-04
4.333225078880786896e-04
4.333225369919091463e-04
4.874878213740885258e-04
3.791572235058993101e-04
4.333225078880786896e-04
1.299967523664236069e-03
