9.484224319458007812e-01
1.728817448019981384e-02
7.661112584173679352e-03
4.522514063864946365e-03
3.088864032179117203e-03
2.259735250845551491e-03
1.749416114762425423e-03
1.409807708114385605e-03
1.158057595603168011e-03
9.801121195778250694e-04
8.357025217264890671e-04
7.293414091691374779e-04
6.374023505486547947e-04
5.660679307766258717e-04
5.087686004117131233e-04
4.563042602967470884e-04
4.154627968091517687e-04
3.773129428736865520e-04
3.473974065855145454e-04
3.182514919899404049e-04
2.941393759101629257e-04
2.739737683441489935e-04
2.538618573453277349e-04
2.381039375904947519e-04
2.217582659795880318e-04
2.089491608785465360e-04
1.956925261765718460e-04
1.844591170083731413e-04
1.750795054249465466e-04
1.648350007599219680e-04
1.569290470797568560e-04
1.483446103520691395e-04
1.417740859324112535e-04
1.343278854619711637e-04
1.280310243600979447e-04
1.229390472872182727e-04
1.169412134913727641e-04
1.124855480156838894e-04
1.072359373210929334e-04
1.033075750456191599e-04
9.874951501842588186e-05
9.490126831224188209e-05
9.175481682177633047e-05
8.781643555266782641e-05
8.510667248629033566e-05
8.163518941728398204e-05
7.918657502159476280e-05
7.602025289088487625e-05
7.351109525188803673e-05
7.145675772335380316e-05
6.877545092720538378e-05
6.693873729091137648e-05
6.446095358114689589e-05
6.252981256693601608e-05
6.096127253840677440e-05
5.884215352125465870e-05
5.738985055359080434e-05
5.548625267692841589e-05
5.420590241556055844e-05
5.242065526545047760e-05
5.098809924675151706e-05
4.985105260857380927e-05
4.829902172787114978e-05
4.729274587589316070e-05
4.582523615681566298e-05
4.487691694521345198e-05
4.354536213213577867e-05
4.247507968102581799e-05
4.166821236140094697e-05
4.044584420626051724e-05
3.968024248024448752e-05
3.856636976706795394e-05
3.788594767684116960e-05
3.681971793412230909e-05
3.597180329961702228e-05
3.539149111020378768e-05
3.442620072746649384e-05
3.386753814993426204e-05
3.296099384897388518e-05
3.242263846914283931e-05
3.159160041832365096e-05
3.094061685260385275e-05
3.048054168175440282e-05
2.967893124150577933e-05
2.927160494436975569e-05
2.853316073014866561e-05
2.813572427839972079e-05
2.741932803473901004e-05
2.691642112040426582e-05
2.655783100635744631e-05
2.591533120721578598e-05
2.558141022745985538e-05
2.495423541404306889e-05
2.465977377141825855e-05
2.407973624940495938e-05
2.365422915318049490e-05
2.335645149287302047e-05
2.283493995491880924e-05
2.257050982734654099e-05
2.205891905759926885e-05
