9.205785393714904785e-01
2.688194997608661652e-02
1.186795625835657120e-02
7.022469304502010345e-03
4.766709636896848679e-03
3.498127451166510582e-03
2.706278814002871513e-03
2.169500337913632393e-03
1.786600681953132153e-03
1.504158135503530502e-03
1.287195133045315742e-03
1.116277184337377548e-03
9.802067652344703674e-04
8.707654196768999100e-04
7.756205741316080093e-04
6.984791252762079239e-04
6.326465518213808537e-04
5.759294144809246063e-04
5.274436553008854389e-04
4.849208635278046131e-04
4.473812878131866455e-04
4.146760620642453432e-04
3.854506358038634062e-04
3.590777632780373096e-04
3.367638564668595791e-04
3.147579845972359180e-04
2.954684314318001270e-04
2.783392847049981356e-04
2.625848574098199606e-04
2.479921386111527681e-04
2.349399874219670892e-04
2.228149533038958907e-04
2.114751259796321392e-04
2.012767799897119403e-04
1.917232293635606766e-04
1.832198759075254202e-04
1.745728950481861830e-04
1.667664764681831002e-04
1.597014634171500802e-04
1.530067529529333115e-04
1.466225949116051197e-04
1.408296229783445597e-04
1.353085972368717194e-04
1.300136354984715581e-04
1.251996291102841496e-04
1.205880616907961667e-04
1.164781788247637451e-04
1.120926681323908269e-04
1.081823284039273858e-04
1.044187811203300953e-04
1.009886691463179886e-04
9.765313006937503815e-05
9.442974260309711099e-05
9.149016841547563672e-05
8.862015238264575601e-05
8.583636372350156307e-05
8.329679985763505101e-05
8.105080632958561182e-05
7.837978046154603362e-05
7.617031224071979523e-05
7.399771857308223844e-05
7.188064046204090118e-05
6.993684655753895640e-05
6.803229189245030284e-05
6.616664177272468805e-05
6.445410690503194928e-05
6.277122156461700797e-05
6.111798575147986412e-05
5.978635454084724188e-05
5.810221045976504683e-05
5.663001138600520790e-05
5.527997200260870159e-05
5.394605977926403284e-05
5.262880222289822996e-05
5.142173904459923506e-05
5.022863842896185815e-05
4.903982335235923529e-05
4.795865970663726330e-05
4.688488479587249458e-05
4.595948121277615428e-05
4.483519296627491713e-05
4.386524233268573880e-05
4.289434218662790954e-05
4.201306728646159172e-05
4.113379691261798143e-05
4.025175439892336726e-05
3.945379648939706385e-05
3.865052349283359945e-05
3.784848740906454623e-05
3.712207762873731554e-05
3.650942016975022852e-05
3.565417500794865191e-05
3.499104423099197447e-05
3.432075391174294055e-05
3.364889562362805009e-05
3.304181882413104177e-05
3.242697857785969973e-05
3.180959902238100767e-05
3.125240982626564801e-05
3.066674980800598860e-05
