9.475754499435424805e-01
1.763867400586605072e-02
7.783718872815370560e-03
4.626626148819923401e-03
3.133392892777919769e-03
2.301422180607914925e-03
1.781857223249971867e-03
1.430001109838485718e-03
1.179194194264709949e-03
9.924042969942092896e-04
8.507454767823219299e-04
7.387278601527214050e-04
6.485420744866132736e-04
5.756731261499226093e-04
5.148275522515177727e-04
4.638203536160290241e-04
4.201508418191224337e-04
3.833246883004903793e-04
3.511666145641356707e-04
3.231083101127296686e-04
2.983209560625255108e-04
2.774800814222544432e-04
2.574464597273617983e-04
2.400363882770761847e-04
2.247269003419205546e-04
2.108021435560658574e-04
1.981725654331967235e-04
1.865999220171943307e-04
1.762990432325750589e-04
1.667428587097674608e-04
1.580042735440656543e-04
1.498407364124432206e-04
1.425463706254959106e-04
1.356823486275970936e-04
1.293431560043245554e-04
1.233611255884170532e-04
1.179643295472487807e-04
1.128640942624770105e-04
1.080095171346329153e-04
1.039175258483737707e-04
9.944853809429332614e-05
9.552256233291700482e-05
9.177875472232699394e-05
8.837665518512949347e-05
8.511658234056085348e-05
8.203542529372498393e-05
7.906224345788359642e-05
7.637448288733139634e-05
7.376389112323522568e-05
7.124576222850009799e-05
6.895591650390997529e-05
6.672586459899321198e-05
6.461337034124881029e-05
6.254970503505319357e-05
6.068287621019408107e-05
5.885443169972859323e-05
5.710697223548777401e-05
5.556121323024854064e-05
5.384744872571900487e-05
5.232878174865618348e-05
5.083478754386305809e-05
4.947686466039158404e-05
4.814336716663092375e-05
4.685989915742538869e-05
4.559897570288740098e-05
4.445390004548244178e-05
4.331813033786602318e-05
4.223065843689255416e-05
4.114987677894532681e-05
4.017519313492812216e-05
3.920439121429808438e-05
3.823872248176485300e-05
3.736881262739188969e-05
3.649825157481245697e-05
3.566173472790978849e-05
3.492990799713879824e-05
3.406874020583927631e-05
3.331587504362687469e-05
3.258549259044229984e-05
3.185800596838817000e-05
3.120103428955189884e-05
3.054029366467148066e-05
2.988058986375108361e-05
2.928449066530447453e-05
2.868702176783699542e-05
2.810692240018397570e-05
2.752263389993458986e-05
2.699985634535551071e-05
2.647000655997544527e-05
2.595791011117398739e-05
2.544048402342014015e-05
2.497577406757045537e-05
2.450709143886342645e-05
2.410564957244787365e-05
2.360663893341552466e-05
2.317570397281087935e-05
2.275591577927116305e-05
2.233214399893768132e-05
2.195229717472102493e-05
2.156724622182082385e-05
