9.527503252029418945e-01
1.597792282700538635e-02
7.054368965327739716e-03
4.168041981756687164e-03
2.830841345712542534e-03
2.078429330140352249e-03
1.605924684554338455e-03
1.288456609472632408e-03
1.061072223819792271e-03
8.935579680837690830e-04
7.643082644790410995e-04
6.636443431489169598e-04
5.825328989885747433e-04
5.160439177416265011e-04
4.615018842741847038e-04
4.152505134698003531e-04
3.763968998100608587e-04
3.427052288316190243e-04
3.139484033454209566e-04
2.887074952013790607e-04
2.664223138708621264e-04
2.470130566507577896e-04
2.295148442499339581e-04
2.141524309990927577e-04
2.001330867642536759e-04
1.877307659015059471e-04
1.764116896083578467e-04
1.660235284361988306e-04
1.567590661579743028e-04
1.481138024246320128e-04
1.403603819198906422e-04
1.330727536696940660e-04
1.265169557882472873e-04
1.203033389174379408e-04
1.146958820754662156e-04
1.094242397812195122e-04
1.044611926772631705e-04
9.996000153478235006e-05
9.564622450852766633e-05
9.171772398985922337e-05
8.816755871521309018e-05
8.448288281215354800e-05
8.119747508317232132e-05
7.806054054526612163e-05
7.520124199800193310e-05
7.240974082378670573e-05
6.986271182540804148e-05
6.737172225257381797e-05
6.509434024337679148e-05
6.289684097282588482e-05
6.077803118387237191e-05
5.883478297619149089e-05
5.691972546628676355e-05
5.516629607882350683e-05
5.343068187357857823e-05
5.184103792998939753e-05
5.029480234952643514e-05
4.878600157098844647e-05
4.740537406178191304e-05
4.602834815159440041e-05
4.476668254937976599e-05
4.350479503045789897e-05
4.234988955431617796e-05
4.118906872463412583e-05
4.012681529275141656e-05
3.908254439011216164e-05
3.805641244980506599e-05
3.711663157446309924e-05
3.616897447500377893e-05
3.529938476276583970e-05
3.442046363488771021e-05
3.361598646733909845e-05
3.282009492977522314e-05
3.203325832146219909e-05
3.131427001790143549e-05
3.058080983464606106e-05
2.991093060700222850e-05
2.922751627920661122e-05
2.860294443962629884e-05
2.806357588269747794e-05
2.736290298344101757e-05
2.679827775864396244e-05
2.621976273076143116e-05
2.569180469436105341e-05
2.514910556783434004e-05
2.465412762830965221e-05
2.415962808299809694e-05
2.366467924730386585e-05
2.321415558981243521e-05
2.274869984830729663e-05
2.232486440334469080e-05
2.188611142628360540e-05
2.148727435269393027e-05
2.107276486640330404e-05
2.069623042189050466e-05
2.031744588748551905e-05
1.993693513213656843e-05
1.959131441253703088e-05
1.923146737681236118e-05
1.890425119199790061e-05
