2.196038840338587761e-03
2.364964690059423447e-03
3.040669020265340805e-03
1.815955038182437420e-03
2.280501648783683777e-03
1.942649483680725098e-03
2.196038840338587761e-03
2.280501648783683777e-03
1.815954921767115593e-03
1.520334510132670403e-03
2.280501648783683777e-03
1.984881004318594933e-03
1.689260592684149742e-03
2.196038607507944107e-03
2.238270360976457596e-03
2.069344278424978256e-03
2.069344278424978256e-03
1.942649483680725098e-03
2.280501648783683777e-03
2.618354046717286110e-03
2.449427731335163116e-03
2.449427731335163116e-03
2.238269895315170288e-03
2.196038607507944107e-03
2.449427731335163116e-03
3.040669020265340805e-03
2.364964690059423447e-03
2.491659484803676605e-03
2.829511649906635284e-03
3.927530720829963684e-03
2.956205978989601135e-03
4.307614173740148544e-03
3.716372884809970856e-03
4.011993762105703354e-03
3.885298967361450195e-03
4.349845461547374725e-03
5.405633710324764252e-03
5.278939381241798401e-03
6.334727164357900620e-03
7.770598866045475006e-03
9.037544019520282745e-03
1.051564700901508331e-02
1.279614865779876709e-02
1.545673329383134842e-02
1.807508990168571472e-02
2.432535216212272644e-02
3.327843174338340759e-02
6.216478720307350159e-02
1.248785853385925293e-01
5.721947550773620605e-01
