4.489673883654177189e-04
4.489673883654177189e-04
4.489673883654177189e-04
7.482789806090295315e-04
5.986231844872236252e-04
7.482789806090295315e-04
2.993115922436118126e-04
8.979347767308354378e-04
8.979347767308354378e-04
7.482789806090295315e-04
4.489673883654177189e-04
2.993115922436118126e-04
8.979347767308354378e-04
5.986231844872236252e-04
1.496557961218059063e-03
5.986231844872236252e-04
1.047590514644980431e-03
4.489673883654177189e-04
8.979347767308354378e-04
2.993115922436118126e-04
5.986231844872236252e-04
1.047590514644980431e-03
7.482789806090295315e-04
1.646213699132204056e-03
8.979347767308354378e-04
1.047590514644980431e-03
1.346902106888592243e-03
2.095181029289960861e-03
8.979347185231745243e-04
1.047590514644980431e-03
1.197246368974447250e-03
2.394492737948894501e-03
1.795869553461670876e-03
1.646213699132204056e-03
2.993115689605474472e-03
2.095181029289960861e-03
2.693804446607828140e-03
2.394492737948894501e-03
4.040705971419811249e-03
4.639329388737678528e-03
4.788985010236501694e-03
6.135887466371059418e-03
5.686920136213302612e-03
6.135887466371059418e-03
1.047590561211109161e-02
1.571385748684406281e-02
2.080215513706207275e-02
3.591739013791084290e-02
8.141274750232696533e-02
7.623466253280639648e-01
