5.450713854573552089e+04
1.381540051604025939e+04
2.063604728965103448e+02
9.802435494410416084e+01
1.790735952453934203e+02
9.147290752256297708e+01
1.777839726225551260e+02
1.005590884428913512e+02
2.322899172546412387e+02
1.101969570744487612e+02
2.155418670420528429e+02
9.264715118695076512e+01
1.604373542500417784e+02
8.805128275187162501e+01
2.000035333528153103e+02
8.719418333292910006e+01
1.476285469207576853e+02
8.214321258762308275e+01
1.764190012720855520e+02
9.508407332508132015e+01
1.885544981356334517e+02
8.541464425088072687e+01
1.513047870273808257e+02
7.490199760340507851e+01
1.512289656334654353e+02
8.045229458031064951e+01
1.689102087819218809e+02
1.002484726309811407e+02
2.237561697821257098e+02
1.090876329604570429e+02
2.077128481297211522e+02
9.715960992796327389e+01
1.844577046028558698e+02
1.002098623919569889e+02
2.229128886184727207e+02
1.187413720447301841e+02
2.435161126249611243e+02
1.122615248469183058e+02
2.219790890034446136e+02
1.179368936550489764e+02
2.527442657731440079e+02
1.325217655391426490e+02
2.723951930621854558e+02
1.341459474542347721e+02
2.511737721453371250e+02
1.356207703283622834e+02
2.844282211088440135e+02
1.768950606697657975e+02
4.314954721979877377e+02
