3.262037049856524391e+03
8.015580293235469753e+02
2.483266942396210553e+01
1.047385653114773518e+01
1.771118828883490792e+01
7.256916533856094809e+00
1.134143087268515870e+01
7.145602149994962460e+00
1.804640054184199727e+01
7.257723588827935224e+00
1.103351970463310039e+01
6.662876367901103158e+00
1.593381476113369288e+01
9.073660671838998937e+00
2.056397279456053084e+01
8.943934677641287578e+00
1.543557482193690866e+01
9.407959722305657024e+00
2.278701560747166965e+01
8.214734713512834574e+00
1.131774949638663230e+01
5.577006896528606816e+00
1.136986965212515877e+01
6.734112600217168065e+00
1.594687203475293202e+01
7.169297321625329289e+00
1.375766455642930808e+01
7.138510322703053745e+00
1.598294364468379847e+01
1.147647995513068686e+01
2.896550830203399940e+01
1.321652205235183963e+01
2.470689780181553274e+01
1.139106335234263412e+01
2.010991502949127252e+01
1.163038033894086531e+01
2.724414597474529742e+01
1.223363127799051853e+01
2.249015761973308969e+01
1.176465886841558550e+01
2.449665523734906358e+01
1.135539768937935179e+01
2.061887843955341637e+01
1.359652709481120247e+01
3.433120524669979545e+01
2.115816212162439669e+01
5.059182489990108422e+01
3.827537939820592072e+01
1.068359839937848363e+02
