1.446551801764270673e+00
3.861071136216852606e-01
5.233758589249747767e-02
2.868351698329834124e-02
6.346300650817003619e-02
3.955830256616630486e-02
9.801176425756173705e-02
4.546157547513436648e-02
8.429171316093304889e-02
4.608571567753453474e-02
1.021623995852995181e-01
4.286007852044133176e-02
6.549319609367265649e-02
4.082965164836407229e-02
9.188169626284647951e-02
5.645105615956858003e-02
1.267962961965470314e-01
6.504171818753173850e-02
1.279367266236549339e-01
5.923232564725567501e-02
1.057019496777690110e-01
5.498615574646882609e-02
1.178603478601088772e-01
5.421841968033014325e-02
1.012467502153407833e-01
5.918356046039988105e-02
1.386658558763639582e-01
9.524433712237297123e-02
2.372863741928925574e-01
1.034989582527824914e-01
1.718906339794356031e-01
9.845219889308493011e-02
2.181443331797481011e-01
1.319773699721348559e-01
3.000584635873554951e-01
1.505778288181278124e-01
2.927475615813095455e-01
2.009420358856008615e-01
5.262201267927467674e-01
2.796113475479422572e-01
5.957433154936423447e-01
3.501216442475674762e-01
8.591927334985761666e-01
5.089504639595010538e-01
1.137719746675682764e+00
8.612863918983665323e-01
2.403821613747042285e+00
3.077794492059846831e+01
1.233423402810013982e+02
