4.765102312134917156e+03
1.192622664618352474e+03
6.608296638018530622e+00
2.791534189129261545e+00
4.809669429896800352e+00
2.549509956146392753e+00
5.583676144867609992e+00
1.849482361220100124e+00
1.859854516081105524e+00
9.447762347381011283e-01
1.911275838519716830e+00
4.757833857356886242e-01
1.969785230032540871e-02
4.631379330872360534e-01
1.875843165190469009e+00
9.632983541705528729e-01
1.919891163954013713e+00
7.080995126867583034e-01
9.375100171874799493e-01
1.408965761938574479e+00
4.705852130955942236e+00
1.655454900036881227e+00
1.854443065143788649e+00
6.943064901081125173e-01
9.488955616124388204e-01
4.834082744364507911e-01
9.273283905810604244e-01
1.443072902302376059e+00
4.628032316068552809e+00
2.085536776833618600e+00
3.707175267814024622e+00
1.413419719785936390e+00
1.885445228766312153e+00
1.162672415843194695e+00
2.861694942444374057e+00
9.615516881820598272e-01
9.639749510833084400e-01
7.213920773242860074e-01
1.931633114087188741e+00
1.186358232473933461e+00
2.893882775160606435e+00
2.354999924708573111e+00
6.716185976088331344e+00
2.559245840182911458e+00
3.748183276201375591e+00
2.855980396952057188e+00
7.553669381927003101e+00
3.620765287091647799e+00
6.603573351681279568e+00
