6.116492769555630815e+01
1.470804945086131355e+01
2.405352857074648243e-02
1.190870169321651788e-02
2.365649437006430572e-02
1.112300414909913292e-02
2.144619318692666046e-02
1.052740504976358051e-02
2.114215492360723217e-02
1.019257670965502578e-02
1.990701742173398361e-02
9.578406220173727587e-03
1.854262003658024849e-02
9.283098714927266737e-03
1.827675914610447580e-02
8.913227768586936411e-03
1.699354446211208750e-02
8.347326181425444511e-03
1.601155021383098356e-02
7.822758455689044627e-03
1.581957983864374501e-02
7.640475547091759786e-03
1.496764949518197482e-02
7.405522436440196803e-03
1.459443649708871797e-02
6.877093873796199380e-03
1.397213245910316343e-02
6.560816564436606525e-03
1.318247857692105701e-02
6.361409639991404651e-03
1.271718321160002566e-02
6.122743112948391027e-03
1.197207960043707511e-02
5.994428427878025975e-03
1.182520461507672108e-02
5.752577983728243000e-03
1.136346149578561400e-02
5.462235194023283731e-03
1.091339766167287451e-02
5.259437242438044953e-03
1.048127562789140377e-02
5.310406340380764527e-03
1.027054426536119953e-02
4.910001124004206852e-03
9.801433893863736521e-03
4.982215211897685070e-03
9.540135311896680292e-03
4.617575091154214884e-03
9.321456223258358514e-03
