5.642713918065432877e-01
1.467421294002525800e-01
2.254909738329385557e-02
1.125099404117930503e-02
2.263583887520403959e-02
1.042770210085697952e-02
1.805284942491829428e-02
1.234061912311426937e-02
3.151994824241977078e-02
1.245146767708683530e-02
1.813205294274204682e-02
1.018551102968871629e-02
2.237991672879336910e-02
1.393263319394268639e-02
3.231825958911326013e-02
1.623038070315047099e-02
3.226730520353428278e-02
2.064252443623958155e-02
5.066023945009291707e-02
1.941191064967933907e-02
2.685966262098592877e-02
1.044509981981429046e-02
1.367908899919287845e-02
1.345987512203731563e-02
4.174100433164453644e-02
2.047758645826356153e-02
4.095568621226085282e-02
2.406397762227012113e-02
5.556984443485706027e-02
2.677826088546521321e-02
4.916638351140913132e-02
2.228634559743207164e-02
4.040664325302158189e-02
2.408995779329833539e-02
5.547548216233588042e-02
3.612512309102542535e-02
8.935535287586984787e-02
5.411414922626359841e-02
1.253580008096542575e-01
7.871369887517797037e-02
1.977842233709462272e-01
1.266068080737220158e-01
3.234055083803499819e-01
1.867965914784610604e-01
4.214120771798550713e-01
3.579737595075094259e-01
9.864911159982574507e-01
2.622727037015773277e+01
1.017741795494240336e+02
