4.767611360801239151e+00
1.316867554950457153e+00
2.866843776183999326e-01
1.640996428653811179e-01
3.715886526226833686e-01
2.155056239398592255e-01
4.668647030296799727e-01
2.084981400582522904e-01
3.727904670196301451e-01
2.145652461436067804e-01
4.619640838569374908e-01
2.371013562063476743e-01
4.622461402857839241e-01
2.095944400315243039e-01
3.667257859143949750e-01
4.377632120084606893e-01
1.418070041817946381e+00
4.935025751356014734e-01
5.628761414415544007e-01
3.788798254554672784e-01
9.418395386621707388e-01
4.930195402139257999e-01
1.034613084596097021e+00
5.368865383787450041e-01
1.146307055613748460e+00
4.137747527709157436e-01
5.531545103681135833e-01
2.815807560518762132e-01
5.610379183025870908e-01
5.482618051092972289e-01
1.680696474913485394e+00
6.692517628167664601e-01
1.023615416685272894e+00
5.490302764006106395e-01
1.147093749760120351e+00
6.317827970044967989e-01
1.397146130459044011e+00
7.129577129000955749e-01
1.528387363656434239e+00
1.005867954697029720e+00
2.678100788975100066e+00
1.122583731740517843e+00
1.817153300142160699e+00
8.958414527393292470e-01
1.782446909808430346e+00
1.190365830950238735e+00
2.836880380926252165e+00
2.241199445264987489e+00
6.083428648888946633e+00
