2.838867582763184146e+03
7.993204409374027364e+02
5.290875636026889879e+02
4.238389733508676613e+02
3.185903508105974993e+02
3.214349308657310189e+02
2.673883295680291212e+02
2.133417605587761443e+02
1.848961860265829102e+02
2.304091117357818916e+02
1.450723881392021042e+02
1.763625104380800224e+02
1.450723881392021042e+02
1.365387286949236625e+02
9.671493080754288485e+01
1.024040424851366424e+02
1.024040424851366424e+02
1.080931541627304142e+02
8.533669938024313240e+01
7.680303186385248182e+01
1.109377180736395019e+02
7.680303186385248182e+01
5.973569279501507623e+01
8.818125521904001118e+01
4.551290956497455653e+01
4.266835372617767064e+01
6.258025266986806656e+01
5.973568875895897179e+01
3.129012633493403328e+01
4.835746540377144242e+01
7.111392018625872424e+01
3.697923801252780152e+01
3.982379385132468741e+01
7.680303186385248182e+01
4.551290956497455653e+01
1.991189894369039592e+01
3.982379788738079185e+01
3.982379385132468741e+01
2.844556847810909872e+01
3.982379385132468741e+01
5.404657708136520711e+01
1.991189894369039592e+01
3.697923801252780152e+01
4.551290956497455653e+01
4.266835372617767064e+01
1.991189894369039592e+01
2.560101062128416061e+01
2.844556646008104650e+01
2.844556847810909872e+01
