5.167922319430750804e+02
1.320547561516005999e+02
2.602990869487910829e-03
2.212870279723861078e+00
9.131454406108860056e+00
3.907529589480216003e+00
6.667918718027839198e+00
3.375343040245383897e+00
6.812106075495915292e+00
1.654525272474521191e+00
2.561065585925367209e-03
2.553687168561721236e-03
2.461249901051923601e-03
5.541746219643578497e-01
2.216384755420315322e+00
2.797323949270301924e+00
8.999722165651736105e+00
3.295451762653894168e+00
4.421796514952434087e+00
2.246876498405625533e+00
4.455340860827338823e+00
2.827626041361648745e+00
6.824990767422498550e+00
1.668636678009780328e+00
2.583525415784523709e-03
2.212378097240373265e+00
8.820169963550812398e+00
3.284697882855626805e+00
4.483538626971998120e+00
3.270113247569587323e+00
9.141170721448437675e+00
2.764215121047014279e+00
2.195806294095646205e+00
2.211085381068012001e+00
6.573414227921353437e+00
2.253866362601813389e+00
2.200460421450439963e+00
5.466285355236262244e-01
2.642737909624213229e-03
1.120924687044610790e+00
4.549078100476807940e+00
1.673411601395608628e+00
2.233007979767995810e+00
1.697278240434738628e+00
4.375634615372796077e+00
2.229564980444186606e+00
4.546908702818156733e+00
6.701601736527072362e+00
2.255329477552438533e+01
