3.759643267842755598e+00
4.871438074096015214e+01
1.247725964946846062e+02
1.463379369584939971e+00
5.699787620974049673e+01
1.480642047856662771e+02
5.615609348375838472e-01
1.292569591225410486e+00
6.749562552831810613e+00
1.964562279335418660e-01
3.544709481111142146e+00
9.257275403019026072e+00
4.215700440533067805e-01
6.879272688859723317e-01
8.544714736035645686e+00
2.537408962639271515e-01
3.955053715810651571e+00
9.440653690064394254e+00
5.977607559430224704e-01
1.497047731495008582e+00
9.984495858194017970e+00
3.854906608285571523e-01
4.846112726003646287e+00
1.049417749080369333e+01
4.269227310647470963e-01
1.929984004875292314e+00
1.280626960534262082e+01
4.474555191942840571e-01
5.455443722034157616e+00
1.092411737032551500e+01
6.730923792363854297e-01
2.581548763476443575e+00
1.414434423481185199e+01
5.776187424446300733e-01
5.657508441304960556e+00
1.522454199040519285e+01
8.493328490309138834e-01
3.291582670167329194e+00
1.892800295264633093e+01
6.992512418486336312e-01
6.966312351820036497e+00
1.705825647253478650e+01
1.272895468903552763e+00
4.035018177811719120e+00
2.391507191167042023e+01
8.368628221951268653e-01
8.051016545816329639e+00
2.481731216336259749e+01
9.783710058280692401e-01
6.011032876845610495e+00
2.795370810251218074e+01
1.439684772684732827e+00
1.067888399709307912e+01
3.066600173680216557e+01
1.404025302296168620e+00
8.397802928351378426e+00
3.654813107216862988e+01
1.996689874501913486e+00
1.626604531198373849e+01
4.126960471618259874e+01
1.381253908433682120e+01
6.967786338225236875e+01
8.397187152980853853e+01
2.357017582899971231e+01
6.244132447390845186e+01
1.305363103667271218e+02
