1.099362421348788338e-01
3.117959449874440625e-01
3.799450935423934195e-01
1.292492481947899174e-01
7.195849703548260479e-01
4.608961794891342501e-01
6.999685587121404727e-03
1.611348436423806069e-02
2.873216631718740130e-02
8.616616403821268644e-03
5.672918505863827621e-02
2.594567990529847087e-02
5.352700715573330791e-03
1.450213622734166513e-02
3.629326335695635952e-02
4.699972353602614381e-03
6.091724526382614330e-02
3.423388185419577734e-02
7.823178724642882234e-03
1.933618363330494999e-02
4.687879799566557759e-02
1.096660258062257497e-02
7.881169541417927527e-02
4.144101969359456628e-02
1.070540236680991852e-02
1.732199659013814591e-02
4.498852525693248366e-02
1.057493811226823885e-02
8.718780769055134439e-02
5.513457402713016486e-02
1.358762694464020829e-02
2.900427544995742499e-02
5.973266235478914832e-02
1.409991832745726738e-02
1.149812996220714728e-01
6.810740701540377029e-02
1.729333998167570038e-02
3.464399318027629182e-02
8.884288565365780488e-02
1.409991832745726738e-02
1.473435882019800136e-01
8.972881655395693878e-02
2.305778913733627991e-02
3.867236726660989998e-02
1.001845220860563684e-01
2.545818664308360443e-02
2.170176903193824502e-01
1.171159172617416977e-01
3.664541608197648820e-02
6.848231753383404730e-02
1.674782875654510506e-01
3.916643670223826645e-02
3.514163533285946661e-01
1.816197732658405284e-01
1.045835433198714914e-01
1.305192365295343160e-01
3.451640588727666326e-01
8.538283130155573108e-02
6.830346718988773436e-01
3.783744798814492327e-01
3.682657995005473417e+00
1.218421220423732265e+01
5.235303436998143489e+00
5.097903271053103147e+00
1.495061523284707228e+01
7.093621191052256414e+00
