1.062789102764222005e+00
5.851628517860784084e-01
5.732497070779202231e-01
3.704276352161919306e-01
4.406869273492029504e-01
6.004819695731342666e-01
6.220402288419034642e-01
6.548084989889211283e-01
5.946080715225180446e-01
5.737254510806178986e-01
7.753477754086356422e-01
6.439362838623146068e-01
7.549545754855756519e-01
8.663864752440776362e-01
8.879447345128469449e-01
8.922400124060980708e-01
9.890559282074539160e-01
8.396436332677037484e-01
9.418576557933927562e-01
1.006243097199372993e+00
9.584934103697707597e-01
9.528814956871974884e-01
1.032999473721133432e+00
8.407739097782410687e-01
1.107478278687381801e+00
1.075461412427247021e+00
9.735989094929276000e-01
9.812441293401192866e-01
1.001520392683982630e+00
1.087188386150961472e+00
9.858634791452847157e-01
1.109132711228345780e+00
1.257820860666327256e+00
1.318173007547098985e+00
1.424682402613209886e+00
1.511466854103827862e+00
1.718887264098862611e+00
1.901881321616384790e+00
2.166675142741091964e+00
2.226475875206322730e+00
2.194624073611602277e+00
2.768659920087991999e+00
3.235179609545282720e+00
3.976220767020598679e+00
4.187265406469786733e+00
4.995001396312154007e+00
6.944819427567119341e+00
9.870623180661581841e+00
2.314594132482998035e+01
