8.316132633438637640e+02
2.094546086314769582e+02
2.167536118021619884e-01
1.012216007601048906e-01
2.010109338885285868e-01
9.566486063388882077e-02
1.899789479777808099e-01
9.211151041608429957e-02
1.767381981176198158e-01
8.582683008436199634e-02
1.699406824047896836e-01
8.400535330636095532e-02
1.606897218121091098e-01
8.025397350922641726e-02
1.546315388242855693e-01
7.644786145092101470e-02
1.483105528693735020e-01
7.309596814522323349e-02
1.425061651887377101e-01
6.759081814304675195e-02
1.337040123781529921e-01
6.390431272317678713e-02
1.287922408822532727e-01
6.243223053289449070e-02
1.212315558026794277e-01
5.951935422732081843e-02
1.161913786298592044e-01
5.651054391259335841e-02
1.098843436833947529e-01
5.452407000667081061e-02
1.097474330457385849e-01
5.194334814503806519e-02
1.030472696279205319e-01
5.070656520516633736e-02
9.932015988518901051e-02
4.782149077958879752e-02
9.486252455391686045e-02
4.766829258201843444e-02
9.303784799381865922e-02
4.571561344324394371e-02
8.840263860876071411e-02
4.320897639207408464e-02
8.470151551302293469e-02
4.270246786483337942e-02
8.164257465708980865e-02
4.105861786728853824e-02
8.064902875843241170e-02
3.959247562408379356e-02
7.889668999231529145e-02
