7.321568010763380985e-02
1.977587997091227734e-02
4.485268200541481579e-03
2.388139559426472654e-03
4.949465699961809982e-03
2.089237869119318480e-03
3.243005954950990873e-03
2.015130643675046383e-03
4.906723701384754083e-03
2.384212091701800370e-03
4.836985097473676075e-03
2.037342674268708288e-03
3.258295216324320898e-03
1.777186985319308176e-03
3.786286979414821632e-03
2.073211545989416590e-03
4.829039326207591569e-03
2.397068885763698094e-03
4.761010279342976249e-03
2.350352658568253313e-03
4.783562996514997140e-03
2.591720551707525199e-03
5.787902219437588910e-03
2.850211199452420355e-03
5.803579071088316339e-03
3.116806228779768744e-03
6.577374384938747091e-03
3.772970806317552279e-03
8.289372248242866947e-03
4.167635255115576497e-03
8.357802571857590040e-03
5.157128528162438670e-03
1.240487742662538424e-02
6.970620047828178338e-03
1.602384361809461311e-02
8.318130295742893685e-03
1.621800314420615216e-02
9.459518341708784625e-03
2.033609321721300059e-02
1.262787630682930644e-02
2.910478802694733275e-02
1.858628693476301399e-02
4.470948599943894847e-02
2.809186480354256693e-02
6.547215606242802466e-02
4.785440850082851860e-02
1.280043986364247377e-01
1.050786414188721318e+00
4.074238528939061688e+00
