4.161998077301464946e+04
5.370319986161372071e+03
4.027739989621029054e+03
0.000000000000000000e+00
0.000000000000000000e+00
0.000000000000000000e+00
0.000000000000000000e+00
0.000000000000000000e+00
0.000000000000000000e+00
0.000000000000000000e+00
2.685159993080686036e+03
0.000000000000000000e+00
0.000000000000000000e+00
0.000000000000000000e+00
1.342579996540343018e+03
0.000000000000000000e+00
0.000000000000000000e+00
1.342579996540343018e+03
0.000000000000000000e+00
0.000000000000000000e+00
0.000000000000000000e+00
0.000000000000000000e+00
0.000000000000000000e+00
0.000000000000000000e+00
1.342579996540343018e+03
0.000000000000000000e+00
0.000000000000000000e+00
0.000000000000000000e+00
1.342579996540343018e+03
0.000000000000000000e+00
0.000000000000000000e+00
0.000000000000000000e+00
0.000000000000000000e+00
0.000000000000000000e+00
0.000000000000000000e+00
0.000000000000000000e+00
0.000000000000000000e+00
0.000000000000000000e+00
0.000000000000000000e+00
0.000000000000000000e+00
0.000000000000000000e+00
0.000000000000000000e+00
0.000000000000000000e+00
0.000000000000000000e+00
0.000000000000000000e+00
0.000000000000000000e+00
0.000000000000000000e+00
0.000000000000000000e+00
0.000000000000000000e+00
