1.341801327315774688e+05
3.432949608404682658e+04
5.234186764318897076e+02
2.428100217632667182e+02
4.584686250742429934e+02
2.451921132626195856e+02
4.940771991195161945e+02
2.430362997826210858e+02
4.574355988817806633e+02
2.156444650966357131e+02
4.252726440038260876e+02
2.166491957262629171e+02
4.332172017613133903e+02
2.193681027207705938e+02
4.202345828002517010e+02
2.098196666474788117e+02
3.966310773689073699e+02
1.986100535811874295e+02
3.812787814941491433e+02
1.858451707294861421e+02
3.389372808353118671e+02
1.761484870601911155e+02
3.503580051789237473e+02
1.518098064595132541e+02
2.588975174747936876e+02
1.361371103368482238e+02
2.977890428239835501e+02
1.440871050505176072e+02
2.927117539630547185e+02
1.463021689839090982e+02
2.808993366363150130e+02
1.346033833528151717e+02
2.585445033936136383e+02
1.305552882980460936e+02
2.586657757488750917e+02
1.275473034346523207e+02
2.470998178287802318e+02
1.214560885931473280e+02
2.474787174320692884e+02
1.237024672077276932e+02
2.511978222174315647e+02
1.288461630091927077e+02
2.627114440530487514e+02
1.194468682056211293e+02
2.136312476630713206e+02
9.699054860215913720e+01
1.718043885247549554e+02
6.710530394188532455e+01
9.100742803819592552e+01
