6.013333201408386230e-01
7.741177082061767578e-02
4.980392009019851685e-02
3.552941232919692993e-02
2.752941101789474487e-02
1.882353052496910095e-02
1.725490204989910126e-02
1.396078430116176605e-02
1.137254945933818817e-02
1.192156877368688583e-02
8.392157033085823059e-03
7.372549269348382950e-03
6.588235497474670410e-03
7.607843726873397827e-03
6.196078844368457794e-03
6.117647513747215271e-03
5.568627268075942993e-03
4.784313961863517761e-03
5.490195937454700470e-03
4.862745292484760284e-03
4.313725512474775314e-03
4.000000189989805222e-03
3.529411740601062775e-03
3.764705965295433998e-03
2.901961095631122589e-03
2.980391960591077805e-03
2.823529299348592758e-03
3.294117748737335205e-03
2.823529299348592758e-03
2.274509984999895096e-03
2.588235307484865189e-03
2.274509984999895096e-03
2.666666638106107712e-03
2.745097968727350235e-03
2.509803976863622665e-03
2.274509984999895096e-03
2.196078654378652573e-03
2.196078421548008919e-03
1.647058874368667603e-03
1.803921652026474476e-03
1.411764649674296379e-03
1.411764882504940033e-03
1.725490204989910126e-03
1.725490204989910126e-03
1.176470541395246983e-03
2.196078421548008919e-03
1.098039327189326286e-03
1.725490204989910126e-03
1.647058874368667603e-03
2.352941315621137619e-03
