6.039882544428110123e-03
2.588521223515272141e-03
1.757637830451130867e-03
2.045251196250319481e-03
1.470024231821298599e-03
1.150453812442719936e-03
1.406110124662518501e-03
1.150453812442719936e-03
1.374153187498450279e-03
1.470024348236620426e-03
1.374153187498450279e-03
1.565895508974790573e-03
1.278282143175601959e-03
1.565895508974790573e-03
1.022625598125159740e-03
1.054582651704549789e-03
1.182410982437431812e-03
8.308833348564803600e-04
1.246325089596211910e-03
1.501981401816010475e-03
1.406110357493162155e-03
1.246324973180890083e-03
1.470024231821298599e-03
1.342196133919060230e-03
1.757637830451130867e-03
1.853508874773979187e-03
1.438067294657230377e-03
1.693723723292350769e-03
1.438067294657230377e-03
2.205036580562591553e-03
1.821552054025232792e-03
1.757637830451130867e-03
2.173079410567879677e-03
2.013294259086251259e-03
1.917423098348081112e-03
2.300907857716083527e-03
3.227662295103073120e-03
2.972005866467952728e-03
3.707018215209245682e-03
3.163747955113649368e-03
3.802889026701450348e-03
4.761600866913795471e-03
5.560526624321937561e-03
6.710980553179979324e-03
8.404704742133617401e-03
1.089735422283411026e-02
1.524351350963115692e-02
2.272146195173263550e-02
4.221526160836219788e-02
8.057011365890502930e-01
