6.103316321969032288e-03
3.502645529806613922e-03
3.111087717115879059e-03
3.452671226114034653e-03
2.383086131885647774e-03
2.646248787641525269e-03
2.520055975764989853e-03
2.563540590927004814e-03
2.551930956542491913e-03
2.465794328600168228e-03
2.440758980810642242e-03
2.374913543462753296e-03
2.362821018323302269e-03
2.462365897372364998e-03
2.135803224518895149e-03
2.415784634649753571e-03
1.594754401594400406e-03
2.096561947837471962e-03
1.655066851526498795e-03
1.877340720966458321e-03
2.171589294448494911e-03
1.944545307196676731e-03
2.259023953229188919e-03
1.527576125226914883e-03
2.376202959567308426e-03
1.706365495920181274e-03
1.858382369391620159e-03
2.393854549154639244e-03
2.510559279471635818e-03
2.475703833624720573e-03
2.349063288420438766e-03
2.206042874604463577e-03
2.820776775479316711e-03
2.520512789487838745e-03
2.666979096829891205e-03
2.941401908174157143e-03
3.389861201867461205e-03
3.759434446692466736e-03
4.101518075913190842e-03
4.743732511997222900e-03
4.667558241635560989e-03
4.699065815657377243e-03
5.609259475022554398e-03
7.097594439983367920e-03
8.352510631084442139e-03
1.021050848066806793e-02
1.488606631755828857e-02
1.988450437784194946e-02
3.505447506904602051e-02
7.840988039970397949e-01
