1.813784800469875336e-02
1.330108847469091415e-02
1.571946777403354645e-02
1.571946777403354645e-02
1.209189929068088531e-02
1.390568353235721588e-02
1.269649341702461243e-02
1.330108754336833954e-02
1.299879141151905060e-02
1.269649341702461243e-02
1.058041118085384369e-02
1.209189835935831070e-02
1.209189835935831070e-02
1.299879141151905060e-02
1.178960129618644714e-02
1.269649341702461243e-02
6.952841300517320633e-03
1.058041118085384369e-02
7.255138829350471497e-03
7.255138829350471497e-03
1.148730330169200897e-02
9.371221065521240234e-03
1.118500623852014542e-02
6.650544237345457077e-03
1.088270824402570724e-02
6.045948714017868042e-03
7.255138829350471497e-03
1.088270917534828186e-02
1.148730330169200897e-02
8.766626007854938507e-03
1.027811318635940552e-02
9.371221065521240234e-03
1.269649248570203781e-02
1.058041118085384369e-02
1.239419542253017426e-02
1.330108754336833954e-02
1.269649341702461243e-02
1.541717071086168289e-02
1.632406376302242279e-02
2.085852436721324921e-02
2.025393024086952209e-02
1.813784800469875336e-02
1.904474012553691864e-02
2.448609285056591034e-02
2.811366319656372070e-02
3.174123167991638184e-02
3.990326449275016785e-02
4.443772882223129272e-02
6.408706307411193848e-02
2.370012104511260986e-01
