1.137068378739058971e-03
5.168492789380252361e-04
1.033698572427965701e-04
1.033698572427965701e-04
1.033698572427965701e-04
2.067397144855931401e-04
0.000000000000000000e+00
2.067397144855931401e-04
1.033698572427965701e-04
0.000000000000000000e+00
1.033698572427965701e-04
2.067397144855931401e-04
2.067397144855931401e-04
1.033698572427965701e-04
3.101095790043473244e-04
1.033698572427965701e-04
1.033698572427965701e-04
1.033698572427965701e-04
2.067397144855931401e-04
0.000000000000000000e+00
0.000000000000000000e+00
0.000000000000000000e+00
1.033698572427965701e-04
3.101095790043473244e-04
0.000000000000000000e+00
1.033698572427965701e-04
1.033698572427965701e-04
0.000000000000000000e+00
0.000000000000000000e+00
0.000000000000000000e+00
1.033698572427965701e-04
1.033698572427965701e-04
0.000000000000000000e+00
0.000000000000000000e+00
0.000000000000000000e+00
2.067397144855931401e-04
0.000000000000000000e+00
1.033698572427965701e-04
2.067397144855931401e-04
1.033698572427965701e-04
0.000000000000000000e+00
0.000000000000000000e+00
0.000000000000000000e+00
1.033698572427965701e-04
0.000000000000000000e+00
2.067397144855931401e-04
1.033698572427965701e-04
1.033698572427965701e-04
1.033698572427965701e-04
0.000000000000000000e+00
3.101095790043473244e-04
0.000000000000000000e+00
0.000000000000000000e+00
0.000000000000000000e+00
0.000000000000000000e+00
1.033698572427965701e-04
1.033698572427965701e-04
0.000000000000000000e+00
1.033698572427965701e-04
2.067397144855931401e-04
1.033698572427965701e-04
0.000000000000000000e+00
0.000000000000000000e+00
3.101095790043473244e-04
4.134794289711862803e-04
1.033698572427965701e-04
2.067397144855931401e-04
1.033698572427965701e-04
4.134794289711862803e-04
2.067397144855931401e-04
2.067397144855931401e-04
0.000000000000000000e+00
1.033698572427965701e-04
2.067397144855931401e-04
7.235889788717031479e-04
2.067397144855931401e-04
1.033698572427965701e-04
2.067397144855931401e-04
4.134794289711862803e-04
6.202191580086946487e-04
3.101095790043473244e-04
2.067397144855931401e-04
3.101095790043473244e-04
5.168492789380252361e-04
3.101095790043473244e-04
6.202191580086946487e-04
6.202191580086946487e-04
6.202191580086946487e-04
5.168492789380252361e-04
6.202191580086946487e-04
6.202191580086946487e-04
9.303287370130419731e-04
1.137068378739058971e-03
1.964027294889092445e-03
1.033698557876050472e-03
1.757287536747753620e-03
2.377506811171770096e-03
4.341533873230218887e-03
1.168079394847154617e-02
