6.966967135667800903e-02
2.222222276031970978e-02
1.441441476345062256e-02
1.021021045744419098e-02
8.408408612012863159e-03
8.408408612012863159e-03
8.408408612012863159e-03
5.405405536293983459e-03
6.006006151437759399e-03
4.804804921150207520e-03
4.204204306006431580e-03
8.408408612012863159e-03
6.006006151437759399e-03
5.405405536293983459e-03
4.204204306006431580e-03
5.405405536293983459e-03
3.003003075718879700e-03
4.804804921150207520e-03
3.003003075718879700e-03
3.003003075718879700e-03
3.603603690862655640e-03
4.204204306006431580e-03
2.402402460575103760e-03
5.405405536293983459e-03
4.204204306006431580e-03
3.003003075718879700e-03
3.603603690862655640e-03
3.003003075718879700e-03
3.003003075718879700e-03
2.402402460575103760e-03
3.003003075718879700e-03
1.201201230287551880e-03
3.003003075718879700e-03
1.201201230287551880e-03
4.204204306006431580e-03
6.006006151437759399e-04
2.402402460575103760e-03
1.201201230287551880e-03
3.603603690862655640e-03
3.003003075718879700e-03
6.006006151437759399e-04
3.003003075718879700e-03
2.402402460575103760e-03
1.801801845431327820e-03
3.003003075718879700e-03
2.402402460575103760e-03
2.402402460575103760e-03
2.402402460575103760e-03
3.003003075718879700e-03
2.402402460575103760e-03
4.204204306006431580e-03
3.603603690862655640e-03
1.201201230287551880e-03
6.006006151437759399e-04
2.402402460575103760e-03
2.402402460575103760e-03
4.804804921150207520e-03
6.006006151437759399e-04
3.003003075718879700e-03
1.201201230287551880e-03
1.201201230287551880e-03
3.003003075718879700e-03
1.201201230287551880e-03
2.402402460575103760e-03
3.603603690862655640e-03
3.003003075718879700e-03
3.003003075718879700e-03
5.405405536293983459e-03
1.801801845431327820e-03
2.402402460575103760e-03
4.804804921150207520e-03
5.405405536293983459e-03
1.801801845431327820e-03
4.804804921150207520e-03
3.603603690862655640e-03
4.804804921150207520e-03
1.801801845431327820e-03
3.003003075718879700e-03
3.003003075718879700e-03
3.003003075718879700e-03
1.201201230287551880e-03
4.804804921150207520e-03
3.003003075718879700e-03
5.405405536293983459e-03
7.807807996869087219e-03
3.003003075718879700e-03
1.081081107258796692e-02
5.405405536293983459e-03
8.408408612012863159e-03
4.804804921150207520e-03
5.405405536293983459e-03
7.807807996869087219e-03
1.141141168773174286e-02
1.081081107258796692e-02
1.681681722402572632e-02
1.801801845431327820e-02
3.723723813891410828e-02
6.006006151437759399e-02
8.948948979377746582e-02
