8.045977354049682617e-02
3.333333432674407959e-01
1.034482792019844055e-01
6.896551698446273804e-02
8.045977354049682617e-02
3.448275849223136902e-02
3.448275849223136902e-02
5.747126415371894836e-02
1.149425283074378967e-02
0.000000000000000000e+00
2.298850566148757935e-02
2.298850566148757935e-02
0.000000000000000000e+00
0.000000000000000000e+00
1.149425283074378967e-02
0.000000000000000000e+00
0.000000000000000000e+00
1.149425283074378967e-02
0.000000000000000000e+00
1.149425283074378967e-02
0.000000000000000000e+00
0.000000000000000000e+00
0.000000000000000000e+00
2.298850566148757935e-02
0.000000000000000000e+00
1.149425283074378967e-02
0.000000000000000000e+00
0.000000000000000000e+00
0.000000000000000000e+00
0.000000000000000000e+00
0.000000000000000000e+00
1.149425283074378967e-02
0.000000000000000000e+00
0.000000000000000000e+00
0.000000000000000000e+00
0.000000000000000000e+00
0.000000000000000000e+00
0.000000000000000000e+00
1.149425283074378967e-02
0.000000000000000000e+00
0.000000000000000000e+00
0.000000000000000000e+00
0.000000000000000000e+00
0.000000000000000000e+00
0.000000000000000000e+00
0.000000000000000000e+00
0.000000000000000000e+00
0.000000000000000000e+00
0.000000000000000000e+00
1.149425283074378967e-02
1.149425283074378967e-02
0.000000000000000000e+00
0.000000000000000000e+00
0.000000000000000000e+00
2.298850566148757935e-02
0.000000000000000000e+00
0.000000000000000000e+00
0.000000000000000000e+00
0.000000000000000000e+00
0.000000000000000000e+00
1.149425283074378967e-02
0.000000000000000000e+00
0.000000000000000000e+00
0.000000000000000000e+00
0.000000000000000000e+00
0.000000000000000000e+00
0.000000000000000000e+00
0.000000000000000000e+00
0.000000000000000000e+00
0.000000000000000000e+00
0.000000000000000000e+00
0.000000000000000000e+00
0.000000000000000000e+00
0.000000000000000000e+00
0.000000000000000000e+00
0.000000000000000000e+00
0.000000000000000000e+00
0.000000000000000000e+00
0.000000000000000000e+00
0.000000000000000000e+00
0.000000000000000000e+00
0.000000000000000000e+00
0.000000000000000000e+00
0.000000000000000000e+00
0.000000000000000000e+00
0.000000000000000000e+00
0.000000000000000000e+00
0.000000000000000000e+00
0.000000000000000000e+00
0.000000000000000000e+00
0.000000000000000000e+00
0.000000000000000000e+00
0.000000000000000000e+00
0.000000000000000000e+00
0.000000000000000000e+00
0.000000000000000000e+00
0.000000000000000000e+00
0.000000000000000000e+00
0.000000000000000000e+00
