1.336302887648344040e-02
2.227171557024121284e-03
2.227171557024121284e-03
0.000000000000000000e+00
0.000000000000000000e+00
0.000000000000000000e+00
4.454343114048242569e-03
0.000000000000000000e+00
0.000000000000000000e+00
0.000000000000000000e+00
0.000000000000000000e+00
2.227171557024121284e-03
2.227171557024121284e-03
0.000000000000000000e+00
0.000000000000000000e+00
2.227171557024121284e-03
0.000000000000000000e+00
0.000000000000000000e+00
0.000000000000000000e+00
2.227171557024121284e-03
0.000000000000000000e+00
0.000000000000000000e+00
0.000000000000000000e+00
0.000000000000000000e+00
0.000000000000000000e+00
0.000000000000000000e+00
0.000000000000000000e+00
2.227171557024121284e-03
0.000000000000000000e+00
2.227171557024121284e-03
0.000000000000000000e+00
0.000000000000000000e+00
0.000000000000000000e+00
0.000000000000000000e+00
0.000000000000000000e+00
0.000000000000000000e+00
0.000000000000000000e+00
0.000000000000000000e+00
0.000000000000000000e+00
2.227171557024121284e-03
0.000000000000000000e+00
0.000000000000000000e+00
0.000000000000000000e+00
0.000000000000000000e+00
0.000000000000000000e+00
0.000000000000000000e+00
0.000000000000000000e+00
0.000000000000000000e+00
0.000000000000000000e+00
0.000000000000000000e+00
0.000000000000000000e+00
0.000000000000000000e+00
0.000000000000000000e+00
0.000000000000000000e+00
0.000000000000000000e+00
0.000000000000000000e+00
0.000000000000000000e+00
6.681514438241720200e-03
0.000000000000000000e+00
0.000000000000000000e+00
2.227171557024121284e-03
0.000000000000000000e+00
0.000000000000000000e+00
0.000000000000000000e+00
0.000000000000000000e+00
0.000000000000000000e+00
2.227171557024121284e-03
2.227171557024121284e-03
0.000000000000000000e+00
0.000000000000000000e+00
4.454343114048242569e-03
2.227171557024121284e-03
0.000000000000000000e+00
2.227171557024121284e-03
0.000000000000000000e+00
0.000000000000000000e+00
0.000000000000000000e+00
0.000000000000000000e+00
0.000000000000000000e+00
2.227171557024121284e-03
0.000000000000000000e+00
0.000000000000000000e+00
0.000000000000000000e+00
4.454343114048242569e-03
0.000000000000000000e+00
0.000000000000000000e+00
0.000000000000000000e+00
2.227171557024121284e-03
4.454343114048242569e-03
4.454343114048242569e-03
6.681514438241720200e-03
4.454343114048242569e-03
2.227171557024121284e-03
4.454343114048242569e-03
2.227171557024121284e-03
2.449888549745082855e-02
4.899777099490165710e-02
9.354120492935180664e-02
1.447661519050598145e-01
