7.196868658065795898e-01
1.246897056698799133e-01
4.888295009732246399e-02
2.234103530645370483e-02
1.413022726774215698e-02
8.210808038711547852e-03
7.447011768817901611e-03
6.110368762165307999e-03
5.155623424798250198e-03
3.437082283198833466e-03
3.437082283198833466e-03
1.527592190541327000e-03
3.055184381082653999e-03
2.100439276546239853e-03
1.718541141599416733e-03
1.145694055594503880e-03
2.100439276546239853e-03
1.909490238176658750e-04
1.336643123067915440e-03
1.336643123067915440e-03
9.547451045364141464e-04
7.637960952706634998e-04
1.909490238176658750e-04
9.547451045364141464e-04
5.728470277972519398e-04
5.728470277972519398e-04
3.818980476353317499e-04
7.637960952706634998e-04
1.909490238176658750e-04
9.547451045364141464e-04
3.818980476353317499e-04
3.818980476353317499e-04
3.818980476353317499e-04
9.547451045364141464e-04
0.000000000000000000e+00
0.000000000000000000e+00
7.637960952706634998e-04
1.909490238176658750e-04
1.909490238176658750e-04
0.000000000000000000e+00
3.818980476353317499e-04
0.000000000000000000e+00
0.000000000000000000e+00
5.728470277972519398e-04
0.000000000000000000e+00
7.637960952706634998e-04
3.818980476353317499e-04
1.909490238176658750e-04
3.818980476353317499e-04
1.909490238176658750e-04
5.728470277972519398e-04
0.000000000000000000e+00
0.000000000000000000e+00
3.818980476353317499e-04
1.909490238176658750e-04
1.909490238176658750e-04
1.909490238176658750e-04
0.000000000000000000e+00
5.728470277972519398e-04
1.909490238176658750e-04
3.818980476353317499e-04
1.909490238176658750e-04
0.000000000000000000e+00
3.818980476353317499e-04
1.909490238176658750e-04
5.728470277972519398e-04
3.818980476353317499e-04
3.818980476353317499e-04
0.000000000000000000e+00
1.909490238176658750e-04
3.818980476353317499e-04
3.818980476353317499e-04
3.818980476353317499e-04
1.909490238176658750e-04
1.909490238176658750e-04
3.818980476353317499e-04
0.000000000000000000e+00
0.000000000000000000e+00
0.000000000000000000e+00
0.000000000000000000e+00
1.909490238176658750e-04
1.909490238176658750e-04
1.909490238176658750e-04
1.909490238176658750e-04
1.909490238176658750e-04
0.000000000000000000e+00
0.000000000000000000e+00
0.000000000000000000e+00
0.000000000000000000e+00
1.909490238176658750e-04
1.909490238176658750e-04
0.000000000000000000e+00
0.000000000000000000e+00
0.000000000000000000e+00
1.909490238176658750e-04
0.000000000000000000e+00
0.000000000000000000e+00
3.818980476353317499e-04
1.909490238176658750e-04
