4.716239636763930321e-04
1.572079927427694201e-04
2.358119818381965160e-04
1.572079927427694201e-04
0.000000000000000000e+00
5.502279382199048996e-04
0.000000000000000000e+00
1.572079927427694201e-04
7.860399637138471007e-05
1.572079927427694201e-04
7.860399637138471007e-05
0.000000000000000000e+00
7.860399637138471007e-05
7.860399637138471007e-05
1.572079927427694201e-04
0.000000000000000000e+00
7.860399637138471007e-05
0.000000000000000000e+00
0.000000000000000000e+00
0.000000000000000000e+00
7.860399637138471007e-05
0.000000000000000000e+00
7.860399637138471007e-05
1.572079927427694201e-04
2.358119818381965160e-04
7.860399637138471007e-05
7.860399637138471007e-05
7.860399637138471007e-05
0.000000000000000000e+00
1.572079927427694201e-04
0.000000000000000000e+00
7.860399637138471007e-05
3.930199600290507078e-04
0.000000000000000000e+00
7.860399637138471007e-05
7.860399637138471007e-05
7.860399637138471007e-05
7.860399637138471007e-05
0.000000000000000000e+00
1.572079927427694201e-04
3.144159854855388403e-04
7.860399637138471007e-05
0.000000000000000000e+00
7.860399637138471007e-05
7.860399637138471007e-05
1.572079927427694201e-04
7.860399637138471007e-05
2.358119818381965160e-04
7.860399637138471007e-05
1.572079927427694201e-04
1.572079927427694201e-04
1.572079927427694201e-04
1.572079927427694201e-04
0.000000000000000000e+00
0.000000000000000000e+00
0.000000000000000000e+00
7.860399637138471007e-05
0.000000000000000000e+00
7.860399637138471007e-05
1.572079927427694201e-04
0.000000000000000000e+00
1.572079927427694201e-04
7.860399637138471007e-05
1.572079927427694201e-04
0.000000000000000000e+00
0.000000000000000000e+00
1.572079927427694201e-04
7.860399637138471007e-05
7.860399637138471007e-05
0.000000000000000000e+00
0.000000000000000000e+00
1.572079927427694201e-04
1.572079927427694201e-04
7.860399637138471007e-05
1.572079927427694201e-04
0.000000000000000000e+00
7.860399637138471007e-05
7.860399637138471007e-05
3.144159854855388403e-04
3.144159854855388403e-04
2.358119818381965160e-04
1.572079927427694201e-04
3.930199600290507078e-04
4.716239636763930321e-04
2.358119818381965160e-04
4.716239636763930321e-04
5.502279382199048996e-04
3.144159854855388403e-04
7.074359455145895481e-04
3.930199600290507078e-04
7.074359455145895481e-04
7.860399200581014156e-04
1.100455876439809799e-03
1.179059850983321667e-03
1.650683814659714699e-03
1.886495854705572128e-03
2.043703803792595863e-03
4.952051676809787750e-03
1.053293514996767044e-02
