5.183265311643481255e-04
2.961865975521504879e-04
1.480932987760752439e-04
4.442798963282257318e-04
3.702332614921033382e-04
1.480932987760752439e-04
7.404664938803762197e-05
7.404664938803762197e-05
0.000000000000000000e+00
0.000000000000000000e+00
1.480932987760752439e-04
7.404664938803762197e-05
1.480932987760752439e-04
7.404664938803762197e-05
7.404664938803762197e-05
2.221399481641128659e-04
0.000000000000000000e+00
1.480932987760752439e-04
7.404664938803762197e-05
1.480932987760752439e-04
1.480932987760752439e-04
1.480932987760752439e-04
0.000000000000000000e+00
7.404664938803762197e-05
7.404664938803762197e-05
1.480932987760752439e-04
7.404664938803762197e-05
2.221399481641128659e-04
7.404664938803762197e-05
0.000000000000000000e+00
0.000000000000000000e+00
3.702332614921033382e-04
7.404664938803762197e-05
1.480932987760752439e-04
1.480932987760752439e-04
7.404664938803762197e-05
7.404664938803762197e-05
1.480932987760752439e-04
7.404664938803762197e-05
1.480932987760752439e-04
0.000000000000000000e+00
0.000000000000000000e+00
2.221399481641128659e-04
0.000000000000000000e+00
0.000000000000000000e+00
7.404664938803762197e-05
7.404664938803762197e-05
2.221399481641128659e-04
7.404664938803762197e-05
2.221399481641128659e-04
7.404664938803762197e-05
0.000000000000000000e+00
1.480932987760752439e-04
3.702332614921033382e-04
0.000000000000000000e+00
2.961865975521504879e-04
1.480932987760752439e-04
7.404664938803762197e-05
7.404664938803762197e-05
1.480932987760752439e-04
0.000000000000000000e+00
7.404664938803762197e-05
7.404664938803762197e-05
2.221399481641128659e-04
2.221399481641128659e-04
0.000000000000000000e+00
1.480932987760752439e-04
3.702332614921033382e-04
7.404664938803762197e-05
1.480932987760752439e-04
7.404664938803762197e-05
4.442798963282257318e-04
1.480932987760752439e-04
7.404664938803762197e-05
1.480932987760752439e-04
7.404664938803762197e-05
2.961865975521504879e-04
2.221399481641128659e-04
1.480932987760752439e-04
2.221399481641128659e-04
7.404664938803762197e-05
3.702332614921033382e-04
3.702332614921033382e-04
2.961865975521504879e-04
2.961865975521504879e-04
2.961865975521504879e-04
2.221399481641128659e-04
2.961865975521504879e-04
4.442798963282257318e-04
9.626064565964043140e-04
1.258793054148554802e-03
9.626064565964043140e-04
9.626064565964043140e-04
1.999259460717439651e-03
1.925212913192808628e-03
2.591632772237062454e-03
4.146612249314785004e-03
7.034431677311658859e-03
1.310625672340393066e-02
