1.009637489914894104e-02
6.883891765028238297e-03
8.719596080482006073e-03
7.342817727476358414e-03
4.589261021465063095e-03
3.671408863738179207e-03
2.294630510732531548e-03
5.048187449574470520e-03
5.507113412022590637e-03
4.589261021465063095e-03
5.507113412022590637e-03
5.048187449574470520e-03
5.507113412022590637e-03
1.376778353005647659e-03
4.130335059016942978e-03
1.835704431869089603e-03
5.048187449574470520e-03
1.376778353005647659e-03
3.212482901290059090e-03
2.294630510732531548e-03
4.589261021465063095e-03
5.048187449574470520e-03
2.294630510732531548e-03
3.671408863738179207e-03
5.507113412022590637e-03
4.130335059016942978e-03
2.753556706011295319e-03
1.376778353005647659e-03
2.294630510732531548e-03
1.835704431869089603e-03
1.376778353005647659e-03
1.835704431869089603e-03
9.178522159345448017e-04
1.835704431869089603e-03
2.294630510732531548e-03
1.376778353005647659e-03
4.589261079672724009e-04
2.753556706011295319e-03
9.178522159345448017e-04
1.835704431869089603e-03
3.671408863738179207e-03
2.753556706011295319e-03
1.835704431869089603e-03
1.835704431869089603e-03
2.753556706011295319e-03
2.753556706011295319e-03
3.671408863738179207e-03
3.671408863738179207e-03
3.212482901290059090e-03
2.294630510732531548e-03
2.753556706011295319e-03
1.835704431869089603e-03
4.130335059016942978e-03
2.753556706011295319e-03
2.753556706011295319e-03
3.212482901290059090e-03
2.753556706011295319e-03
3.212482901290059090e-03
2.753556706011295319e-03
2.753556706011295319e-03
3.671408863738179207e-03
2.753556706011295319e-03
4.130335059016942978e-03
3.212482901290059090e-03
1.376778353005647659e-03
4.589261021465063095e-03
4.589261021465063095e-03
3.212482901290059090e-03
4.130335059016942978e-03
4.589261021465063095e-03
5.966039374470710754e-03
2.753556706011295319e-03
3.212482901290059090e-03
2.753556706011295319e-03
3.212482901290059090e-03
4.130335059016942978e-03
6.883891765028238297e-03
5.048187449574470520e-03
9.637448005378246307e-03
5.048187449574470520e-03
6.883891765028238297e-03
7.801743689924478531e-03
6.424965802580118179e-03
7.342817727476358414e-03
8.719596080482006073e-03
1.239100471138954163e-02
1.606241427361965179e-02
1.330885756760835648e-02
1.330885756760835648e-02
1.055530086159706116e-02
1.698026619851589203e-02
1.422670949250459671e-02
2.065167576074600220e-02
2.340523153543472290e-02
2.156952768564224243e-02
2.799449302256107330e-02
4.635153710842132568e-02
5.690683797001838684e-02
9.499770402908325195e-02
