4.605392450170410967e+01
4.884661667201356181e+02
1.088242558158749262e+03
1.121905342247829829e+01
4.629896858849601244e+02
1.393707196026567090e+03
2.208064868753998766e+00
2.092534143570005156e+01
6.934723103425844215e+01
5.904765028373768487e-01
3.520715673182225203e+01
8.879135157164023440e+01
3.785253875895094655e+00
1.873911176218499008e+01
8.334391396786598705e+01
1.476191158519545299e+00
3.551872449051094804e+01
1.154287630342687692e+02
3.785254307155868858e+00
1.967606706163555685e+01
9.225090056736861754e+01
2.066667727072853289e+00
3.177991138624663492e+01
1.097207477187379965e+02
4.416129737507997532e+00
2.529780078273017452e+01
1.167451067872243016e+02
3.247620864179469713e+00
3.645342541561904426e+01
1.138432021149293973e+02
5.362443098666577868e+00
2.904562198053243449e+01
1.485557629198370932e+02
4.723812022699014790e+00
4.860457035543603155e+01
1.455543938744436900e+02
5.677881029473028640e+00
3.279344317833469802e+01
1.657335192269356412e+02
5.019050569839394349e+00
6.137884375975647089e+01
1.515795333561152347e+02
7.255069820983737650e+00
4.122604472217224014e+01
2.128132588188419447e+02
7.971432886878484503e+00
7.384155410730417657e+01
2.289548476398756520e+02
5.677881029473028640e+00
4.591082506820752940e+01
2.506679698815471511e+02
9.742863118265859157e+00
9.253562433054167968e+01
3.621418849825634538e+02
9.778572404913800753e+00
6.621152835467971443e+01
3.454637213874788699e+02
1.978096215503484601e+01
1.423864657207324740e+02
4.293696253589157550e+02
2.176521032547276135e+01
2.448577234336869139e+02
4.027229312498923264e+02
7.528575223886150525e+01
2.414650129837366990e+02
4.347605298219423275e+02
