1.890449281160965356e+01
2.612662501592675213e+01
1.229773833032219521e+01
2.106895376140649034e+01
4.647287879070356098e+01
1.522997666382256199e+01
1.516692781721635574e+00
1.067430229695997213e+00
1.143975589535873860e+00
4.969093140971753697e-01
3.135632159959096388e+00
1.441891188036419802e+00
1.679195724541294510e+00
1.118260170860523317e+00
1.334638205881631956e+00
9.938184938369076793e-01
4.165242749140708689e+00
1.847423211731169301e+00
3.250056539944296663e+00
1.880710387259126648e+00
1.143975698074547909e+00
1.391346025729113922e+00
4.867250102405531464e+00
1.712245917234117343e+00
2.383374564314262756e+00
2.439840472689388307e+00
2.097288671264663673e+00
1.043509384939392381e+00
6.879670888354499247e+00
1.847423211731169301e+00
4.279240879281768883e+00
2.795650610306426920e+00
2.478613903956179865e+00
1.639800749956423109e+00
8.190084810055628495e+00
3.154137245474130324e+00
4.008402448211597857e+00
3.659760892189201087e+00
3.670255228982498785e+00
2.087018904236227712e+00
1.043650755807588659e+01
4.731205587804009127e+00
7.745967237502650704e+00
6.811221640112666620e+00
5.958206625131594159e+00
3.180219180278104574e+00
1.591216276186677270e+01
6.263215299313515061e+00
1.072518534637677590e+01
9.810192564542553839e+00
9.628461419959396750e+00
6.757966564235630358e+00
2.583386355830089798e+01
1.081418468139291278e+01
2.383374332669374596e+01
1.911208278695794860e+01
2.149720795788407557e+01
1.103138669234282787e+01
5.751779817414833218e+01
2.451215089763710253e+01
7.507629850564690059e+02
7.118234777794593811e+02
1.718346774190073347e+02
1.104430736395608392e+03
8.667449066969891192e+02
2.295310757791561969e+02
