8.391442400238778646e+03
2.102980802961258814e+04
1.482298520561701298e+04
7.214933734153446858e+04
1.757424050185331143e+05
1.091911552443169639e+05
2.275645445928488186e+01
6.258025068694188064e+01
3.129012404205149167e+01
2.446318724012619441e+02
4.750409868955232469e+02
4.323726157846334672e+02
2.560101025768148020e+01
7.964758901002952030e+01
5.973569167903960420e+01
1.877407549007679677e+02
4.522845023015889865e+02
3.953933934282146652e+02
2.560101025768148020e+01
4.835746366655857997e+01
5.120202246384947387e+01
2.190308748272873913e+02
5.319321145133116033e+02
4.352172077300378987e+02
3.129012589053072446e+01
7.111391984848570758e+01
6.258024808410298334e+01
2.844556758565986456e+02
4.693518657470396533e+02
3.441913689893867172e+02
3.129012589053072446e+01
4.835746366655857997e+01
3.697923685217824641e+01
3.242794439702838076e+02
4.465954230866290118e+02
3.555695791263914884e+02
2.275645445928488186e+01
5.120202513821679702e+01
3.982379684359597150e+01
3.356576886753734925e+02
4.522845023015889865e+02
3.584141710717959199e+02
1.991189866088828353e+01
5.689113791257933883e+01
7.111392088564745961e+01
3.925488415175190084e+02
4.067716169807677034e+02
3.953933934282146652e+02
3.982379328572051946e+01
7.964758901002952030e+01
5.689113527397623216e+01
3.527250203913565656e+02
3.641032503006646266e+02
3.953933934282146652e+02
2.560101025768148020e+01
6.826936346130442246e+01
8.249214650590096198e+01
4.636627472285493354e+02
3.641032503006646266e+02
2.730774636737492642e+02
3.129012589053072446e+01
2.417873183327928928e+02
8.818125931602772027e+01
9.415483180092865041e+02
3.982379352580423983e+02
2.702328980024469729e+02
