2.099819529710437749e+01
5.156401754952350558e+01
4.196376095706975917e+01
1.950140734771835227e+01
9.142608076822456553e+01
5.580948640326238319e+01
1.333577466164859393e+00
2.650591002554415265e+00
3.196416402902861886e+00
7.733676759700399694e-01
6.148900833917507747e+00
4.300767138130124678e+00
1.966461902913709370e+00
3.318807242141439406e+00
3.736351154464957691e+00
8.987786991576491857e-01
7.391102556927826583e+00
5.004163630613109426e+00
2.373316002029882910e+00
3.875653702760054831e+00
4.362676075129175324e+00
1.045091526170576657e+00
8.902448636723219622e+00
6.089403882650193722e+00
2.531536964499025544e+00
4.677513190264483534e+00
5.464143616875788645e+00
1.191404286438270566e+00
1.078645558803962068e+01
7.355517214562927286e+00
3.797305837996725053e+00
5.858028790290569887e+00
6.759987880959430484e+00
1.295913439055328187e+00
1.351930079713397248e+01
8.601535162651844146e+00
5.469928614986504734e+00
7.595391175498394709e+00
9.762028223321118858e+00
1.588539093081183129e+00
1.840529376815067764e+01
1.157589661265662784e+01
6.735697488484205131e+00
1.062463747916665646e+01
1.574450987672829250e+01
2.550023003479086281e+00
2.505107812821560742e+01
1.583646899437694699e+01
9.561072796410785557e+00
1.583672398566388395e+01
2.442666793512936607e+01
3.929543924816620848e+00
4.113759629239478954e+01
2.958284611110774520e+01
1.794678908912585413e+01
2.942378411602057753e+01
4.723352963018487571e+01
8.507044702651372248e+00
7.989430210732575688e+01
5.942695437171494888e+01
1.373358885402840599e+02
5.615688592661160783e+02
1.926488792472343619e+02
2.453874818014615187e+02
6.492576230229465182e+02
2.722948174782731030e+02
