7.261602183433288928e+02
3.794511046930475004e+03
5.223761262062482274e+03
4.410160459491704387e+03
2.790611623526702897e+04
3.552836746910634247e+04
8.610595510056453961e+00
2.861622158223421142e+00
8.610595654675860189e+00
1.149227424210644521e+01
5.746137678880983657e+01
9.193819861674478489e+01
8.610595510056453961e+00
3.831712011202958124e+00
8.610595654675860189e+00
1.723841079188624903e+01
4.022296110397336832e+01
1.120496854278210606e+02
1.148079426913332490e+01
3.831712011202958124e+00
5.740397103117240718e+00
2.585761733037621113e+01
8.044592220794673665e+01
1.149227525354134229e+02
2.870198567283331226e+00
3.831712011202958124e+00
8.610595654675860189e+00
2.585761733037621113e+01
6.320751314359406337e+01
9.768433283192950967e+01
5.740397134566662452e+00
2.861622158223421142e+00
2.870198551558620359e+00
2.873068617653953183e+01
2.298455038449974452e+01
1.350342308175248149e+02
1.148079350195916604e+01
2.861622158223421142e+00
5.298386537279854203e+00
2.873068617653953183e+01
5.171524043402560977e+01
9.481126572433714728e+01
1.148079426913332490e+01
5.723244316446842284e+00
1.722119254297846780e+01
3.160375502270285253e+01
4.022296110397336832e+01
1.436534406692667858e+02
8.237469801796067914e-01
3.831712011202958124e+00
2.870198551558620359e+00
4.596909696842578086e+01
2.873068839440491828e+01
1.206688867505981477e+02
8.610595510056453961e+00
5.723244316446842284e+00
2.870198551558620359e+00
5.746137235307906366e+01
5.171523712378371584e+01
1.034304755760791039e+02
2.870198605642039169e+01
1.716973339541051402e+01
1.722119130935172038e+01
2.240993562901769565e+02
9.193819491751519024e+01
8.906513150915242250e+01
