1.684199321273782957e+01
4.238889032185201522e+00
5.038353035742130226e-01
2.520826651030158017e-01
5.080284583773609919e-01
3.287818099518397541e-01
7.820998297648288355e-01
3.895261395220575018e-01
7.411154897809952846e-01
4.606350684398778927e-01
1.073548580334106495e+00
4.786301652512106042e-01
7.932349387957743359e-01
3.739114828007799596e-01
7.003353568408926533e-01
4.136805744120136130e-01
9.140535070390131134e-01
5.253482224347278962e-01
1.128094053252508333e+00
5.819677217808351122e-01
1.152342467377370561e+00
6.452081354422262160e-01
1.435133655713189960e+00
7.629348191856436534e-01
1.520082404894278039e+00
7.524411323308362043e-01
1.551136804698871163e+00
8.339168953130702278e-01
1.767747532044156689e+00
1.003290826854933426e+00
2.397587204812549722e+00
1.311190952553437317e+00
2.751520276189838743e+00
1.476905187335196157e+00
3.206642001027434574e+00
1.858611128746616048e+00
4.083411893832243678e+00
2.221382765842936813e+00
5.131480041359802513e+00
3.115904403723416927e+00
7.235508390232273435e+00
4.629113928931047894e+00
1.147937734865225146e+01
7.483965171766883806e+00
1.820707852898356904e+01
1.306348285509574758e+01
3.526399624600825433e+01
4.507748344007139707e+01
1.418502829486014889e+02
