4.299664589600261877e+00
1.112769546912178331e+00
1.426934719263129869e-01
6.439143119143161953e-02
1.076996309983424410e-01
6.394577956449239153e-02
1.420477802320785632e-01
5.405868298498051755e-02
7.419560570458426374e-02
7.197937699458227534e-02
2.203640513677695145e-01
1.665199682090094391e-01
4.326378420544436665e-01
1.652333892328096965e-01
2.176344299240957902e-01
1.514497040079638424e-01
4.056780887911509148e-01
2.348893915838106694e-01
5.346658043053870157e-01
1.962848015470525231e-01
2.550290224503744541e-01
2.130650591877086830e-01
5.715200358008437620e-01
2.773327109781413280e-01
5.367006770389611825e-01
2.786547736680850540e-01
5.498285906217768026e-01
3.480945398518545120e-01
8.195817663569592293e-01
4.245391407462045796e-01
8.601245801580210681e-01
4.814246680476432227e-01
9.990511760497495786e-01
4.770063502393289134e-01
8.784646596167017263e-01
6.284379501997852113e-01
1.569802065563446591e+00
8.506812488827983909e-01
1.908698180297241809e+00
1.184677423138597696e+00
2.757408984012311493e+00
1.878632631479149717e+00
4.605954229325969429e+00
3.021762731821226566e+00
7.452225834969006257e+00
5.921159163386962021e+00
1.607424640817880501e+01
3.664553742311961315e+01
1.317565936576799857e+02
