3.999759519668865323e+03
9.775006374750365694e+02
9.037315765334561490e+00
5.585378639897941255e+00
1.336481456638943932e+01
5.748995449718024453e+00
9.204645519224230910e+00
3.981214037430788277e+00
6.884648687288806634e+00
7.220952085951965138e+00
2.232621387054863504e+01
9.762177384668513369e+00
1.592208289315396641e+01
7.803811909188748785e+00
1.603883348211847704e+01
8.444626613102551360e+00
1.780296571837507003e+01
6.761398765991170734e+00
8.887302084578449168e+00
5.201345990516951900e+00
1.140776675151846042e+01
6.313831933047738154e+00
1.333486669681423997e+01
4.446302719778221224e+00
4.612191883079800547e+00
2.220542463115219078e+00
4.569056398924635332e+00
3.464425660696479614e+00
9.202967783761053511e+00
3.877852780534825516e+00
6.728462962492443467e+00
3.339398363549874293e+00
6.662074325996548474e+00
2.813085402979666583e+00
4.422526564491695567e+00
2.875553137617186561e+00
6.859309072693174691e+00
2.228677828676408179e+00
2.224154913962583358e+00
5.725128629607977304e-01
1.596095355350286155e-02
3.345770784572598799e+00
1.358670846454005243e+01
4.049045105195704153e+00
2.232438453513546417e+00
1.121786953552528443e+00
2.284033260523161246e+00
3.984688462827724820e+00
1.364993862156003779e+01
