1.101679595858671200e+04
2.847290629493630149e+03
7.682834488254931671e+01
2.846416077187967986e+01
3.523543248280693518e+01
2.079591433213244045e+01
4.751852506684306121e+01
2.107533952400721233e+01
3.627198324952760800e+01
2.195863886184734071e+01
5.078061404686669533e+01
2.520694397910696338e+01
4.819981952348197041e+01
2.292865024061631729e+01
4.286039045038543804e+01
2.113130881608413603e+01
4.001543528484411638e+01
1.851883306673643048e+01
3.304298375671131538e+01
1.751528551554471491e+01
3.512891324886433608e+01
1.550980798510553704e+01
2.622798981533178164e+01
1.876649432858481248e+01
4.953752115575249348e+01
1.916590907859777815e+01
2.855515767432940422e+01
1.732385263581157631e+01
4.006773756154363042e+01
1.615464677773487168e+01
2.488321579068932721e+01
1.821484195704348963e+01
4.692199840473695360e+01
2.158327846650707116e+01
4.057830992326880448e+01
2.226319102990676768e+01
4.999794937674068507e+01
1.984696556688358982e+01
2.943318278137095234e+01
1.533587397566060595e+01
3.064367238834856622e+01
2.189059745593969453e+01
5.672132449908814067e+01
2.536477262225751517e+01
4.401655573493349038e+01
2.751453787834677556e+01
6.543318050110953266e+01
3.326254278083580829e+01
7.049557423574931647e+01
