3.545749869279222912e+05
8.810607671777617361e+04
1.167280064201865798e+03
5.583734564337859183e+02
1.115572652902642858e+03
5.020225223896073885e+02
9.259407980557455176e+02
4.850673048035653778e+02
1.039231456917184232e+03
5.001974920748826889e+02
9.258327134949182664e+02
4.240023185085007071e+02
7.536445462826781068e+02
3.810500325622789433e+02
7.892990060610154615e+02
4.365740836579507231e+02
9.480439895258685965e+02
4.627259365675211029e+02
9.379350121990362368e+02
4.264547249076483126e+02
7.641858282939551827e+02
3.563638061997364161e+02
6.929713037918302234e+02
3.107484467155964012e+02
5.722613395162626375e+02
3.245640480050259953e+02
7.032983658544480932e+02
3.384620007608872925e+02
6.920308606508654066e+02
3.607122961042492193e+02
7.752539305697412146e+02
3.226856337040842391e+02
5.488578830065384864e+02
2.489256023344970004e+02
4.405931908384784492e+02
2.680451731459817779e+02
6.459923178317536667e+02
3.041936489649314694e+02
5.750712731085036467e+02
2.832507707845136338e+02
5.690825791140285901e+02
2.506017592804994081e+02
4.321621644072793629e+02
2.211551309691732286e+02
4.389619588802408998e+02
1.821820470989414389e+02
3.006944063312571416e+02
1.338028293185170980e+02
2.265334044734745760e+02
