3.843375916230527878e+02
9.844287003963280824e+01
1.892340808269061725e+01
7.776937703179693351e+00
1.262598828027554454e+01
7.552617693980379521e+00
1.709805876312482553e+01
8.908748985322988645e+00
1.859156589706780593e+01
1.111521734664067473e+01
2.615486517772222896e+01
1.169849247845312767e+01
2.162250819227995891e+01
1.246109924169834748e+01
2.981481348965648337e+01
1.300040450580639373e+01
2.394886840199609424e+01
1.247304883254144769e+01
2.524206030417855118e+01
1.319707238034129126e+01
2.719384353913443420e+01
1.682231475448206126e+01
3.939267845789996159e+01
1.791829980188495597e+01
3.547110719050184002e+01
2.096930388065579010e+01
4.872487857178434467e+01
2.332868807937467892e+01
4.466497755675644044e+01
2.290317654558286975e+01
4.911939429123586365e+01
2.705252245519007204e+01
5.925774302274880512e+01
3.152066466779075427e+01
6.409559471992983504e+01
3.682979561139453040e+01
8.112283270363450072e+01
4.622553620817991060e+01
1.050146107441287029e+02
5.423143318190080464e+01
1.147081976073754959e+02
6.551067855209285540e+01
1.486457551922054279e+02
8.047303854477242169e+01
1.792462586830835676e+02
1.022783026933036297e+02
2.422760970995935850e+02
1.300788656184447234e+02
2.858240466052949387e+02
