4.826696382423804607e+03
1.174237395608997758e+03
9.268636436905941522e-01
9.136522180564786710e-01
2.803644303347073929e+00
6.941108244467175670e-01
1.876086962373796699e-02
6.849491310791896437e-01
2.781649190473706401e+00
6.834938352349054780e-01
1.942251504927942907e-02
4.712603486653491602e-01
1.853367983698367194e+00
1.398160887267346331e+00
3.633098906502910896e+00
1.410320888455504740e+00
1.808283582363621189e+00
6.927492397141382652e-01
9.194716487373202352e-01
6.749889509606152860e-01
1.856675019809320482e+00
9.162886915228977136e-01
1.826169098828220427e+00
1.142349190142153192e+00
2.770063015443871901e+00
1.618512018712350287e+00
3.757632327355275859e+00
9.302165649785922863e-01
1.887888188865561104e-02
4.509736306344658274e-01
1.885143751496773268e+00
4.582096579613236798e-01
1.952922816512199164e-02
2.348885872915659756e-01
9.315106088543975149e-01
1.616405424148276815e+00
5.566264416910597035e+00
1.374601088841135077e+00
1.854087721303648503e-02
9.023118493843641508e-01
3.708928154921375064e+00
1.411573022487265794e+00
1.866603938766798088e+00
1.179527076495698212e+00
2.774468226113687486e+00
9.352038207372775913e-01
9.312943568648580639e-01
1.417292603503134574e+00
4.691331734377834906e+00
