8.537839704055739942e-02
5.336149846685467324e-02
4.268919978630389411e-02
4.802534912657928368e-02
8.004225023233239866e-02
6.403380221150622997e-02
6.936994648768084193e-02
5.336149846685467324e-02
5.336149846685467324e-02
6.403380221150622997e-02
5.869764780713005586e-02
5.336149846685467324e-02
7.470610089205700910e-02
8.537839957260778823e-02
8.537839957260778823e-02
8.004224516823160718e-02
1.013868425293331654e-01
9.071454384878238630e-02
6.936994648768084193e-02
1.013868425293331654e-01
6.936994648768084193e-02
6.936994648768084193e-02
1.120591513380855136e-01
9.071455397698395540e-02
1.067229969337093465e-01
1.387399031035632391e-01
1.440760473797378372e-01
1.067229969337093465e-01
1.387398929753616839e-01
1.387399031035632391e-01
1.067229969337093465e-01
1.440760575079394201e-01
1.280676044230124599e-01
1.760929636777933127e-01
1.867652522301425089e-01
2.241183026761710273e-01
1.814291079539679108e-01
1.814291079539679108e-01
2.561352088460249199e-01
2.668074973983741160e-01
2.828159504833011040e-01
3.041605478444026622e-01
3.148328566531549688e-01
3.681943196713041710e-01
5.229427062443990915e-01
5.602957566904275266e-01
7.577332974729192872e-01
1.067229989593496464e+00
2.315889127653767421e+00
