7.201686061073789280e-02
6.009003921946273752e-02
3.826975246606882652e-02
4.879047712540418580e-02
7.070025551360251126e-02
5.434028143573201020e-02
6.501258579634754120e-02
5.377510864121756717e-02
4.843895020581546335e-02
5.924911684581096044e-02
5.432657652402050896e-02
5.432657026892615676e-02
6.458527528121307815e-02
8.629510645110284595e-02
8.031798849809337892e-02
7.553330420058855521e-02
9.196906500155196951e-02
8.614353300491701948e-02
7.076233732498392326e-02
9.134180414056176922e-02
7.034873172156096144e-02
6.972147086057076115e-02
1.022140588470330236e-01
9.106606707161313263e-02
1.075502047722464438e-01
1.347824210463995087e-01
1.347961322132053552e-01
9.687791292181961722e-02
1.351339448384410724e-01
1.403943165507502699e-01
1.025792938058804338e-01
1.347203454901124420e-01
1.237102285042612215e-01
1.666751705054832777e-01
1.664615089928217218e-01
2.204639778033180009e-01
1.616284603058356639e-01
1.622282988332141573e-01
2.477582821439468230e-01
2.641803317781044047e-01
2.701300273975021371e-01
2.711845862634381099e-01
3.213674567728441733e-01
3.431256523322151475e-01
5.209141488802543352e-01
5.396178817890938673e-01
7.201899453617394142e-01
1.044016880210948850e+00
5.242590130429184647e+00
