7.320425196323897410e+01
7.433283655834900250e-01
4.420507067906023768e-01
3.004844669679388458e-01
2.219560658402097986e-01
1.721947084861851773e-01
1.385583353836764842e-01
1.145752853959333822e-01
9.655967057866483849e-02
8.314505933233709567e-02
7.240502001136193966e-02
6.377962372711068473e-02
5.672688438059398514e-02
5.076825049421814645e-02
4.597143502960263778e-02
4.178956426207623004e-02
3.819955872532750096e-02
3.508934436194938167e-02
3.237741701174224468e-02
2.992622492337254289e-02
2.788826957859212932e-02
2.601095656980444495e-02
2.433429971881704429e-02
2.282718544121628904e-02
2.141921347072546847e-02
2.023749209461304932e-02
1.911790115770226756e-02
1.809571028280507893e-02
1.716007407758432177e-02
1.626369787019197460e-02
1.551210256385649952e-02
1.478206573385680567e-02
1.410657551804140632e-02
1.347969416278104599e-02
1.286852247700941317e-02
1.235684277038523980e-02
1.185076448737012664e-02
1.137766433569052660e-02
1.083972865079562212e-02
1.049844485074982389e-02
1.013279018829855299e-02
9.765215943103920312e-03
9.418617572821660552e-03
9.092153696483893516e-03
8.763257681570340088e-03
8.492158173895718656e-03
8.215404986377497845e-03
7.953480895204220399e-03
7.704664780140314286e-03
