2.295581889530530589e+03
2.815607438931170350e+02
2.068609425007890366e+02
1.149227458337716854e+02
7.182671614610730160e+01
1.321611577088374361e+02
1.005574109047384326e+02
6.320751435866853285e+01
6.320751020857442626e+01
4.309602968766438380e+01
4.596909833350867558e+01
5.171523562519725914e+01
2.873068645844292135e+01
3.160375510428721313e+01
6.608058300451281752e+01
4.309602968766438380e+01
4.596909833350867558e+01
2.011148052091004601e+01
2.873068645844292135e+01
4.309602968766438380e+01
3.160375510428721313e+01
4.022296104182009202e+01
2.873068645844292135e+01
1.723841187506575423e+01
4.884216697935296736e+01
3.160375510428721313e+01
2.298454916675433779e+01
2.873068645844292135e+01
1.149227458337716890e+01
2.585761781259862957e+01
3.160375510428721313e+01
1.723841187506575423e+01
5.746137291688584448e+00
2.298454916675433779e+01
3.160375510428721313e+01
1.149227458337716890e+01
2.298454916675433779e+01
2.011148052091004601e+01
2.873068645844292135e+01
8.619206456294639551e+00
1.436534322922146067e+01
2.873068645844292224e+00
2.298454916675433779e+01
2.298454916675433779e+01
2.585761988764568287e+01
2.011148052091004601e+01
4.022296104182009202e+01
1.149227458337716890e+01
2.873068645844292135e+01
