3.031526765104897180e-04
1.515763412313207335e-04
2.273645058948293649e-04
7.578817061566036674e-05
2.273645058948293649e-04
1.515763412313207335e-04
1.515763412313207335e-04
0.000000000000000000e+00
0.000000000000000000e+00
0.000000000000000000e+00
0.000000000000000000e+00
0.000000000000000000e+00
0.000000000000000000e+00
2.273645058948293649e-04
0.000000000000000000e+00
0.000000000000000000e+00
1.515763412313207335e-04
7.578817061566036674e-05
1.515763412313207335e-04
7.578817061566036674e-05
1.515763412313207335e-04
7.578817061566036674e-05
0.000000000000000000e+00
7.578817061566036674e-05
0.000000000000000000e+00
0.000000000000000000e+00
1.515763412313207335e-04
0.000000000000000000e+00
7.578817061566036674e-05
0.000000000000000000e+00
2.273645058948293649e-04
7.578817061566036674e-05
1.515763412313207335e-04
1.515763412313207335e-04
7.578817061566036674e-05
3.031526824626414669e-04
3.031526824626414669e-04
7.578817061566036674e-05
2.273645058948293649e-04
2.273645058948293649e-04
1.515763412313207335e-04
3.789408590304535690e-04
6.063053649252829339e-04
6.063053649252829339e-04
1.061034376714941772e-03
1.136822600899967594e-03
2.955738552824174747e-03
5.153595435204656565e-03
1.619744805420816336e+00
