2.343750390108237294e-03
1.240809024727788446e-03
6.893383873384301619e-04
6.893383873384301619e-04
1.102941274778716568e-03
8.272060466857697600e-04
8.272060466857697600e-04
4.136030233428848800e-04
4.136030233428848800e-04
5.514706826902244239e-04
9.650737060331092496e-04
9.650737060331092496e-04
5.514706826902244239e-04
6.893383420375640220e-04
2.757353413451122119e-04
8.272060466857697600e-04
1.102941274778716568e-03
6.893383873384301619e-04
1.240809024727788446e-03
5.514706826902244239e-04
8.272060466857697600e-04
2.757353413451122119e-04
8.272059560840374802e-04
2.757353413451122119e-04
8.272060466857697600e-04
1.378676774676860324e-03
1.240809024727788446e-03
8.272060466857697600e-04
1.654411912168074960e-03
1.654412093371539520e-03
9.650737060331092496e-04
1.240809024727788446e-03
8.272060466857697600e-04
1.102941365380448848e-03
9.650737060331092496e-04
1.378676774676860324e-03
1.240809024727788446e-03
2.068014980811825818e-03
2.068014980811825818e-03
2.481618049455576892e-03
3.170956255590542602e-03
3.998162392878044750e-03
5.928309804944262816e-03
6.341912511181085205e-03
7.582721354705408874e-03
1.020220733531352307e-02
1.819853212106961257e-02
3.033088541882163550e-02
1.429687704080977007e+00
