8.368685943838290768e+03
2.118341409040365761e+04
1.507046164608346044e+04
7.402674477032740833e+04
1.776823927392484620e+05
1.108751330359138374e+05
1.706734147431097171e+01
4.835746474743214662e+01
3.129012454291585144e+01
1.479169511699145119e+02
3.185903555221995589e+02
2.503209860723789291e+02
2.560101120245240836e+01
3.697923894438388714e+01
3.697923744410883984e+01
1.479169511699145119e+02
3.328131160376693174e+02
2.275645136846341927e+02
8.533670737155485853e+00
4.266835184590802044e+01
1.706734049675617371e+01
1.991189638933182096e+02
2.844556715781408798e+02
1.877407264172333612e+02
1.137822764954064780e+01
5.973569055048039900e+01
5.120202328344572607e+01
1.706734051960551994e+02
3.271240369915948349e+02
2.104971988049781260e+02
2.275645529908129561e+01
4.551290829667008353e+01
3.982379748105974215e+01
2.048080862352662450e+02
2.787665505985440291e+02
1.735179508804691579e+02
1.706734147431097171e+01
4.266835184590802044e+01
3.982379389470533226e+01
1.678288440250811675e+02
2.104971827104266424e+02
1.991189626111057578e+02
1.137822764954064780e+01
5.404657764895627281e+01
2.275645339794916211e+01
1.763625275380032349e+02
2.161863036900234931e+02
1.991189626111057578e+02
3.697923885199305261e+01
7.395847788876777429e+01
3.982379389470533226e+01
2.190308744193106065e+02
1.991189617179941536e+02
1.564506097267114342e+02
3.413468294862194341e+01
7.964759079029191469e+01
1.422278314957107526e+01
1.735179663670292030e+02
1.706733987535322967e+02
1.877407264172333612e+02
1.137822684232940844e+02
1.706734073836320817e+02
3.982379389470533226e+01
2.616992389714436626e+02
8.249214937034831507e+01
1.792070558403545135e+02
