3.463735762019384823e-01
1.546248022142554390e+01
4.837623237619363437e+01
1.045242308915810048e+00
1.837258263235960598e+01
4.802399184910623831e+01
1.194391642075649969e-02
4.441861544330431011e-01
3.300966258199641512e+00
1.068997859386477262e-01
9.754338193058373907e-01
3.230818950019787028e+00
1.194391642075649969e-02
4.561911758143857853e-01
3.579208689467577642e+00
8.314427490408059229e-02
1.136093520496901599e+00
3.481269824838792548e+00
2.388783284151299938e-02
5.402264163146254239e-01
3.427440296733713865e+00
9.502203042136415923e-02
1.239374708507211320e+00
3.593972796885422039e+00
5.828631539029340176e-03
4.922062399584139492e-01
3.794214101468477818e+00
1.900440608427283185e-01
2.088575889292087595e+00
4.983976014289749124e+00
2.388783284151299938e-02
8.403522233407153541e-01
4.021866816543446355e+00
2.019218026431075508e-01
2.077100277132635675e+00
5.209381958383007216e+00
3.583174926226950080e-02
1.188498025061335284e+00
4.983068148881326209e+00
2.613105939464296923e-01
2.329565554174557906e+00
6.386502167325410539e+00
3.583175197643756471e-02
1.536644008443636800e+00
6.273101124783417859e+00
3.325770996163223692e-01
2.788593207237099580e+00
7.839118181812565922e+00
5.971957938961443280e-02
1.932809986520468204e+00
8.271387104006899804e+00
4.038436052862151016e-01
3.580415874841221147e+00
1.023092552551753087e+01
7.524667480784998919e-01
2.857197268699741777e+00
1.379829281235002902e+01
5.938876386951347230e-01
5.841126851292075983e+00
1.476408965162076115e+01
4.526744565027671641e+00
2.301364587998808986e+01
3.543796190470516194e+01
4.050313465456826023e+00
2.028902163202743125e+01
6.057159118020072697e+01
