6.347757686428436500e+03
1.609871750106928266e+04
1.127498461082864560e+04
5.498650332603874267e+04
1.330154467715368664e+05
8.337235176107331063e+04
1.566138755864957147e+03
4.158402150785836056e+03
2.758344294765478935e+03
1.401877909334624019e+04
3.394914809072545904e+04
2.100431512593234584e+04
1.601335982175293537e+01
6.882815853281444163e+01
5.543800318322725929e+01
2.015095294529117780e+02
6.031469474218338291e+02
2.523523209180470985e+02
6.893867716133858181e+00
3.787974495503656414e+01
2.241618764349405168e+01
8.804904636264090811e+01
2.952076179093744486e+02
1.348249454350685141e+02
1.128501906543504063e+01
8.738396081231377366e+01
3.326547268691000170e+01
1.528074859337853866e+02
6.006150131363323226e+02
2.855507270125727928e+02
6.187052077460250210e+00
3.729295091723307820e+01
2.069064272781131208e+01
8.114307237499444625e+01
2.959854808520647680e+02
1.477106508824020352e+02
1.371631566228469268e+01
6.419204687954403710e+01
4.805155683222307772e+01
1.737067794045424876e+02
5.729916528332038297e+02
3.181260685826961208e+02
7.361783908644080832e+00
3.341781423221777914e+01
2.055577621808197364e+01
7.307348298001460307e+01
2.826632122598571186e+02
1.391971912442669179e+02
1.599800463006247320e+01
7.121338518654476957e+01
3.291305469474590240e+01
1.147691681971680993e+02
5.220815316936100317e+02
2.414925301010113685e+02
7.180264764301611535e+00
3.297538442327223862e+01
1.816867969841466746e+01
6.321932440829613142e+01
2.312148601535300259e+02
1.185218924977123436e+02
1.350396291749115285e+01
5.985789443649115782e+01
3.709166082055660496e+01
1.364958984280749803e+02
4.162935194623771054e+02
2.408323807413881070e+02
6.209528993813107078e+00
2.874636617078209611e+01
1.794080819152611994e+01
6.510857715458509176e+01
2.194151289098338111e+02
1.192791890657050971e+02
1.126606497637785154e+01
5.409166655242947286e+01
3.611876548139630927e+01
1.196263054620986850e+02
4.712438443276207636e+02
2.312483324117542054e+02
6.108584656907905419e+00
2.719883202472997752e+01
1.798118648405541364e+01
7.653897186198283009e+01
2.216079709765705559e+02
1.274478692737493333e+02
1.388055023982850322e+01
5.524866507722067865e+01
3.485049911277334900e+01
1.794664872732896583e+02
4.011710612042721777e+02
2.868014095416442615e+02
5.021986569563344105e+00
2.623200730299847194e+01
2.013900640221418570e+01
8.642872033725788583e+01
1.992097588886699953e+02
1.378758444285090263e+02
6.862646630330521802e+00
4.901179293203998100e+01
4.575791225206587143e+01
1.618639963721094546e+02
4.126866764068252564e+02
2.673039128605185510e+02
2.860510020289983135e+00
2.338195308446971055e+01
2.166770863806990022e+01
8.440489433188828627e+01
1.903470664047631828e+02
1.432259456497033057e+02
4.433130441285562107e+00
4.214568471485742407e+01
4.135632137857599844e+01
1.837912375930187352e+02
3.339574843075196213e+02
2.946013683424165492e+02
4.581889358743991281e+00
2.039084353240262359e+01
1.852545671493047053e+01
7.841926099874467582e+01
1.801565300549620474e+02
1.337508762719911033e+02
1.387464144101248209e+01
3.892426247187356125e+01
3.343622239132110963e+01
1.374937858180851435e+02
3.903070045003514679e+02
2.528882642684630184e+02
9.422806445253153029e+00
2.411526658675255774e+01
1.421531525434159704e+01
6.788110321950310322e+01
1.972046533528780117e+02
1.313826828250038830e+02
2.532984326010517862e+01
5.880164305098539046e+01
2.486634203395253451e+01
1.384939650365105592e+02
3.939894032522594216e+02
2.836258112597129184e+02
1.067330230116219525e+01
2.614734717655414187e+01
1.374145406484396403e+01
6.870670920284000260e+01
1.860085994629593529e+02
1.272201303846138671e+02
1.803926617861964843e+01
4.420949802279328367e+01
3.114381087919002766e+01
1.393479083163573193e+02
3.674210233418000939e+02
2.347773994143539369e+02
1.233275255963298633e+01
1.874658508820168734e+01
1.843431501423967944e+01
7.822341688634288914e+01
1.808045431571001131e+02
1.192645074206578926e+02
3.203284686808403592e+01
3.209495469108801302e+01
4.471067782952317060e+01
1.770782808886203270e+02
3.619159229040035939e+02
2.348262155049521596e+02
1.216380547244596855e+01
1.969710376035547483e+01
1.798225919933198824e+01
7.534498113833134880e+01
1.890842947995849954e+02
1.141004605754212520e+02
1.772732677561429426e+01
4.693519035054330857e+01
2.663632561639829177e+01
1.224152188870736353e+02
3.661243278098820042e+02
2.206194820980827558e+02
1.100459125609082278e+01
2.118655062406043399e+01
1.854249153929520588e+01
7.553439740520137491e+01
1.877928357613142794e+02
1.118630369805683671e+02
2.491682176316745156e+01
3.899223283046251254e+01
4.889337976524221574e+01
1.728231244302200196e+02
3.814364749093300020e+02
2.265849255971005505e+02
1.013770916036725822e+01
1.728921201571155919e+01
1.693638438586360095e+01
8.793078873922419803e+01
1.721138604639132836e+02
1.138621454093496226e+02
1.613438240665101731e+01
3.127125648614637754e+01
1.778231620686512926e+01
1.697043883902056507e+02
3.286417741600698719e+02
2.207353068957218625e+02
6.213981743675482505e+00
1.435045629780497300e+01
1.217983906319237875e+01
9.147940534144987623e+01
1.645796374248842255e+02
1.108685130354860888e+02
9.082162135992341234e+00
2.453094805381742560e+01
3.050626530274195147e+01
1.920922872375081170e+02
3.304730042085781179e+02
2.086330540522869796e+02
6.103187867716360238e+00
1.026386457925359075e+01
1.944414441683499817e+01
9.343525599762620004e+01
1.668028797036774904e+02
1.094675855078760378e+02
1.584542227553145288e+01
1.563519304160738521e+01
4.764707975717603716e+01
1.799577736508043984e+02
3.298895364871849551e+02
2.109642023058643474e+02
9.664360541046292497e+00
7.847644485300613759e+00
2.013481859162556731e+01
8.577945680512692661e+01
1.488467196715878629e+02
1.063316320870693090e+02
2.269055362179569713e+01
1.572585579219456875e+01
3.404597907995020023e+01
1.599773987177451602e+02
2.589977456871311574e+02
1.973036168792967828e+02
9.259279318319363128e+00
9.565128728410783765e+00
1.572365910287060764e+01
9.601641182924687712e+01
1.239354237715774758e+02
1.006507453824944207e+02
1.351633791459624057e+01
2.289476216142486464e+01
2.908934073057552183e+01
2.252716823257961778e+02
2.490701992676465579e+02
2.090793582232882386e+02
8.013039653189292011e+00
8.896818778458511545e+00
1.301916985754463418e+01
1.102391202396576233e+02
1.171706447511165550e+02
1.045291543750788605e+02
1.792405249737704409e+01
1.319533039104956984e+01
2.235618863054764205e+01
2.196165652720137587e+02
2.315714845866440044e+02
2.219362733969161354e+02
1.436798998365181390e+01
7.678600718223804300e+00
2.154894743165507975e+01
1.250869293483716831e+02
1.193054802045592879e+02
1.017833232539501864e+02
4.129425217809902904e+01
1.767909031005829590e+01
6.399095510799809716e+01
2.624978779655829157e+02
2.396180813946653529e+02
1.773235990598624312e+02
2.313859260591515721e+01
1.438723099431564201e+01
3.046282552237991581e+01
1.484606707834698227e+02
1.058763490026890253e+02
9.708809665534481326e+01
4.932693824125927762e+01
3.774991221236417971e+01
5.804357719310025487e+01
3.408043585104844624e+02
1.766129606622221218e+02
2.101468657432809266e+02
3.619276921322095575e+01
3.205586077653896382e+01
2.714258565607241636e+01
2.608751664092999931e+02
8.132245368480862169e+01
9.723537183600294043e+01
9.768042912489899265e+01
9.018554624722457902e+01
5.436051318350979500e+01
6.673454922076577986e+02
1.416029283689949807e+02
1.945086262851216361e+02
