2.195826399710309488e+03
3.270197169431986185e+04
4.645994107938000234e+05
6.023711119253562174e+03
5.864384390933890245e+04
2.174503693427766208e+06
1.646663952849289014e+00
1.780959122598462230e+01
5.665847003675593214e+02
4.627394577099125605e+00
8.452659089292524186e+01
3.405064226236821014e+03
1.234997964636966650e+00
1.780959122598462230e+01
3.682800334578879529e+02
3.470545932824343982e+00
6.339493801189684064e+01
1.480462912118290433e+03
2.469995929273933299e+00
1.246671481512512436e+01
3.966092793667787078e+02
1.156848644274781401e+00
6.691688130491203879e+01
1.924601696525487569e+03
4.528325870335544678e+00
1.602863210338616184e+01
3.966092521404967215e+02
6.058416583166207126e+00
4.226329200793122709e+01
2.072648000484215117e+03
2.058329941061611379e+00
1.424767298078769961e+01
1.983046396833893539e+02
6.058416583166207126e+00
3.874135215344742278e+01
2.220694049504971645e+03
1.646663952849289014e+00
1.424767393772358659e+01
3.399508147752791842e+02
3.470545932824343982e+00
2.817552915146461601e+01
1.184370176731849597e+03
2.469995929273933299e+00
1.602863210338616184e+01
3.399507875489971980e+02
2.313697288549562803e+00
3.169747244447981771e+01
1.036324000242107559e+03
5.351657326878156873e+00
1.246671481512512436e+01
2.832923501837796607e+02
3.470545932824343982e+00
4.226329200793122709e+01
4.441388162744435704e+02
5.351657326878156873e+00
1.424767298078769961e+01
2.832923399739239301e+01
6.941092570941204798e+00
1.760970614948180923e+01
4.441388162744435704e+02
1.029164918542602436e+01
4.274301894236310062e+01
2.266338719791391441e+02
9.254790564783283102e+00
1.408776457573230800e+01
1.184370176731849597e+03
