2.509147621927490412e+00
1.262571162892188710e+02
2.848060336460940221e+02
2.011520066882188651e+00
1.088644326956446662e+02
2.689717671301535802e+02
6.433711867074425050e-02
4.666452865672469308e+00
1.708966237577424963e+01
6.705066916406951516e-02
5.789984703160174107e+00
1.899389614897346590e+01
6.433711867074425050e-02
4.732176640813663404e+00
1.897407438998046914e+01
1.341013383281390303e-01
6.744376927088808316e+00
2.309189163589593008e+01
6.433711867074425050e-02
4.732177067331082121e+00
1.981881018598139832e+01
3.453109388384524581e-02
7.889648340278378136e+00
2.224627330739469855e+01
1.286742373414885010e-01
5.126525262904693570e+00
2.280787614570717636e+01
1.341013383281390303e-01
1.100733183853754227e+01
2.536855876542744781e+01
6.433711867074425050e-02
6.441018679460174035e+00
2.436738986965998066e+01
1.341013383281390303e-01
1.088007975472092603e+01
3.083255571812087936e+01
1.286742373414885010e-01
6.769642673375172670e+00
2.709653647315687053e+01
8.046080460486279007e-01
1.380688619079117885e+01
3.707712069392609067e+01
3.216855871221859231e-01
5.980945855710530168e+00
3.235989046465655150e+01
1.676266516044472299e+00
1.425226954768534426e+01
4.774493119853599410e+01
1.351079411075670089e+00
8.281309974458748613e+00
4.730522388341621109e+01
2.480874433454751227e+00
2.023313237657044183e+01
5.581082453173215185e+01
5.018295069371991879e+00
1.045022441033748350e+01
6.536958475008148639e+01
4.157140949499223304e+00
2.958618499841995941e+01
8.566767170602838632e+01
1.704933544447003868e+01
4.554720144738377030e+01
8.785256139882498871e+01
2.293132937670506877e+01
5.643644487710262325e+01
1.814827574138112709e+02
