4.249117646093772405e-01
1.994631340516550333e+00
1.447072161124382195e+00
5.562937962845797557e-01
3.178916787826750134e+00
2.028606648445554939e+00
2.222615319039624587e-02
1.126758813774144385e-01
1.039964175771064814e-01
2.446662615612446579e-02
2.217259653582666634e-01
1.090912379059026382e-01
2.222615319039624587e-02
1.327965666886629093e-01
1.242883988135121132e-01
2.446662615612446579e-02
2.242599788879819644e-01
1.385090888336088788e-01
2.614841551811323064e-02
1.448689818421777242e-01
1.458486357474569062e-01
3.863151454631152948e-02
3.053483299044382759e-01
1.617982269532792228e-01
2.484099323432426357e-02
1.891345172942844599e-01
2.029198523365003115e-01
3.991922865312309138e-02
3.572955799521241871e-01
2.145052561585657214e-01
3.530035944156955513e-02
2.079138209402725257e-01
3.018432771027831363e-01
6.438585480924755022e-02
5.004671532006943480e-01
2.598577657415532816e-01
5.098941176820410287e-02
3.031517605031306406e-01
3.969619447695594827e-01
5.923499007818634060e-02
6.651779233862777918e-01
3.419826191026060780e-01
6.406361651149410086e-02
4.694828688233031455e-01
6.011500228242658839e-01
1.081682340866202963e-01
1.017405421656015774e+00
4.204302929683292334e-01
1.202827174148540790e-01
6.599587082813620498e-01
1.152838383230945452e+00
1.519506133639930423e-01
1.635704067431082764e+00
7.391237337933550533e-01
1.843463339263481937e-01
1.495638077536747490e+00
2.312017994984031599e+00
3.373818765432364253e-01
3.061085285010573198e+00
1.631465528735067005e+00
1.197728318619492249e+01
3.688257140119609545e+01
1.467110596148945589e+01
1.642740766432245181e+01
4.748356568738579142e+01
2.270078201136217899e+01
