4.818116140086203814e-04
4.818116140086203814e-04
1.565887709148228168e-03
1.204529078677296638e-03
1.084076124243438244e-03
1.806793501600623131e-03
2.288605086505413055e-03
9.636232280172407627e-04
1.806793501600623131e-03
1.084076124243438244e-03
1.084076124243438244e-03
6.022645393386483192e-04
1.806793501600623131e-03
1.806793501600623131e-03
1.084076124243438244e-03
8.431703317910432816e-04
1.204529078677296638e-03
1.324981916695833206e-03
1.084076124243438244e-03
6.022645393386483192e-04
2.047699410468339920e-03
1.204529078677296638e-03
1.084076124243438244e-03
9.636232280172407627e-04
1.927246456034481525e-03
1.806793501600623131e-03
1.565887709148228168e-03
1.084076124243438244e-03
1.204529078677296638e-03
1.324981916695833206e-03
6.022645393386483192e-04
6.022645393386483192e-04
1.084076124243438244e-03
2.047699410468339920e-03
1.565887709148228168e-03
1.565887709148228168e-03
1.324981916695833206e-03
1.084076124243438244e-03
8.431703317910432816e-04
1.084076124243438244e-03
8.431703317910432816e-04
1.806793501600623131e-03
1.324981916695833206e-03
1.565887709148228168e-03
1.686340663582086563e-03
1.686340663582086563e-03
7.227174355648458004e-04
1.806793501600623131e-03
8.431703317910432816e-04
1.204529078677296638e-03
9.636232280172407627e-04
9.636232280172407627e-04
2.168152248486876488e-03
2.649963833391666412e-03
1.565887709148228168e-03
1.324981916695833206e-03
1.204529078677296638e-03
2.168152248486876488e-03
1.806793501600623131e-03
2.529510995373129845e-03
2.649963833391666412e-03
2.409058157354593277e-03
2.047699410468339920e-03
1.806793501600623131e-03
1.806793501600623131e-03
2.168152248486876488e-03
2.529510995373129845e-03
3.372681327164173126e-03
3.011322580277919769e-03
2.168152248486876488e-03
3.011322580277919769e-03
3.011322580277919769e-03
3.131775418296456337e-03
3.131775418296456337e-03
2.649963833391666412e-03
4.336304496973752975e-03
4.456757567822933197e-03
2.770416671410202980e-03
3.974945750087499619e-03
3.493134165182709694e-03
5.059021990746259689e-03
5.059021990746259689e-03
6.504456978291273117e-03
6.143098231405019760e-03
6.143098231405019760e-03
7.347627077251672745e-03
9.756685234606266022e-03
9.997591376304626465e-03
1.240664906799793243e-02
1.469525415450334549e-02
1.662250049412250519e-02
1.987472921609878540e-02
2.348831668496131897e-02
2.963141351938247681e-02
3.854493051767349243e-02
4.565165191888809204e-02
5.299927666783332825e-02
8.214887976646423340e-02
1.168393194675445557e-01
