2.050580922514200211e-03
0.000000000000000000e+00
2.734107896685600281e-03
2.050580922514200211e-03
6.835269741714000702e-04
1.367053948342800140e-03
4.101161845028400421e-03
3.417635103687644005e-03
4.784688819199800491e-03
2.734107896685600281e-03
3.417635103687644005e-03
6.151742767542600632e-03
2.734107896685600281e-03
3.417635103687644005e-03
1.367053948342800140e-03
6.835269741714000702e-04
2.050580922514200211e-03
4.784688819199800491e-03
2.734107896685600281e-03
3.417635103687644005e-03
4.784688819199800491e-03
1.367053948342800140e-03
2.734107896685600281e-03
1.367053948342800140e-03
2.050580922514200211e-03
6.151742767542600632e-03
2.050580922514200211e-03
3.417635103687644005e-03
4.784688819199800491e-03
2.050580922514200211e-03
2.050580922514200211e-03
1.367053948342800140e-03
4.101161845028400421e-03
2.734107896685600281e-03
2.734107896685600281e-03
4.101161845028400421e-03
4.101161845028400421e-03
4.784688819199800491e-03
3.417635103687644005e-03
3.417635103687644005e-03
4.784688819199800491e-03
6.151742767542600632e-03
6.151742767542600632e-03
4.101161845028400421e-03
5.468215793371200562e-03
1.367053948342800140e-03
4.101161845028400421e-03
7.518797181546688080e-03
2.050580922514200211e-03
2.050580922514200211e-03
5.468215793371200562e-03
1.025290507823228836e-02
5.468215793371200562e-03
4.101161845028400421e-03
6.151742767542600632e-03
5.468215793371200562e-03
5.468215793371200562e-03
6.151742767542600632e-03
4.784688819199800491e-03
7.518797181546688080e-03
7.518797181546688080e-03
3.417635103687644005e-03
2.050580922514200211e-03
6.151742767542600632e-03
6.835270207375288010e-03
1.093643158674240112e-02
5.468215793371200562e-03
9.569377638399600983e-03
7.518797181546688080e-03
5.468215793371200562e-03
8.202323690056800842e-03
1.230348553508520126e-02
1.298701297491788864e-02
1.435406692326068878e-02
1.025290507823228836e-02
1.161995902657508850e-02
5.468215793371200562e-03
1.367054041475057602e-02
1.367054041475057602e-02
9.569377638399600983e-03
1.435406692326068878e-02
1.093643158674240112e-02
1.161995902657508850e-02
1.093643158674240112e-02
1.298701297491788864e-02
2.050581015646457672e-02
1.435406692326068878e-02
9.569377638399600983e-03
1.298701297491788864e-02
1.435406692326068878e-02
1.777170225977897644e-02
1.503759436309337616e-02
2.939166128635406494e-02
3.349282220005989075e-02
3.349282220005989075e-02
4.784689098596572876e-02
4.306220263242721558e-02
4.921394214034080505e-02
8.407381922006607056e-02
