2.624671906232833862e-03
2.624671906232833862e-03
0.000000000000000000e+00
2.624671906232833862e-03
7.874015718698501587e-03
0.000000000000000000e+00
0.000000000000000000e+00
2.624671906232833862e-03
0.000000000000000000e+00
0.000000000000000000e+00
0.000000000000000000e+00
0.000000000000000000e+00
0.000000000000000000e+00
0.000000000000000000e+00
0.000000000000000000e+00
0.000000000000000000e+00
2.624671906232833862e-03
7.874015718698501587e-03
2.624671906232833862e-03
0.000000000000000000e+00
2.624671906232833862e-03
2.624671906232833862e-03
2.624671906232833862e-03
0.000000000000000000e+00
5.249343812465667725e-03
0.000000000000000000e+00
2.624671906232833862e-03
0.000000000000000000e+00
2.624671906232833862e-03
0.000000000000000000e+00
2.624671906232833862e-03
0.000000000000000000e+00
0.000000000000000000e+00
2.624671906232833862e-03
2.624671906232833862e-03
2.624671906232833862e-03
0.000000000000000000e+00
5.249343812465667725e-03
0.000000000000000000e+00
5.249343812465667725e-03
2.624671906232833862e-03
7.874015718698501587e-03
5.249343812465667725e-03
7.874015718698501587e-03
2.624671906232833862e-03
7.874015718698501587e-03
7.874015718698501587e-03
2.624671906232833862e-03
5.249343812465667725e-03
7.874015718698501587e-03
7.874015718698501587e-03
0.000000000000000000e+00
5.249343812465667725e-03
2.624671906232833862e-03
7.874015718698501587e-03
2.624671906232833862e-03
5.249343812465667725e-03
7.874015718698501587e-03
5.249343812465667725e-03
5.249343812465667725e-03
5.249343812465667725e-03
7.874015718698501587e-03
7.874015718698501587e-03
5.249343812465667725e-03
2.624671906232833862e-03
7.874015718698501587e-03
1.312335953116416931e-02
2.624671906232833862e-02
5.249343812465667725e-03
1.049868762493133545e-02
1.574803143739700317e-02
1.049868762493133545e-02
1.574803143739700317e-02
1.312335953116416931e-02
2.099737524986267090e-02
1.049868762493133545e-02
5.249343812465667725e-03
1.049868762493133545e-02
7.874015718698501587e-03
7.874015718698501587e-03
1.837270334362983704e-02
2.887139096856117249e-02
2.099737524986267090e-02
7.874015718698501587e-03
7.874015718698501587e-03
2.362204715609550476e-02
1.312335953116416931e-02
2.624671906232833862e-02
2.099737524986267090e-02
2.099737524986267090e-02
3.412073478102684021e-02
3.937007859349250793e-02
2.624671906232833862e-02
2.362204715609550476e-02
2.887139096856117249e-02
2.099737524986267090e-02
4.986876621842384338e-02
3.149606287479400635e-02
5.511811003088951111e-02
