5.661089671775698662e-04
9.435149258933961391e-04
5.661089671775698662e-04
8.177129202522337437e-04
7.548119174316525459e-04
1.258019823580980301e-03
1.446722890250384808e-03
7.548119174316525459e-04
8.177129202522337437e-04
8.177129202522337437e-04
9.435149258933961391e-04
1.132217934355139732e-03
1.195118878968060017e-03
7.548119174316525459e-04
8.806139230728149414e-04
8.806139230728149414e-04
6.919109146110713482e-04
1.006415928713977337e-03
6.919109146110713482e-04
8.806139230728149414e-04
8.806139230728149414e-04
6.919109146110713482e-04
6.919109146110713482e-04
1.258019823580980301e-03
9.435149258933961391e-04
8.806139230728149414e-04
1.132217934355139732e-03
1.069316873326897621e-03
6.919109146110713482e-04
6.919109146110713482e-04
8.177129202522337437e-04
1.006415928713977337e-03
1.006415928713977337e-03
6.290099117904901505e-04
1.069316873326897621e-03
1.258019823580980301e-03
1.069316873326897621e-03
9.435149258933961391e-04
8.177129202522337437e-04
1.195118878968060017e-03
8.177129202522337437e-04
9.435149258933961391e-04
1.446722890250384808e-03
1.320920884609222412e-03
9.435149258933961391e-04
6.290099117904901505e-04
1.006415928713977337e-03
1.006415928713977337e-03
1.320920884609222412e-03
1.069316873326897621e-03
8.177129202522337437e-04
1.320920884609222412e-03
1.006415928713977337e-03
8.806139230728149414e-04
1.572524895891547203e-03
1.195118878968060017e-03
1.258019823580980301e-03
1.698326785117387772e-03
1.824128790758550167e-03
1.320920884609222412e-03
1.572524895891547203e-03
1.761227846145629883e-03
1.509623834863305092e-03
1.509623834863305092e-03
1.824128790758550167e-03
2.138633746653795242e-03
1.509623834863305092e-03
1.572524895891547203e-03
1.824128790758550167e-03
2.075732685625553131e-03
2.264435868710279465e-03
2.830544719472527504e-03
2.516039647161960602e-03
3.019247669726610184e-03
2.578940708190202713e-03
3.459554631263017654e-03
2.578940708190202713e-03
2.830544719472527504e-03
3.836960531771183014e-03
4.151465371251106262e-03
3.962762653827667236e-03
4.717574454843997955e-03
4.151465371251106262e-03
4.843376576900482178e-03
6.290099583566188812e-03
6.541703362017869949e-03
6.982010323554277420e-03
7.736822124570608139e-03
8.931941352784633636e-03
1.025286223739385605e-02
1.427852548658847809e-02
1.383821852505207062e-02
2.094603143632411957e-02
2.176374383270740509e-02
3.182790428400039673e-02
3.874701261520385742e-02
4.598062485456466675e-02
6.610894203186035156e-02
1.151088178157806396e-01
4.596804678440093994e-01
