6.393453077180311084e-05
1.278690615436062217e-04
6.393453077180311084e-05
0.000000000000000000e+00
1.278690615436062217e-04
6.393453077180311084e-05
1.278690615436062217e-04
3.836071991827338934e-04
6.393453077180311084e-05
0.000000000000000000e+00
0.000000000000000000e+00
6.393453077180311084e-05
6.393453077180311084e-05
6.393453077180311084e-05
6.393453077180311084e-05
0.000000000000000000e+00
6.393453077180311084e-05
6.393453077180311084e-05
6.393453077180311084e-05
0.000000000000000000e+00
1.278690615436062217e-04
1.278690615436062217e-04
6.393453077180311084e-05
6.393453077180311084e-05
6.393453077180311084e-05
0.000000000000000000e+00
6.393453077180311084e-05
1.918035995913669467e-04
6.393453077180311084e-05
0.000000000000000000e+00
0.000000000000000000e+00
0.000000000000000000e+00
0.000000000000000000e+00
0.000000000000000000e+00
6.393453077180311084e-05
1.278690615436062217e-04
0.000000000000000000e+00
0.000000000000000000e+00
1.278690615436062217e-04
0.000000000000000000e+00
1.278690615436062217e-04
0.000000000000000000e+00
0.000000000000000000e+00
6.393453077180311084e-05
0.000000000000000000e+00
0.000000000000000000e+00
0.000000000000000000e+00
1.918035995913669467e-04
6.393453077180311084e-05
0.000000000000000000e+00
1.918035995913669467e-04
0.000000000000000000e+00
6.393453077180311084e-05
0.000000000000000000e+00
6.393453077180311084e-05
0.000000000000000000e+00
1.918035995913669467e-04
1.918035995913669467e-04
1.918035995913669467e-04
2.557381230872124434e-04
0.000000000000000000e+00
6.393453077180311084e-05
1.278690615436062217e-04
3.196726611349731684e-04
0.000000000000000000e+00
6.393453077180311084e-05
1.278690615436062217e-04
2.557381230872124434e-04
1.918035995913669467e-04
1.918035995913669467e-04
1.278690615436062217e-04
6.393453077180311084e-05
0.000000000000000000e+00
3.196726611349731684e-04
2.557381230872124434e-04
3.196726611349731684e-04
1.278690615436062217e-04
3.196726611349731684e-04
3.196726611349731684e-04
1.278690615436062217e-04
2.557381230872124434e-04
5.754107842221856117e-04
1.918035995913669467e-04
2.557381230872124434e-04
6.393453222699463367e-04
7.672143983654677868e-04
7.032798603177070618e-04
1.150821568444371223e-03
8.311488782055675983e-04
8.950834162533283234e-04
1.342625124379992485e-03
8.950834162533283234e-04
1.342625124379992485e-03
1.086886972188949585e-03
1.918035908602178097e-03
3.963940776884555817e-03
5.178696941584348679e-03
9.718048386275768280e-03
1.841314509510993958e-02
