9.419100731611251831e-02
1.204463392496109009e-01
9.222185611724853516e-02
7.318674027919769287e-02
5.283885821700096130e-02
4.594683274626731873e-02
3.577288985252380371e-02
3.642927482724189758e-02
2.231703326106071472e-02
2.625533379614353180e-02
2.198884077370166779e-02
1.706596650183200836e-02
1.608139090240001678e-02
1.509681623429059982e-02
1.805054210126399994e-02
1.279947534203529358e-02
1.148670818656682968e-02
1.214309129863977432e-02
1.050213351845741272e-02
9.845749475061893463e-03
1.181489974260330200e-02
1.148670818656682968e-02
1.181489974260330200e-02
1.115851663053035736e-02
1.181489974260330200e-02
9.189366362988948822e-03
6.235641427338123322e-03
6.892025005072355270e-03
4.922874737530946732e-03
5.907449871301651001e-03
7.548408117145299911e-03
4.594683181494474411e-03
6.563833449035882950e-03
4.266491625458002090e-03
6.892025005072355270e-03
4.266491625458002090e-03
1.969150034710764885e-03
4.594683181494474411e-03
2.953724935650825500e-03
3.281916724517941475e-03
4.594683181494474411e-03
4.594683181494474411e-03
3.610108280554413795e-03
3.610108280554413795e-03
1.969150034710764885e-03
2.953724935650825500e-03
3.281916724517941475e-03
3.281916724517941475e-03
1.312766689807176590e-03
1.969150034710764885e-03
3.281916724517941475e-03
3.281916724517941475e-03
2.953724935650825500e-03
2.953724935650825500e-03
2.953724935650825500e-03
1.312766689807176590e-03
1.640958362258970737e-03
1.312766689807176590e-03
1.312766689807176590e-03
1.640958362258970737e-03
4.594683181494474411e-03
6.563833449035882950e-04
2.625533379614353180e-03
1.640958362258970737e-03
2.297341590747237206e-03
1.969150034710764885e-03
9.845750173553824425e-04
1.312766689807176590e-03
1.969150034710764885e-03
1.640958362258970737e-03
3.281916724517941475e-04
9.845750173553824425e-04
1.640958362258970737e-03
1.640958362258970737e-03
9.845750173553824425e-04
1.969150034710764885e-03
6.563833449035882950e-04
1.312766689807176590e-03
1.969150034710764885e-03
3.281916724517941475e-04
9.845750173553824425e-04
2.625533379614353180e-03
9.845750173553824425e-04
6.563833449035882950e-04
1.640958362258970737e-03
2.297341590747237206e-03
3.281916724517941475e-04
1.640958362258970737e-03
2.625533379614353180e-03
3.281916724517941475e-04
9.845750173553824425e-04
9.845750173553824425e-04
1.640958362258970737e-03
1.969150034710764885e-03
2.625533379614353180e-03
1.312766689807176590e-03
1.640958362258970737e-03
9.845750173553824425e-04
2.953724935650825500e-03
