5.497338771820068359e-01
9.180712699890136719e-02
5.313364416360855103e-02
3.386663645505905151e-02
2.317896671593189240e-02
1.984825357794761658e-02
1.590599492192268372e-02
1.478509418666362762e-02
1.026566512882709503e-02
1.278773695230484009e-02
9.129818528890609741e-03
8.701709099113941193e-03
6.548193283379077911e-03
7.397374603897333145e-03
7.655018940567970276e-03
5.343368276953697205e-03
6.662359461188316345e-03
4.494187887758016586e-03
5.620380863547325134e-03
2.482114592567086220e-03
4.766488447785377502e-03
4.618008621037006378e-03
4.165239632129669189e-03
5.108348093926906586e-03
5.949620157480239868e-03
4.519138019531965256e-03
5.784098990261554718e-03
5.056411959230899811e-03
4.499189555644989014e-03
2.959833946079015732e-03
4.281731788069009781e-03
4.397934302687644958e-03
4.467202350497245789e-03
2.927555702626705170e-03
2.286990405991673470e-03
2.630594884976744652e-03
2.999439835548400879e-03
3.645587712526321411e-03
2.551672980189323425e-03
3.754462115466594696e-03
3.517055651172995567e-03
4.563746042549610138e-03
3.012060420587658882e-03
1.541972393169999123e-03
2.247093943879008293e-03
2.836013212800025940e-03
4.318721592426300049e-03
2.148223575204610825e-03
2.635596785694360733e-03
2.462456468492746353e-03
