0.000000000000000000e+00
0.000000000000000000e+00
2.002403052756562829e-04
2.002403052756562829e-04
4.004806105513125658e-04
6.007209303788840771e-04
0.000000000000000000e+00
0.000000000000000000e+00
2.002403052756562829e-04
2.002403052756562829e-04
0.000000000000000000e+00
0.000000000000000000e+00
2.002403052756562829e-04
4.004806105513125658e-04
4.004806105513125658e-04
2.002403052756562829e-04
2.002403052756562829e-04
0.000000000000000000e+00
2.002403052756562829e-04
0.000000000000000000e+00
2.002403052756562829e-04
2.002403052756562829e-04
6.007209303788840771e-04
8.009612211026251316e-04
2.002403052756562829e-04
2.002403052756562829e-04
4.004806105513125658e-04
6.007209303788840771e-04
2.002403052756562829e-04
4.004806105513125658e-04
2.002403052756562829e-04
2.002403052756562829e-04
1.001201570034027100e-03
6.007208721712231636e-04
6.007209303788840771e-04
2.002403052756562829e-04
1.401682035066187382e-03
2.002403052756562829e-04
1.201441744342446327e-03
1.001201570034027100e-03
1.201441860757768154e-03
1.601922442205250263e-03
1.401682035066187382e-03
1.601922325789928436e-03
2.202643314376473427e-03
3.003604477271437645e-03
7.809371687471866608e-03
1.041249558329582214e-02
2.122547291219234467e-02
9.357228279113769531e-01
