1.779945916496217251e-03
1.120706670917570591e-03
1.318478491157293320e-03
1.450326293706893921e-03
8.570110076107084751e-04
7.910871063359081745e-04
9.229349088855087757e-04
5.273913848213851452e-04
9.229349088855087757e-04
6.592392455786466599e-04
1.318478491157293320e-03
5.933152860961854458e-04
7.910871063359081745e-04
6.592392455786466599e-04
5.273913848213851452e-04
4.614674544427543879e-04
6.592392455786466599e-04
5.273913848213851452e-04
5.273913848213851452e-04
7.910871063359081745e-04
5.933152860961854458e-04
8.570110076107084751e-04
4.614674544427543879e-04
9.888588683679699898e-04
7.251631468534469604e-04
6.592392455786466599e-04
5.933152860961854458e-04
7.251631468534469604e-04
7.251631468534469604e-04
7.910871063359081745e-04
5.273913848213851452e-04
9.888588683679699898e-04
5.933152860961854458e-04
6.592392455786466599e-04
9.229349088855087757e-04
9.229349088855087757e-04
7.251631468534469604e-04
7.910871063359081745e-04
9.229349088855087757e-04
1.054782769642770290e-03
7.251631468534469604e-04
3.955435531679540873e-04
6.592392455786466599e-04
6.592392455786466599e-04
7.910871063359081745e-04
5.933152860961854458e-04
1.186630572192370892e-03
4.614674544427543879e-04
1.252554589882493019e-03
8.570110076107084751e-04
3.955435531679540873e-04
8.570110076107084751e-04
3.955435531679540873e-04
6.592392455786466599e-04
7.910871063359081745e-04
1.054782769642770290e-03
6.592392455786466599e-04
7.910871063359081745e-04
1.186630572192370892e-03
1.252554589882493019e-03
8.570110076107084751e-04
1.450326293706893921e-03
9.888588683679699898e-04
1.582174212671816349e-03
1.252554589882493019e-03
1.318478491157293320e-03
1.845869817771017551e-03
1.318478491157293320e-03
1.582174212671816349e-03
1.516250194981694221e-03
1.516250194981694221e-03
1.252554589882493019e-03
1.845869817771017551e-03
1.714022015221416950e-03
2.373261144384741783e-03
2.571033081039786339e-03
2.175489440560340881e-03
1.977717736735939980e-03
2.966576488688588142e-03
3.032500389963388443e-03
2.109565539285540581e-03
4.087283276021480560e-03
3.757663769647479057e-03
3.493967931717634201e-03
4.285055212676525116e-03
5.207989830523729324e-03
6.658316124230623245e-03
6.196849048137664795e-03
5.867229308933019638e-03
7.713099010288715363e-03
9.888588450849056244e-03
1.041597966104745865e-02
1.074559986591339111e-02
1.430549100041389465e-02
2.056826464831829071e-02
2.689696103334426880e-02
4.977256432175636292e-02
9.315050393342971802e-02
1.889379620552062988e-01
