4.767063856124877930e-01
8.017335087060928345e-02
4.333694651722908020e-02
3.250270709395408630e-02
3.304442018270492554e-02
2.221018448472023010e-02
1.950162462890148163e-02
2.221018448472023010e-02
2.004333771765232086e-02
1.679306663572788239e-02
1.029252447187900543e-02
1.083423662930727005e-02
7.583965547382831573e-03
9.750812314450740814e-03
9.750812314450740814e-03
7.042253389954566956e-03
8.125676773488521576e-03
4.333694465458393097e-03
7.583965547382831573e-03
6.500541698187589645e-03
5.958830006420612335e-03
7.042253389954566956e-03
5.958830006420612335e-03
8.125676773488521576e-03
5.417118314653635025e-03
4.333694465458393097e-03
3.250270849093794823e-03
2.166847232729196548e-03
3.791982773691415787e-03
2.166847232729196548e-03
4.875406157225370407e-03
3.250270849093794823e-03
3.250270849093794823e-03
1.083423616364598274e-03
3.791982773691415787e-03
4.333694465458393097e-03
3.250270849093794823e-03
1.083423616364598274e-03
3.791982773691415787e-03
1.625135424546897411e-03
4.333694465458393097e-03
2.708559157326817513e-03
2.166847232729196548e-03
2.708559157326817513e-03
3.791982773691415787e-03
5.417118081822991371e-04
2.166847232729196548e-03
2.708559157326817513e-03
2.708559157326817513e-03
0.000000000000000000e+00
1.083423616364598274e-03
1.625135424546897411e-03
2.166847232729196548e-03
2.708559157326817513e-03
1.083423616364598274e-03
1.083423616364598274e-03
2.166847232729196548e-03
1.083423616364598274e-03
1.625135424546897411e-03
1.625135424546897411e-03
1.625135424546897411e-03
3.250270849093794823e-03
0.000000000000000000e+00
1.625135424546897411e-03
1.625135424546897411e-03
5.417118081822991371e-04
1.083423616364598274e-03
0.000000000000000000e+00
5.417118081822991371e-04
5.417118081822991371e-04
1.083423616364598274e-03
5.417118081822991371e-04
0.000000000000000000e+00
1.083423616364598274e-03
1.083423616364598274e-03
1.625135424546897411e-03
1.083423616364598274e-03
0.000000000000000000e+00
0.000000000000000000e+00
5.417118081822991371e-04
1.083423616364598274e-03
1.083423616364598274e-03
5.417118081822991371e-04
0.000000000000000000e+00
5.417118081822991371e-04
5.417118081822991371e-04
2.166847232729196548e-03
5.417118081822991371e-04
1.083423616364598274e-03
0.000000000000000000e+00
5.417118081822991371e-04
1.083423616364598274e-03
0.000000000000000000e+00
0.000000000000000000e+00
1.625135424546897411e-03
5.417118081822991371e-04
1.083423616364598274e-03
0.000000000000000000e+00
1.083423616364598274e-03
