3.662822544574737549e-01
1.677649617195129395e-01
7.193849235773086548e-02
4.310818389058113098e-02
3.487094864249229431e-02
2.471169643104076385e-02
1.949478313326835632e-02
1.455244328826665878e-02
1.290499698370695114e-02
1.125755067914724350e-02
9.884678758680820465e-03
1.070840191096067429e-02
9.060955606400966644e-03
8.786381222307682037e-03
8.511806838214397430e-03
7.413508836179971695e-03
3.844041842967271805e-03
4.393190611153841019e-03
5.491488147526979446e-03
4.942339379340410233e-03
4.942339379340410233e-03
4.393190611153841019e-03
2.471169689670205116e-03
3.844041842967271805e-03
5.491488147526979446e-03
4.118616227060556412e-03
2.745744073763489723e-03
1.647446420975029469e-03
1.922020921483635902e-03
2.745744073763489723e-03
3.569467226043343544e-03
3.569467226043343544e-03
1.372872036881744862e-03
2.745744073763489723e-03
1.372872036881744862e-03
3.569467226043343544e-03
2.196595305576920509e-03
8.237232104875147343e-04
1.922020921483635902e-03
2.471169689670205116e-03
2.471169689670205116e-03
3.569467226043343544e-03
1.922020921483635902e-03
2.471169689670205116e-03
2.471169689670205116e-03
1.647446420975029469e-03
1.647446420975029469e-03
2.196595305576920509e-03
3.020318457856774330e-03
5.491488263942301273e-04
5.491488263942301273e-04
1.098297652788460255e-03
5.491488263942301273e-04
1.098297652788460255e-03
3.294892841950058937e-03
2.745744073763489723e-03
3.569467226043343544e-03
1.922020921483635902e-03
3.294892841950058937e-03
2.196595305576920509e-03
2.196595305576920509e-03
1.372872036881744862e-03
2.196595305576920509e-03
1.372872036881744862e-03
1.372872036881744862e-03
2.196595305576920509e-03
2.745744073763489723e-03
1.098297652788460255e-03
1.098297652788460255e-03
2.196595305576920509e-03
2.196595305576920509e-03
2.196595305576920509e-03
1.372872036881744862e-03
2.471169689670205116e-03
2.471169689670205116e-03
1.372872036881744862e-03
1.372872036881744862e-03
3.020318457856774330e-03
5.491488263942301273e-04
1.647446420975029469e-03
1.372872036881744862e-03
1.372872036881744862e-03
1.098297652788460255e-03
1.098297652788460255e-03
1.098297652788460255e-03
5.491488263942301273e-04
1.098297652788460255e-03
1.372872036881744862e-03
1.922020921483635902e-03
1.098297652788460255e-03
1.647446420975029469e-03
2.196595305576920509e-03
1.098297652788460255e-03
2.745744131971150637e-04
5.491488263942301273e-04
1.098297652788460255e-03
1.647446420975029469e-03
1.372872036881744862e-03
5.491488263942301273e-04
8.237232104875147343e-04
