6.006923038512468338e-03
2.443494275212287903e-03
2.443494275212287903e-03
3.156180027872323990e-03
2.647118642926216125e-03
3.257992211729288101e-03
4.377927165478467941e-03
2.952555427327752113e-03
2.850743243470788002e-03
3.665241179987788200e-03
1.934432890266180038e-03
2.647118642926216125e-03
3.054367844015359879e-03
3.359804628416895866e-03
2.850743243470788002e-03
4.174302797764539719e-03
3.868865780532360077e-03
3.868865780532360077e-03
3.767053596675395966e-03
3.359804628416895866e-03
3.970677964389324188e-03
3.359804628416895866e-03
4.479739349335432053e-03
2.239869674667716026e-03
2.748931059613823891e-03
3.257992211729288101e-03
3.156180027872323990e-03
3.156180027872323990e-03
4.581551533192396164e-03
4.479739349335432053e-03
3.665241179987788200e-03
3.970677964389324188e-03
3.767053596675395966e-03
5.599674303084611893e-03
4.072490148246288300e-03
4.988800734281539917e-03
4.174302797764539719e-03
3.970677964389324188e-03
4.174302797764539719e-03
4.276114981621503830e-03
4.276114981621503830e-03
4.072490148246288300e-03
5.396049469709396362e-03
5.192425101995468140e-03
4.377927165478467941e-03
4.174302797764539719e-03
4.886988550424575806e-03
5.396049469709396362e-03
4.785176366567611694e-03
5.497862119227647781e-03
4.479739349335432053e-03
4.581551533192396164e-03
5.294237285852432251e-03
7.228670176118612289e-03
5.599674303084611893e-03
4.072490148246288300e-03
6.617796607315540314e-03
5.905110854655504227e-03
5.192425101995468140e-03
4.988800734281539917e-03
7.025045808404684067e-03
5.599674303084611893e-03
5.701486486941576004e-03
5.905110854655504227e-03
5.599674303084611893e-03
5.905110854655504227e-03
6.414172239601612091e-03
5.701486486941576004e-03
5.192425101995468140e-03
5.192425101995468140e-03
6.006923038512468338e-03
8.043168112635612488e-03
8.043168112635612488e-03
8.348605595529079437e-03
7.330482359975576401e-03
8.144980296492576599e-03
7.432295009493827820e-03
1.028303802013397217e-02
9.264915250241756439e-03
1.170840952545404434e-02
1.191203389316797256e-02
9.875789284706115723e-03
1.221747137606143951e-02
1.323559321463108063e-02
1.384646724909543991e-02
1.415190380066633224e-02
1.832620613276958466e-02
1.557727530598640442e-02
1.598452404141426086e-02
1.944614201784133911e-02
2.423131652176380157e-02
2.290775813162326813e-02
2.820199541747570038e-02
3.237629681825637817e-02
3.522704169154167175e-02
4.724088683724403381e-02
5.752392485737800598e-02
7.676644623279571533e-02
8.959478884935379028e-02
