1.939009292982518673e-03
1.586462138220667839e-03
1.292672939598560333e-03
1.292672939598560333e-03
1.175157143734395504e-03
1.057641464285552502e-03
1.468946458771824837e-03
1.116399304009974003e-03
8.813678869046270847e-04
1.057641464285552502e-03
1.292672939598560333e-03
1.116399304009974003e-03
1.057641464285552502e-03
8.226100471802055836e-04
7.638521492481231689e-04
7.638521492481231689e-04
1.057641464285552502e-03
7.050943095237016678e-04
9.988836245611310005e-04
1.233914983458817005e-03
1.175157143734395504e-03
5.875785718671977520e-04
4.113050235901027918e-04
7.638521492481231689e-04
7.638521492481231689e-04
7.050943095237016678e-04
7.638521492481231689e-04
8.226100471802055836e-04
5.288207321427762508e-04
7.638521492481231689e-04
9.401257266290485859e-04
5.875785718671977520e-04
5.288207321427762508e-04
8.226100471802055836e-04
7.050943095237016678e-04
8.813678869046270847e-04
9.988836245611310005e-04
6.463364697992801666e-04
7.050943095237016678e-04
8.226100471802055836e-04
1.175157143734395504e-03
6.463364697992801666e-04
7.638521492481231689e-04
8.813678869046270847e-04
1.116399304009974003e-03
9.988836245611310005e-04
1.057641464285552502e-03
9.988836245611310005e-04
5.288207321427762508e-04
1.175157143734395504e-03
9.988836245611310005e-04
7.050943095237016678e-04
1.292672939598560333e-03
8.813678869046270847e-04
1.527704298496246338e-03
9.988836245611310005e-04
7.050943095237016678e-04
8.813678869046270847e-04
1.057641464285552502e-03
1.527704298496246338e-03
1.175157143734395504e-03
1.292672939598560333e-03
1.351430779322981834e-03
1.586462138220667839e-03
1.233914983458817005e-03
1.233914983458817005e-03
1.468946458771824837e-03
1.410188619047403336e-03
1.762735773809254169e-03
1.645220094360411167e-03
1.997767249122262001e-03
1.821493613533675671e-03
1.939009292982518673e-03
2.232798608019948006e-03
2.056525088846683502e-03
2.644103718921542168e-03
2.467829966917634010e-03
2.174040768295526505e-03
2.761619398370385170e-03
2.820377238094806671e-03
2.879135077819228172e-03
4.171807784587144852e-03
4.289323929697275162e-03
3.525471547618508339e-03
4.406839609146118164e-03
4.465597216039896011e-03
4.994418006390333176e-03
5.758270155638456345e-03
7.227216847240924835e-03
7.756037171930074692e-03
8.519889786839485168e-03
9.166225790977478027e-03
1.040014065802097321e-02
1.421940140426158905e-02
1.939009316265583038e-02
3.096539154648780823e-02
5.064927414059638977e-02
9.148598462343215942e-02
1.789176762104034424e-01
