4.385964870452880859e-01
9.344413876533508301e-02
4.893813654780387878e-02
3.804247453808784485e-02
3.157894685864448547e-02
2.197599224746227264e-02
2.234533615410327911e-02
1.625115424394607544e-02
1.274238247424364090e-02
1.218836568295955658e-02
1.200369372963905334e-02
1.034164335578680038e-02
8.494921959936618805e-03
9.233610704541206360e-03
7.202215958386659622e-03
6.463527213782072067e-03
7.386888377368450165e-03
6.094182841479778290e-03
5.540166050195693970e-03
6.094182841479778290e-03
5.540166050195693970e-03
6.832871586084365845e-03
5.540166050195693970e-03
4.801477305591106415e-03
6.832871586084365845e-03
4.247460979968309402e-03
5.909510422497987747e-03
4.247460979968309402e-03
4.986149724572896957e-03
4.986149724572896957e-03
4.432132933288812637e-03
4.247460979968309402e-03
4.986149724572896957e-03
3.139427630230784416e-03
3.139427630230784416e-03
3.693444188684225082e-03
2.954755211248993874e-03
2.031394280493259430e-03
1.662049908190965652e-03
2.216066466644406319e-03
1.846722094342112541e-03
3.324099816381931305e-03
1.846722094342112541e-03
2.031394280493259430e-03
3.139427630230784416e-03
1.662049908190965652e-03
1.477377605624496937e-03
2.031394280493259430e-03
1.846722094342112541e-03
2.585410838946700096e-03
1.292705419473350048e-03
1.846722094342112541e-03
1.846722094342112541e-03
2.585410838946700096e-03
1.477377605624496937e-03
1.662049908190965652e-03
2.031394280493259430e-03
2.216066466644406319e-03
1.477377605624496937e-03
1.477377605624496937e-03
1.292705419473350048e-03
2.031394280493259430e-03
2.400738652795553207e-03
1.292705419473350048e-03
2.031394280493259430e-03
1.477377605624496937e-03
1.662049908190965652e-03
2.031394280493259430e-03
1.846722094342112541e-03
1.477377605624496937e-03
7.386888028122484684e-04
1.108033233322203159e-03
1.292705419473350048e-03
1.662049908190965652e-03
1.292705419473350048e-03
7.386888028122484684e-04
9.233610471710562706e-04
1.292705419473350048e-03
1.846722094342112541e-03
5.540166166611015797e-04
1.477377605624496937e-03
5.540166166611015797e-04
3.693444014061242342e-04
9.233610471710562706e-04
1.292705419473350048e-03
1.292705419473350048e-03
1.662049908190965652e-03
1.662049908190965652e-03
1.292705419473350048e-03
1.292705419473350048e-03
1.477377605624496937e-03
7.386888028122484684e-04
2.400738652795553207e-03
1.477377605624496937e-03
1.108033233322203159e-03
1.846722094342112541e-03
2.400738652795553207e-03
2.585410838946700096e-03
2.585410838946700096e-03
