2.525342042150613452e+03
1.545650550249399457e-01
1.511974104794981677e-01
1.469382743289568694e-01
1.432151390186960083e-01
1.398009409063921404e-01
1.364275277667957309e-01
1.330962336448069661e-01
1.300436169023148347e-01
1.270263109482844821e-01
1.240198429590295692e-01
1.212856213328213639e-01
1.185700855355256017e-01
1.162297751672622115e-01
1.133864930703853552e-01
1.109335249103776261e-01
1.084781554695495309e-01
1.062494448574199807e-01
1.040258036159111971e-01
1.017951517384441257e-01
9.977714661806869056e-02
9.774569984528504174e-02
9.571738117778463839e-02
9.388031854742440174e-02
9.233093119940490034e-02
9.016804880286791168e-02
8.849101635867355486e-02
8.679587770507513067e-02
8.509677371801473156e-02
8.356149964500836358e-02
8.200659211119493142e-02
8.044526276124124020e-02
7.903615253455503753e-02
7.755504068449672883e-02
