9.005155563354492188e-01
3.818980231881141663e-02
1.317548193037509918e-02
8.210808038711547852e-03
6.874164566397666931e-03
3.818980418145656586e-03
2.482337178662419319e-03
2.482337178662419319e-03
2.673286246135830879e-03
2.100439043715596199e-03
9.547451045364141464e-04
1.145694172009825706e-03
1.145694172009825706e-03
5.728470860049128532e-04
7.637960952706634998e-04
7.637960370630025864e-04
5.728470860049128532e-04
5.728470860049128532e-04
3.818980476353317499e-04
5.728470277972519398e-04
5.728470860049128532e-04
7.637960952706634998e-04
0.000000000000000000e+00
5.728470860049128532e-04
1.909490238176658750e-04
1.909490238176658750e-04
1.909490238176658750e-04
5.728470860049128532e-04
0.000000000000000000e+00
5.728470860049128532e-04
0.000000000000000000e+00
3.818980476353317499e-04
7.637960952706634998e-04
3.818980476353317499e-04
1.909490238176658750e-04
3.818980476353317499e-04
3.818980476353317499e-04
5.728470277972519398e-04
7.637960370630025864e-04
0.000000000000000000e+00
3.818980476353317499e-04
0.000000000000000000e+00
1.909490238176658750e-04
1.145694172009825706e-03
0.000000000000000000e+00
7.637960952706634998e-04
3.818980476353317499e-04
5.728470277972519398e-04
1.909490238176658750e-04
9.547450463287532330e-04
