6.535947788506746292e-03
6.535947788506746292e-03
3.267973894253373146e-03
1.633986947126686573e-03
0.000000000000000000e+00
0.000000000000000000e+00
0.000000000000000000e+00
0.000000000000000000e+00
4.901960957795381546e-03
1.633986947126686573e-03
0.000000000000000000e+00
3.267973894253373146e-03
0.000000000000000000e+00
3.267973894253373146e-03
0.000000000000000000e+00
0.000000000000000000e+00
0.000000000000000000e+00
1.633986947126686573e-03
1.633986947126686573e-03
1.633986947126686573e-03
0.000000000000000000e+00
1.633986947126686573e-03
0.000000000000000000e+00
1.633986947126686573e-03
1.633986947126686573e-03
1.633986947126686573e-03
0.000000000000000000e+00
1.633986947126686573e-03
0.000000000000000000e+00
0.000000000000000000e+00
0.000000000000000000e+00
0.000000000000000000e+00
0.000000000000000000e+00
3.267973894253373146e-03
0.000000000000000000e+00
0.000000000000000000e+00
6.535947322845458984e-03
3.267973894253373146e-03
0.000000000000000000e+00
3.267973894253373146e-03
0.000000000000000000e+00
1.470588147640228271e-02
1.470588147640228271e-02
1.797385513782501221e-02
1.797385513782501221e-02
3.594771027565002441e-02
4.738562181591987610e-02
6.372548639774322510e-02
1.078431308269500732e-01
6.192810535430908203e-01
