6.188524961471557617e-01
5.620608478784561157e-02
2.634660340845584869e-02
1.873536221683025360e-02
2.400468289852142334e-02
1.346603967249393463e-02
1.814988255500793457e-02
1.112412102520465851e-02
4.098360426723957062e-03
8.782200515270233154e-03
8.782200515270233154e-03
4.098360426723957062e-03
8.782200515270233154e-03
9.953160770237445831e-03
4.683840554207563400e-03
5.269320681691169739e-03
4.683840554207563400e-03
3.512880532070994377e-03
5.269320681691169739e-03
1.170960138551890850e-03
2.927400171756744385e-03
4.098360426723957062e-03
2.341920277103781700e-03
6.440280936658382416e-03
4.098360426723957062e-03
4.683840554207563400e-03
1.756440149620175362e-03
2.927400171756744385e-03
4.098360426723957062e-03
2.927400171756744385e-03
2.927400171756744385e-03
3.512880299240350723e-03
2.927400404587388039e-03
2.927400171756744385e-03
2.341920277103781700e-03
4.098360426723957062e-03
3.512880299240350723e-03
2.927400404587388039e-03
1.756440149620175362e-03
4.683840088546276093e-03
2.341920277103781700e-03
3.512880299240350723e-03
4.683840554207563400e-03
3.512880532070994377e-03
5.854800343513488770e-03
2.341920277103781700e-03
6.440280936658382416e-03
7.611240260303020477e-03
9.953160770237445831e-03
2.985948510468006134e-02
