3.708511067088693380e-04
4.635638833860866725e-05
9.271277667721733451e-05
4.635638833860866725e-05
1.390691613778471947e-04
0.000000000000000000e+00
9.271277667721733451e-05
0.000000000000000000e+00
4.635638833860866725e-05
9.271277667721733451e-05
0.000000000000000000e+00
4.635638833860866725e-05
0.000000000000000000e+00
4.635638833860866725e-05
4.635638833860866725e-05
9.271277667721733451e-05
0.000000000000000000e+00
4.635638833860866725e-05
0.000000000000000000e+00
9.271277667721733451e-05
4.635638833860866725e-05
4.635638833860866725e-05
4.635638833860866725e-05
9.271277667721733451e-05
0.000000000000000000e+00
4.635638833860866725e-05
0.000000000000000000e+00
0.000000000000000000e+00
0.000000000000000000e+00
4.635638833860866725e-05
9.271277667721733451e-05
4.635638833860866725e-05
1.390691613778471947e-04
4.635638833860866725e-05
1.390691613778471947e-04
4.635638833860866725e-05
0.000000000000000000e+00
1.854255533544346690e-04
9.271277667721733451e-05
9.271277667721733451e-05
1.390691613778471947e-04
1.390691613778471947e-04
3.244947292841970921e-04
2.317819453310221434e-04
1.390691613778471947e-04
3.244947292841970921e-04
8.807713747955858707e-04
1.344335265457630157e-03
3.384016454219818115e-03
9.905896186828613281e-01
