6.718263626098632812e-01
6.446535140275955200e-02
3.665529936552047729e-02
2.499906346201896667e-02
1.881488785147666931e-02
1.461714319884777069e-02
1.113151758909225464e-02
9.444923140108585358e-03
8.695326745510101318e-03
7.683370262384414673e-03
5.809377878904342651e-03
6.371575407683849335e-03
5.134739913046360016e-03
6.034256890416145325e-03
4.122784361243247986e-03
4.572542384266853333e-03
3.972864709794521332e-03
3.410666715353727341e-03
3.897905116900801659e-03
3.148307558149099350e-03
3.635546192526817322e-03
2.623589942231774330e-03
3.260747296735644341e-03
2.848468720912933350e-03
3.073348198086023331e-03
2.511150203645229340e-03
2.173831686377525330e-03
2.211311366409063339e-03
2.848468720912933350e-03
2.061391947790980339e-03
2.998388372361660004e-03
2.698549767956137657e-03
2.323750872164964676e-03
2.323750872164964676e-03
2.885948866605758667e-03
2.548630349338054657e-03
2.286271192133426666e-03
2.136351540684700012e-03
2.286271192133426666e-03
2.061391947790980339e-03
2.473670523613691330e-03
2.361230785027146339e-03
1.948952442035079002e-03
2.698549767956137657e-03
2.398710930719971657e-03
2.586110029369592667e-03
2.773509360849857330e-03
3.560586366802453995e-03
4.010344389826059341e-03
8.582886308431625366e-03
