2.265419578179717064e-03
9.500145679339766502e-04
7.307804189622402191e-04
2.923121792264282703e-04
3.653902385849505663e-04
8.769365376792848110e-04
5.115463281981647015e-04
4.384682688396424055e-04
3.653902385849505663e-04
5.846243584528565407e-04
2.923121792264282703e-04
5.115463281981647015e-04
5.846243584528565407e-04
2.923121792264282703e-04
2.192341344198212028e-04
2.192341489717364311e-04
2.923121792264282703e-04
2.192341344198212028e-04
4.384682979434728622e-04
5.115463281981647015e-04
2.923121792264282703e-04
4.384682688396424055e-04
2.192341344198212028e-04
5.846243584528565407e-04
4.384682688396424055e-04
6.577024469152092934e-04
4.384682979434728622e-04
4.384682979434728622e-04
2.923121792264282703e-04
3.653902385849505663e-04
5.115463281981647015e-04
2.923121792264282703e-04
7.307804771699011326e-04
5.115463281981647015e-04
3.653902094811201096e-04
7.307804771699011326e-04
2.923121792264282703e-04
5.846243584528565407e-04
5.846243584528565407e-04
7.307804771699011326e-04
9.500145679339766502e-04
1.023092656396329403e-03
1.242326805368065834e-03
1.315404893830418587e-03
1.607716898433864117e-03
2.630809554830193520e-03
2.484653610736131668e-03
4.238526336848735809e-03
9.353989735245704651e-03
9.546916484832763672e-01
