2.341807894617914609e+00
6.458178287751848989e-01
1.794398152625376885e-01
8.113518547755692312e-02
1.418683948934233996e-01
7.751591862761375573e-02
1.591593793607354868e-01
7.957914440504769427e-02
1.633270871175337424e-01
7.761747320096183678e-02
1.566052684574900933e-01
7.931972582954360806e-02
1.642019848009041161e-01
8.767642585684182199e-02
1.824880620874634596e-01
8.758307396509812381e-02
1.674225825632706388e-01
9.451907172851262140e-02
2.085848221468751540e-01
1.006007905491200921e-01
1.777930132160067955e-01
1.104991829858225361e-01
2.553718595322450602e-01
1.254355102095234820e-01
2.525884744715812258e-01
1.386481623560619492e-01
2.944903513485021551e-01
1.513422091713173268e-01
2.980854803718802071e-01
1.624772183785455903e-01
3.535277961909765732e-01
1.829752870445439383e-01
3.663725510337776381e-01
1.948388317801774683e-01
3.933728884589420272e-01
2.292033368673506433e-01
5.298063736099841714e-01
2.684569433167992014e-01
5.551739557846387951e-01
3.044188629025796899e-01
6.750249832313904852e-01
3.858056908433594723e-01
8.530981047084846836e-01
4.870298929008852196e-01
1.088498882020594527e+00
6.865284698634480653e-01
1.587388800160853375e+00
2.121971146138406983e+00
6.710622264957577521e+00
