2.803612776020790625e+04
6.769937917488313360e+03
7.278689883325856158e+01
4.079989563000223285e+01
8.645554043337168082e+01
3.560820902726246118e+01
5.642272863471481514e+01
3.428818277870847453e+01
8.153220822326611028e+01
3.697558889051556008e+01
6.191420396813654037e+01
3.744152972947127722e+01
8.587434646647419356e+01
3.780314001025308102e+01
6.345465796040004136e+01
2.524590911643107205e+01
3.759874992826726725e+01
2.451596303580116043e+01
5.880499434077123766e+01
2.672825112000811032e+01
4.742160504848578739e+01
2.214320816469359343e+01
3.975842427945323720e+01
2.529463744751240739e+01
5.769524420349534211e+01
2.219821279581415752e+01
2.872411339047891943e+01
2.047620142934287202e+01
5.349013384106282842e+01
2.264534007982052444e+01
3.547668089826920124e+01
2.035596579223233960e+01
4.695163051160008649e+01
2.344589582723553534e+01
4.450710042305792769e+01
2.553916263875967729e+01
5.884147828589531315e+01
2.446703960283450741e+01
3.919751511704684077e+01
1.711211763928577767e+01
3.163956803606581403e+01
1.815731084819508823e+01
4.339674910124402629e+01
1.977474209742510425e+01
3.570724711052519496e+01
1.588671687953566725e+01
2.684297372215474198e+01
1.663984718981617306e+01
3.752233134053445696e+01
