6.672051308511152412e-03
1.679610122891589483e-03
1.139183923706598101e-04
8.654829518069280785e-05
2.307250438537743014e-04
1.573964763219426856e-04
4.108364557233818099e-04
1.546715650908938883e-04
1.996265812727506927e-04
1.117437433339092678e-04
2.557952487226122893e-04
1.678830733246736086e-04
4.066685338715863738e-04
1.926374542842805549e-04
3.700092126526942555e-04
1.619071786795335782e-04
2.797606009458248862e-04
1.366400054451729241e-04
2.750799874347778376e-04
1.697922303396012236e-04
4.143569159941283141e-04
2.691914532432928371e-04
6.742806993938194179e-04
3.245688763193478295e-04
6.305559565704978164e-04
3.182279280368189699e-04
6.548475439140356239e-04
3.586912554709982093e-04
7.491342855862533632e-04
3.956056078982691485e-04
8.188029449299775650e-04
4.108334723635108702e-04
8.644281734494789395e-04
5.078293349795750091e-04
1.152590207478330952e-03
6.391793745671475084e-04
1.384553294640548677e-03
7.762195192560339798e-04
1.680094804968712162e-03
1.000098677599326955e-03
2.239930507756574419e-03
1.344628219859354086e-03
3.267194396198714636e-03
2.028826944189095031e-03
4.861955807859847864e-03
4.087490682607753355e-03
1.124617517621368488e-02
7.463570816451411960e-02
2.921345602513892303e-01
