8.492735157201070979e+04
2.111638186873477025e+04
2.327410870851267362e+02
1.183503356515680309e+02
2.438640601183190597e+02
1.139466021309020221e+02
2.311361642873451672e+02
1.207580154702109638e+02
2.479582562383510265e+02
1.141036800313233925e+02
2.122789264717234516e+02
1.054253696768578266e+02
2.176337111464852114e+02
1.111805265175882340e+02
2.156630052980874268e+02
1.063875972081910533e+02
2.041902842611376627e+02
1.017185816101075631e+02
1.959479734567192395e+02
1.096601022934335958e+02
2.476695814830168842e+02
1.091568077835718356e+02
1.966515958401668911e+02
9.485370590876401309e+01
1.782431108090575265e+02
9.960537880926193566e+01
2.170521376551710944e+02
9.951461858805393490e+01
1.880360881496834224e+02
9.915077174762973300e+01
2.011338149814710619e+02
9.689377443340438845e+01
1.817188364920719152e+02
8.419900057591959808e+01
1.491685783628640252e+02
7.898494704964070934e+01
1.655765344037158968e+02
7.559314962027002593e+01
1.360057926018566548e+02
7.282920321416540332e+01
1.606962725011358089e+02
8.039508642410672223e+01
1.572210228431496830e+02
7.078613029665496015e+01
1.231283750771595464e+02
6.946357749937889992e+01
1.473662734487530201e+02
7.363398721289448190e+01
1.450048554681049495e+02
