1.386105046840574331e-04
4.139308673697664540e-05
2.173535206229129150e-05
8.106336960521402172e-06
1.089952421262200059e-05
2.714758908676521669e-06
2.641880088513588096e-07
5.351052336382549936e-06
2.220832224755366516e-05
8.087188859788890674e-06
1.072645614983957714e-05
8.074893064483026266e-06
2.146411563334953100e-05
7.999827984935819702e-06
1.083517613220813660e-05
2.701618631026340215e-06
2.537290198992946398e-07
8.227948612630849151e-06
3.235014725181660928e-05
8.307145242524296508e-06
2.580162914966208921e-07
1.084235913926890740e-05
4.337749488321666289e-05
1.622059722082450171e-05
2.185697249339558829e-05
2.188439038239353501e-05
6.595312758870768943e-05
1.947641192149674410e-05
1.070797853717124230e-05
1.060582684177604102e-05
3.229884720762818385e-05
3.569570246641017117e-05
1.090087995426578134e-04
5.527794068704820768e-05
1.090704755987412006e-04
5.559380378880146275e-05
1.080567687560056412e-04
6.617299018732302103e-05
1.541680025844350719e-04
7.722386683943747207e-05
1.510108896670545237e-04
8.626759283763626052e-05
1.992812852262938826e-04
1.418999343628488292e-04
3.663804227710710528e-04
2.980488026191920590e-04
7.998447536517018855e-04
1.599268786155012487e-02
6.376696830400280236e-02
