1.776686414771175259e+04
4.361806324918420614e+03
3.711242777856846864e+00
1.827779295453530795e+00
3.566065070971109030e+00
1.699908396355089835e+00
3.333276771542191597e+00
1.600266290442010853e+00
3.158403544714133648e+00
1.512129333386069252e+00
2.947042890181426955e+00
1.462673519550663936e+00
2.836546961082616836e+00
1.418879232362046494e+00
2.767624124628170534e+00
1.329543621424877919e+00
2.548852406151993488e+00
1.262585272735492925e+00
2.478043930485585022e+00
1.242564393633597275e+00
2.352056308058900314e+00
1.194701100536983418e+00
2.294883129652310672e+00
1.094846186203186189e+00
2.184660226545481976e+00
1.092614529933135792e+00
2.124230809133103914e+00
1.042603555593102804e+00
2.018806288301952190e+00
9.788706890716712961e-01
1.933399974423666956e+00
9.416293264806456786e-01
1.873570375182456393e+00
8.990733377965908213e-01
1.840785464707403118e+00
8.836081699021596236e-01
1.729924731966933971e+00
8.646731712250778079e-01
1.646240479496656972e+00
8.183712506192438729e-01
1.638252464452146784e+00
8.033604950491685104e-01
1.547747289919368274e+00
7.524637121264214912e-01
1.517074323285191539e+00
7.271551778335365590e-01
1.458767095388842083e+00
7.071820705229363568e-01
1.429538116065041331e+00
