4.603449255228042603e-03
3.570077009499073029e-03
2.722143428400158882e-03
2.994599286466836929e-03
2.820989349856972694e-03
2.596294507384300232e-03
2.575191203504800797e-03
2.739765215665102005e-03
2.924140542745590210e-03
2.533516148105263710e-03
2.494498621672391891e-03
2.740828087553381920e-03
2.697027288377285004e-03
2.392171183601021767e-03
3.252996364608407021e-03
2.594168530777096748e-03
2.843447960913181305e-03
2.760337200015783310e-03
2.863727509975433350e-03
3.046747297048568726e-03
3.047810401767492294e-03
3.048341954126954079e-03
3.005603794008493423e-03
2.595763187855482101e-03
3.091372083872556686e-03
2.800949150696396828e-03
2.966586267575621605e-03
2.615803154185414314e-03
3.399656154215335846e-03
3.065724857151508331e-03
2.985563594847917557e-03
2.946546301245689392e-03
2.762463176622986794e-03
3.293608548119664192e-03
2.842624206095933914e-03
3.254059469327330589e-03
3.254059469327330589e-03
3.232424845919013023e-03
3.377490211278200150e-03
2.822052221745252609e-03
3.048341954126954079e-03
3.356147557497024536e-03
3.808195237070322037e-03
3.295734524726867676e-03
3.687129588797688484e-03
3.911293111741542816e-03
3.666557837277650833e-03
4.136519506573677063e-03
4.057713784277439117e-03
4.513720516115427017e-03
4.530864302068948746e-03
4.426650237292051315e-03
3.829829860478639603e-03
4.715186078101396561e-03
4.199829418212175369e-03
4.632899537682533264e-03
4.406078718602657318e-03
4.634254612028598785e-03
5.087896250188350677e-03
5.088427569717168808e-03
5.047284066677093506e-03
5.639852490276098251e-03
5.662842653691768646e-03
5.270624067634344101e-03
5.355622153729200363e-03
6.075048819184303284e-03
6.425592117011547089e-03
6.531879771500825882e-03
6.527388468384742737e-03
6.505514495074748993e-03
7.231372874230146408e-03
8.008794859051704407e-03
7.389515638351440430e-03
8.216160349547863007e-03
8.607262745499610901e-03
8.236147463321685791e-03
9.473934769630432129e-03
8.918736129999160767e-03
9.598960168659687042e-03
9.888026863336563110e-03
9.682123549282550812e-03
1.177744194865226746e-02
1.243921834975481033e-02
1.366214733570814133e-02
1.332245022058486938e-02
1.417131256312131882e-02
1.632858440279960632e-02
1.721800677478313446e-02
1.755831763148307800e-02
1.984933018684387207e-02
2.276273444294929504e-02
2.338560111820697784e-02
2.627651765942573547e-02
2.933139540255069733e-02
3.420155867934226990e-02
3.940937668085098267e-02
4.752388969063758850e-02
7.079224288463592529e-02
9.739443659782409668e-02
