6.218429803848266602e-01
8.757099509239196777e-02
4.271245002746582031e-02
2.669528126716613770e-02
2.208903804421424866e-02
1.698552817106246948e-02
1.347849983721971512e-02
1.253631338477134705e-02
1.054725330322980881e-02
9.526551701128482819e-03
8.034756407141685486e-03
6.595305167138576508e-03
6.726164370775222778e-03
6.150383502244949341e-03
5.522259511053562164e-03
4.841791465878486633e-03
5.469915457069873810e-03
3.951948601752519608e-03
4.292182624340057373e-03
4.266010597348213196e-03
3.873432986438274384e-03
3.533198963850736618e-03
3.507027169689536095e-03
3.271480556577444077e-03
2.931246533989906311e-03
2.512497361749410629e-03
3.035933943465352058e-03
3.062105737626552582e-03
2.617184538394212723e-03
2.931246533989906311e-03
2.721871715039014816e-03
2.878902945667505264e-03
2.983590355142951012e-03
2.643356332555413246e-03
2.486325334757566452e-03
3.062105737626552582e-03
2.276950515806674957e-03
2.591012511402368546e-03
2.721871715039014816e-03
2.407809719443321228e-03
2.041403902694582939e-03
2.355465898290276527e-03
2.460153307765722275e-03
2.276950515806674957e-03
2.224606694653630257e-03
2.224606927484273911e-03
2.538668923079967499e-03
2.041403902694582939e-03
1.962888287380337715e-03
1.989060314372181892e-03
