7.091370224952697754e-01
6.055482849478721619e-02
2.597402594983577728e-02
1.844309270381927490e-02
1.191116590052843094e-02
8.837317116558551788e-03
9.067855775356292725e-03
7.684622891247272491e-03
6.685622036457061768e-03
4.610773175954818726e-03
5.994006525725126266e-03
5.532929208129644394e-03
4.687619861215353012e-03
3.611772786825895309e-03
4.226542543619871140e-03
4.226542543619871140e-03
3.765465458855032921e-03
2.997003262862563133e-03
2.997003262862563133e-03
2.766464604064822197e-03
2.535925712436437607e-03
3.073849249631166458e-03
2.997003262862563133e-03
3.150695469230413437e-03
2.689618151634931564e-03
3.073849249631166458e-03
2.459079725667834282e-03
1.536924624815583229e-03
2.228540601208806038e-03
1.613770960830152035e-03
8.453084737993776798e-04
2.074848162010312080e-03
1.844309386797249317e-03
1.460078405216336250e-03
2.074848162010312080e-03
1.998001942411065102e-03
1.460078405216336250e-03
1.690616947598755360e-03
2.305386587977409363e-03
1.998001942411065102e-03
1.613770960830152035e-03
1.536924624815583229e-03
1.536924624815583229e-03
1.536924624815583229e-03
1.998001942411065102e-03
1.921155722811818123e-03
1.229539862833917141e-03
9.990009712055325508e-04
2.074848162010312080e-03
1.767463283613324165e-03
7.684623124077916145e-04
1.536924624815583229e-03
8.453084737993776798e-04
1.152693293988704681e-03
9.221546933986246586e-04
1.152693293988704681e-03
8.453084737993776798e-04
9.990009712055325508e-04
1.229539862833917141e-03
1.306385966017842293e-03
9.990009712055325508e-04
5.379235954023897648e-04
1.152693293988704681e-03
6.147699314169585705e-04
1.229539862833917141e-03
1.152693293988704681e-03
1.075847190804779530e-03
5.379235954023897648e-04
1.460078405216336250e-03
1.152693293988704681e-03
1.306385966017842293e-03
9.221546933986246586e-04
8.453084737993776798e-04
5.379235954023897648e-04
6.147699314169585705e-04
5.379235954023897648e-04
7.684623124077916145e-04
9.990009712055325508e-04
5.379235954023897648e-04
4.610773466993123293e-04
8.453084737993776798e-04
4.610773466993123293e-04
8.453084737993776798e-04
6.147699314169585705e-04
3.073849657084792852e-04
7.684623124077916145e-04
4.610773466993123293e-04
6.916161510162055492e-04
2.305386733496561646e-04
4.610773466993123293e-04
7.684623124077916145e-04
2.305386733496561646e-04
5.379235954023897648e-04
1.536924828542396426e-04
2.305386733496561646e-04
3.842311562038958073e-04
7.684624142711982131e-05
2.305386733496561646e-04
3.842311562038958073e-04
