5.101667237048765458e+00
1.387766990475887141e+00
2.923684492476893437e-01
1.759856119602682678e-01
4.174980766580026481e-01
1.634197503592843270e-01
2.583035359783409368e-01
1.461374076961420576e-01
3.265841486964968232e-01
1.574929211508674654e-01
2.995172452858363976e-01
1.543001434543719297e-01
3.157896851393565130e-01
1.874518780961239861e-01
4.465459551247334402e-01
1.902145433306833555e-01
3.273086648244211694e-01
1.808603378373514758e-01
3.987180847953579188e-01
2.028329520436542022e-01
4.092586676516742905e-01
2.160299744677849076e-01
4.762237858364486986e-01
2.509956361413523407e-01
5.247179507312795810e-01
2.744950923984431079e-01
5.568123795198421933e-01
3.056379314788940094e-01
6.638441203439752192e-01
3.112854960965603102e-01
6.173603981865903867e-01
3.294945090292960566e-01
6.856837386721288397e-01
3.789954123801457242e-01
8.195088598636343091e-01
4.924192649402543420e-01
1.118062766805650421e+00
5.823641595023493212e-01
1.140055300605947730e+00
6.619938827418813121e-01
1.492000425057881774e+00
8.147921464540571757e-01
1.701560339418785039e+00
1.068531496779249634e+00
2.461086752638298236e+00
1.628117737343215632e+00
4.036236463294966548e+00
9.903675119523063231e+00
3.638019551028104814e+01
