1.333037356176593457e+05
3.375287815532537206e+04
6.001841085661102397e+02
2.972264100432579426e+02
5.984106037425704017e+02
2.874490829436937247e+02
5.747826548336935275e+02
2.710975693216199147e+02
5.360161353800140205e+02
2.373619374617670132e+02
4.027447184133191627e+02
2.197042828900609095e+02
4.624857181192588769e+02
2.117262259861782070e+02
3.946533540612522302e+02
2.063857864579555326e+02
4.062672007740945332e+02
1.910024700948287659e+02
3.342417486187277404e+02
1.819062096139253697e+02
3.852361682730185635e+02
1.958143914396806338e+02
3.962399192882820671e+02
1.924683554486366006e+02
3.658389005956497613e+02
1.811571489285331609e+02
3.653907732568718529e+02
1.860552860614798192e+02
3.757042208765288933e+02
1.886187303579144157e+02
3.665288298910836602e+02
1.718732751890418626e+02
3.234252638386712420e+02
1.605948413287046321e+02
3.341165167722068645e+02
1.651278956262819690e+02
3.183657066198033476e+02
1.417197810118818779e+02
2.574604057581287293e+02
1.245533367287037692e+02
2.420733238277215662e+02
1.161959361543307807e+02
2.294007835349365791e+02
1.166879992378819964e+02
2.357092880749888479e+02
1.024522411554793280e+02
1.765134160931287397e+02
8.058214859210880832e+01
1.369455919502372012e+02
