5.222147420013842911e-01
1.331937152860987739e-01
2.866299597117059547e-02
1.331653264755767140e-02
2.517701600881438323e-02
1.296600664044033485e-02
2.559577775231838825e-02
1.088636508765328595e-02
1.718631710936931525e-02
1.189651127579776160e-02
2.903786803692717453e-02
1.440548443182794458e-02
2.879421317130362659e-02
1.376591749634232392e-02
2.677883504573061804e-02
1.390779554309829781e-02
3.094573473126190771e-02
1.658304996097671388e-02
3.488573351701121372e-02
1.825577736463324802e-02
3.703023513251192667e-02
1.982078828944860635e-02
4.193421676222103961e-02
2.245231821359845378e-02
4.654481125147082871e-02
2.604527763429955942e-02
5.617857590884226676e-02
2.994349121166330410e-02
6.762096470404187210e-02
3.442071338750372911e-02
7.166047266778732827e-02
3.638133052932635697e-02
7.155929731716532960e-02
4.201454399744760509e-02
9.744405492152501125e-02
5.402797714002740420e-02
1.150390977542493504e-01
6.896889360573142669e-02
1.587714029008980565e-01
9.503629650582137711e-02
2.149866077340889803e-01
1.363044572002463650e-01
3.236390705228781584e-01
2.160030199256256500e-01
5.322743507610682157e-01
3.718805497934201121e-01
9.559249771764425363e-01
4.083536847461946451e+00
1.510058746685898257e+01
