2.026342554017901421e-03
1.393110491335391998e-03
1.076494459994137287e-03
5.065856385044753551e-04
7.598784286528825760e-04
5.699088214896619320e-04
6.332320044748485088e-04
4.432623973116278648e-04
6.332320044748485088e-04
5.699088214896619320e-04
3.166160022374242544e-04
3.799392143264412880e-04
5.065856385044753551e-04
3.799392143264412880e-04
6.332320044748485088e-04
5.699088214896619320e-04
3.166160022374242544e-04
1.899696071632206440e-04
3.799392143264412880e-04
4.432623973116278648e-04
2.532928192522376776e-04
1.266464096261188388e-04
1.899696071632206440e-04
1.899696071632206440e-04
3.799392143264412880e-04
3.799392143264412880e-04
2.532928192522376776e-04
3.799392143264412880e-04
2.532928192522376776e-04
1.266464096261188388e-04
3.166160022374242544e-04
4.432623973116278648e-04
1.266464096261188388e-04
6.332320481305941939e-05
3.799392143264412880e-04
1.899696071632206440e-04
2.532928192522376776e-04
4.432623973116278648e-04
3.166160022374242544e-04
5.065856385044753551e-04
3.799392143264412880e-04
3.166160022374242544e-04
4.432623973116278648e-04
4.432623973116278648e-04
3.166160022374242544e-04
4.432623973116278648e-04
1.899696071632206440e-04
4.432623973116278648e-04
4.432623973116278648e-04
2.532928192522376776e-04
5.065856385044753551e-04
1.899696071632206440e-04
1.899696071632206440e-04
3.799392143264412880e-04
3.799392143264412880e-04
2.532928192522376776e-04
2.532928192522376776e-04
4.432623973116278648e-04
4.432623973116278648e-04
3.799392143264412880e-04
4.432623973116278648e-04
5.699088214896619320e-04
3.799392143264412880e-04
5.065856385044753551e-04
9.498480358161032200e-04
6.965552456676959991e-04
6.965552456676959991e-04
6.965552456676959991e-04
3.166160022374242544e-04
8.865247946232557297e-04
1.013171277008950710e-03
5.065856385044753551e-04
1.266464008949697018e-03
7.598784286528825760e-04
8.865247946232557297e-04
6.332320044748485088e-04
5.065856385044753551e-04
9.498480358161032200e-04
1.203140825964510441e-03
1.519756857305765152e-03
1.329787191934883595e-03
1.583080040290951729e-03
1.519756857305765152e-03
2.026342554017901421e-03
1.899696071632206440e-03
2.279635285958647728e-03
2.279635285958647728e-03
1.646403223276138306e-03
2.659574383869767189e-03
2.596251200884580612e-03
2.849544165655970573e-03
3.799392143264412880e-03
4.242654424160718918e-03
5.509118549525737762e-03
6.648936308920383453e-03
8.928571827709674835e-03
1.310790237039327621e-02
2.437943220138549805e-02
5.097517743706703186e-02
