6.176065802574157715e-01
8.143053948879241943e-02
4.016506299376487732e-02
2.888583205640316010e-02
2.090783976018428802e-02
1.595598272979259491e-02
1.017881743609905243e-02
8.803301490843296051e-03
8.803301490843296051e-03
6.052269600331783295e-03
7.702888455241918564e-03
6.327372975647449493e-03
6.877579260617494583e-03
3.851444227620959282e-03
6.602475885301828384e-03
2.475928515195846558e-03
3.851444227620959282e-03
2.200825372710824013e-03
1.650618971325457096e-03
5.226959940046072006e-03
3.576341085135936737e-03
4.401650745421648026e-03
2.751031657680869102e-03
2.751031657680869102e-03
3.026134800165891647e-03
2.200825372710824013e-03
3.026134800165891647e-03
2.200825372710824013e-03
2.200825372710824013e-03
1.925722113810479641e-03
1.650618971325457096e-03
1.650618971325457096e-03
5.502063431777060032e-04
1.100412686355412006e-03
1.650618971325457096e-03
2.475928515195846558e-03
1.375515828840434551e-03
1.375515828840434551e-03
1.100412686355412006e-03
5.502063431777060032e-04
2.475928515195846558e-03
8.253094856627285480e-04
1.650618971325457096e-03
8.253094856627285480e-04
2.751031715888530016e-04
2.475928515195846558e-03
5.502063431777060032e-04
1.375515828840434551e-03
1.100412686355412006e-03
8.253094856627285480e-04
1.650618971325457096e-03
8.253094856627285480e-04
2.200825372710824013e-03
8.253094856627285480e-04
1.375515828840434551e-03
1.375515828840434551e-03
1.375515828840434551e-03
1.375515828840434551e-03
1.375515828840434551e-03
1.375515828840434551e-03
1.375515828840434551e-03
1.650618971325457096e-03
1.100412686355412006e-03
2.751031715888530016e-04
5.502063431777060032e-04
5.502063431777060032e-04
1.100412686355412006e-03
1.650618971325457096e-03
2.751031715888530016e-04
1.100412686355412006e-03
5.502063431777060032e-04
1.925722113810479641e-03
2.751031715888530016e-04
5.502063431777060032e-04
1.375515828840434551e-03
8.253094856627285480e-04
2.751031715888530016e-04
1.100412686355412006e-03
5.502063431777060032e-04
8.253094856627285480e-04
1.375515828840434551e-03
5.502063431777060032e-04
2.200825372710824013e-03
5.502063431777060032e-04
1.650618971325457096e-03
5.502063431777060032e-04
1.375515828840434551e-03
8.253094856627285480e-04
1.100412686355412006e-03
1.650618971325457096e-03
2.200825372710824013e-03
1.375515828840434551e-03
5.502063431777060032e-04
1.375515828840434551e-03
1.100412686355412006e-03
1.650618971325457096e-03
1.100412686355412006e-03
3.026134800165891647e-03
1.925722113810479641e-03
