4.758064448833465576e-01
7.661290466785430908e-02
5.241935327649116516e-02
3.225806355476379395e-02
3.225806355476379395e-02
1.612903177738189697e-02
1.209677383303642273e-02
1.209677383303642273e-02
2.419354766607284546e-02
8.064515888690948486e-03
4.032257944345474243e-03
0.000000000000000000e+00
1.209677383303642273e-02
0.000000000000000000e+00
8.064515888690948486e-03
4.032257944345474243e-03
4.032257944345474243e-03
8.064515888690948486e-03
4.032257944345474243e-03
0.000000000000000000e+00
4.032257944345474243e-03
1.612903177738189697e-02
4.032257944345474243e-03
0.000000000000000000e+00
4.032257944345474243e-03
4.032257944345474243e-03
4.032257944345474243e-03
1.209677383303642273e-02
8.064515888690948486e-03
0.000000000000000000e+00
4.032257944345474243e-03
4.032257944345474243e-03
8.064515888690948486e-03
0.000000000000000000e+00
4.032257944345474243e-03
4.032257944345474243e-03
8.064515888690948486e-03
4.032257944345474243e-03
4.032257944345474243e-03
4.032257944345474243e-03
0.000000000000000000e+00
4.032257944345474243e-03
0.000000000000000000e+00
8.064515888690948486e-03
8.064515888690948486e-03
0.000000000000000000e+00
1.209677383303642273e-02
4.032257944345474243e-03
8.064515888690948486e-03
0.000000000000000000e+00
0.000000000000000000e+00
4.032257944345474243e-03
0.000000000000000000e+00
4.032257944345474243e-03
0.000000000000000000e+00
0.000000000000000000e+00
4.032257944345474243e-03
0.000000000000000000e+00
0.000000000000000000e+00
8.064515888690948486e-03
0.000000000000000000e+00
4.032257944345474243e-03
4.032257944345474243e-03
0.000000000000000000e+00
4.032257944345474243e-03
4.032257944345474243e-03
4.032257944345474243e-03
4.032257944345474243e-03
4.032257944345474243e-03
0.000000000000000000e+00
0.000000000000000000e+00
0.000000000000000000e+00
0.000000000000000000e+00
0.000000000000000000e+00
0.000000000000000000e+00
0.000000000000000000e+00
4.032257944345474243e-03
0.000000000000000000e+00
0.000000000000000000e+00
0.000000000000000000e+00
0.000000000000000000e+00
4.032257944345474243e-03
0.000000000000000000e+00
0.000000000000000000e+00
0.000000000000000000e+00
0.000000000000000000e+00
0.000000000000000000e+00
0.000000000000000000e+00
0.000000000000000000e+00
0.000000000000000000e+00
0.000000000000000000e+00
0.000000000000000000e+00
0.000000000000000000e+00
0.000000000000000000e+00
0.000000000000000000e+00
4.032257944345474243e-03
4.032257944345474243e-03
0.000000000000000000e+00
4.032257944345474243e-03
0.000000000000000000e+00
