1.091490406543016434e-02
9.016660042107105255e-03
6.718785036355257034e-03
6.868646480143070221e-03
6.344131659716367722e-03
6.044408772140741348e-03
5.694732535630464554e-03
4.995379131287336349e-03
4.870494827628135681e-03
4.895471502095460892e-03
5.295102018862962723e-03
4.345980007201433182e-03
3.646626835688948631e-03
4.645702894777059555e-03
3.996303305029869080e-03
3.446811810135841370e-03
3.871419001370668411e-03
3.321927273645997047e-03
3.571696113795042038e-03
3.571696113795042038e-03
3.346904180943965912e-03
3.521742299199104309e-03
3.471788484603166580e-03
2.922296989709138870e-03
3.721557557582855225e-03
3.471788484603166580e-03
3.446811810135841370e-03
2.872343175113201141e-03
3.696580650284886360e-03
3.147088922560214996e-03
2.897320082411170006e-03
3.421834902837872505e-03
3.197042737156152725e-03
3.097135107964277267e-03
3.022204386070370674e-03
2.947273664176464081e-03
3.271973459050059319e-03
2.897320082411170006e-03
3.022204386070370674e-03
3.396857995539903641e-03
3.172065829858183861e-03
3.371881088241934776e-03
3.246996551752090454e-03
2.972250571474432945e-03
3.496765391901135445e-03
3.671603742986917496e-03
3.346904180943965912e-03
3.696580650284886360e-03
3.471788484603166580e-03
3.396857995539903641e-03
3.821465186774730682e-03
4.370956681668758392e-03
3.596673021093010902e-03
3.896395908668637276e-03
3.596673021093010902e-03
3.671603742986917496e-03
3.246996551752090454e-03
3.721557557582855225e-03
3.846442094072699547e-03
3.996303305029869080e-03
4.146164748817682266e-03
4.046257119625806808e-03
4.096210934221744537e-03
4.595749080181121826e-03
3.946349490433931351e-03
4.296026192605495453e-03
4.420910496264696121e-03
5.819616839289665222e-03
5.320079158991575241e-03
5.844593979418277740e-03
5.944501142948865891e-03
5.444963462650775909e-03
5.869570653885602951e-03
6.344131659716367722e-03
6.518969777971506119e-03
6.219247356057167053e-03
6.643854547291994095e-03
7.118415553122758865e-03
7.093438412994146347e-03
8.292329497635364532e-03
8.067537099123001099e-03
8.991682901978492737e-03
9.191498160362243652e-03
9.790943004190921783e-03
1.001573540270328522e-02
1.059020403772592545e-02
1.181407179683446884e-02
1.321277860552072525e-02
1.331268530339002609e-02
1.463646162301301956e-02
1.720908097922801971e-02
1.980667933821678162e-02
2.215450629591941833e-02
2.425256557762622833e-02
2.824886888265609741e-02
3.294452652335166931e-02
4.523316025733947754e-02
6.041911244392395020e-02
9.428778290748596191e-02
