2.496516564860939980e-03
1.915931235998868942e-03
9.289363515563309193e-04
8.128193439915776253e-04
1.509521622210741043e-03
6.386437453329563141e-04
8.128193439915776253e-04
6.967022782191634178e-04
5.805852124467492104e-04
4.064096719957888126e-04
6.967022782191634178e-04
4.064096719957888126e-04
7.547608111053705215e-04
5.805852124467492104e-04
4.064096719957888126e-04
2.322340878890827298e-04
4.064096719957888126e-04
4.644681757781654596e-04
4.644681757781654596e-04
2.322340878890827298e-04
2.902926062233746052e-04
2.902926062233746052e-04
2.902926062233746052e-04
2.322340878890827298e-04
4.064096719957888126e-04
5.225266795605421066e-04
2.322340878890827298e-04
2.902926062233746052e-04
4.064096719957888126e-04
4.064096719957888126e-04
1.161170439445413649e-04
4.064096719957888126e-04
4.064096719957888126e-04
2.902926062233746052e-04
3.483511391095817089e-04
1.741755695547908545e-04
4.644681757781654596e-04
2.902926062233746052e-04
5.805852197227068245e-05
1.161170439445413649e-04
3.483511391095817089e-04
5.225266795605421066e-04
2.322340878890827298e-04
4.644681757781654596e-04
2.322340878890827298e-04
4.064096719957888126e-04
3.483511391095817089e-04
4.064096719957888126e-04
2.902926062233746052e-04
1.161170439445413649e-04
4.064096719957888126e-04
1.161170439445413649e-04
6.386437453329563141e-04
2.322340878890827298e-04
2.902926062233746052e-04
4.064096719957888126e-04
3.483511391095817089e-04
8.128193439915776253e-04
2.902926062233746052e-04
6.967022782191634178e-04
3.483511391095817089e-04
4.644681757781654596e-04
3.483511391095817089e-04
6.967022782191634178e-04
7.547608111053705215e-04
4.064096719957888126e-04
4.064096719957888126e-04
4.064096719957888126e-04
1.045053359121084213e-03
5.225266795605421066e-04
4.644681757781654596e-04
7.547608111053705215e-04
6.386437453329563141e-04
7.547608111053705215e-04
1.045053359121084213e-03
1.219228957779705524e-03
1.277287490665912628e-03
1.103111892007291317e-03
9.869949426501989365e-04
8.708778186701238155e-04
1.103111892007291317e-03
1.509521622210741043e-03
1.625638687983155251e-03
2.438457915559411049e-03
1.799814170226454735e-03
2.496516564860939980e-03
2.264282433316111565e-03
2.438457915559411049e-03
2.032048301771283150e-03
3.483511274680495262e-03
4.238272085785865784e-03
3.773804055526852608e-03
4.702740348875522614e-03
5.747793707996606827e-03
7.083139847964048386e-03
8.592661470174789429e-03
1.521133258938789368e-02
2.264282479882240295e-02
4.847886785864830017e-02
