0.000000000000000000e+00
0.000000000000000000e+00
0.000000000000000000e+00
1.926782279042527080e-04
0.000000000000000000e+00
0.000000000000000000e+00
0.000000000000000000e+00
0.000000000000000000e+00
1.926782279042527080e-04
0.000000000000000000e+00
1.926782279042527080e-04
0.000000000000000000e+00
0.000000000000000000e+00
1.926782279042527080e-04
0.000000000000000000e+00
0.000000000000000000e+00
0.000000000000000000e+00
0.000000000000000000e+00
0.000000000000000000e+00
1.926782279042527080e-04
0.000000000000000000e+00
0.000000000000000000e+00
0.000000000000000000e+00
3.853564558085054159e-04
0.000000000000000000e+00
0.000000000000000000e+00
0.000000000000000000e+00
0.000000000000000000e+00
0.000000000000000000e+00
0.000000000000000000e+00
0.000000000000000000e+00
0.000000000000000000e+00
0.000000000000000000e+00
0.000000000000000000e+00
0.000000000000000000e+00
0.000000000000000000e+00
0.000000000000000000e+00
0.000000000000000000e+00
1.926782279042527080e-04
0.000000000000000000e+00
0.000000000000000000e+00
0.000000000000000000e+00
0.000000000000000000e+00
0.000000000000000000e+00
0.000000000000000000e+00
0.000000000000000000e+00
1.926782279042527080e-04
1.926782279042527080e-04
0.000000000000000000e+00
0.000000000000000000e+00
0.000000000000000000e+00
1.926782279042527080e-04
3.853564558085054159e-04
1.926782279042527080e-04
0.000000000000000000e+00
0.000000000000000000e+00
3.853564558085054159e-04
1.926782279042527080e-04
0.000000000000000000e+00
3.853564558085054159e-04
0.000000000000000000e+00
1.926782279042527080e-04
5.780346691608428955e-04
3.853564558085054159e-04
1.926782279042527080e-04
1.926782279042527080e-04
3.853564558085054159e-04
5.780346691608428955e-04
3.853564558085054159e-04
1.926782279042527080e-04
0.000000000000000000e+00
0.000000000000000000e+00
1.926782279042527080e-04
3.853564558085054159e-04
7.707129116170108318e-04
5.780346691608428955e-04
1.926782279042527080e-04
5.780346691608428955e-04
7.707129116170108318e-04
9.633911540731787682e-04
3.853564558085054159e-04
5.780346691608428955e-04
3.853564558085054159e-04
1.348747638985514641e-03
5.780346691608428955e-04
1.734104007482528687e-03
1.734104007482528687e-03
2.697495277971029282e-03
1.734104007482528687e-03
1.734104007482528687e-03
2.312138676643371582e-03
4.046242684125900269e-03
3.853564616292715073e-03
3.468208014965057373e-03
4.624277353286743164e-03
6.358381360769271851e-03
9.441233240067958832e-03
1.406551059335470200e-02
2.967244759202003479e-02
8.980731964111328125e-01
