8.517561480402946472e-03
5.742176435887813568e-03
6.699205841869115829e-03
6.794908549636602402e-03
5.263661500066518784e-03
5.646473262459039688e-03
4.498037975281476974e-03
4.498037975281476974e-03
4.019523505121469498e-03
2.679682336747646332e-03
2.679682336747646332e-03
3.923820331692695618e-03
3.158197039738297462e-03
2.583979396149516106e-03
4.019523505121469498e-03
2.201167633756995201e-03
2.966791158542037010e-03
2.775385277345776558e-03
2.488276455551385880e-03
2.775385277345776558e-03
2.105464693158864975e-03
2.679682336747646332e-03
2.583979396149516106e-03
2.871088217943906784e-03
2.296870574355125427e-03
2.296870574355125427e-03
3.062494099140167236e-03
3.349602920934557915e-03
2.775385277345776558e-03
2.966791158542037010e-03
2.009761752560734749e-03
2.392573514953255653e-03
3.062494099140167236e-03
2.392573514953255653e-03
2.966791158542037010e-03
2.679682336747646332e-03
2.296870574355125427e-03
2.679682336747646332e-03
2.488276455551385880e-03
2.009761752560734749e-03
2.392573514953255653e-03
2.775385277345776558e-03
3.253899980336427689e-03
2.296870574355125427e-03
4.402335267513990402e-03
2.775385277345776558e-03
2.488276455551385880e-03
3.828117623925209045e-03
2.488276455551385880e-03
3.062494099140167236e-03
2.201167633756995201e-03
2.871088217943906784e-03
2.871088217943906784e-03
3.636711742728948593e-03
2.583979396149516106e-03
4.115226212888956070e-03
2.583979396149516106e-03
2.488276455551385880e-03
3.349602920934557915e-03
3.541008802130818367e-03
3.445305861532688141e-03
2.871088217943906784e-03
4.019523505121469498e-03
3.732414683327078819e-03
3.445305861532688141e-03
3.541008802130818367e-03
3.828117623925209045e-03
3.828117623925209045e-03
4.115226212888956070e-03
4.402335267513990402e-03
4.402335267513990402e-03
4.498037975281476974e-03
4.880849737673997879e-03
5.550770554691553116e-03
6.794908549636602402e-03
4.402335267513990402e-03
5.550770554691553116e-03
7.273423485457897186e-03
6.794908549636602402e-03
6.794908549636602402e-03
7.656235247850418091e-03
6.794908549636602402e-03
8.517561480402946472e-03
9.283185005187988281e-03
1.062302570790052414e-02
1.033591758459806442e-02
1.167575828731060028e-02
1.263278815895318985e-02
1.339841168373823166e-02
1.320700533688068390e-02
1.531247049570083618e-02
1.799215190112590790e-02
2.000191435217857361e-02
2.229878492653369904e-02
2.717963419854640961e-02
3.186907991766929626e-02
4.268351197242736816e-02
5.665614083409309387e-02
8.326155692338943481e-02
