5.547553300857543945e-01
1.095106154680252075e-01
5.706371366977691650e-02
3.213296458125114441e-02
2.326869778335094452e-02
1.865189336240291595e-02
1.643582619726657867e-02
9.233610704541206360e-03
9.418282657861709595e-03
8.310249075293540955e-03
8.310249075293540955e-03
7.017544005066156387e-03
5.170821677893400192e-03
6.094182841479778290e-03
4.432132933288812637e-03
3.508772002533078194e-03
4.432132933288812637e-03
4.247460979968309402e-03
2.770083025097846985e-03
2.770083025097846985e-03
4.986149724572896957e-03
2.770083025097846985e-03
2.954755211248993874e-03
2.770083025097846985e-03
3.508772002533078194e-03
2.031394280493259430e-03
2.770083025097846985e-03
1.477377605624496937e-03
3.324099816381931305e-03
2.400738652795553207e-03
2.585410838946700096e-03
2.400738652795553207e-03
1.477377605624496937e-03
2.216066466644406319e-03
1.846722094342112541e-03
1.846722094342112541e-03
1.662049908190965652e-03
1.662049908190965652e-03
1.292705419473350048e-03
1.477377605624496937e-03
1.846722094342112541e-03
1.846722094342112541e-03
2.400738652795553207e-03
1.292705419473350048e-03
9.233610471710562706e-04
2.216066466644406319e-03
1.108033233322203159e-03
5.540166166611015797e-04
7.386888028122484684e-04
5.540166166611015797e-04
5.540166166611015797e-04
1.846722007030621171e-04
7.386888028122484684e-04
7.386888028122484684e-04
5.540166166611015797e-04
9.233610471710562706e-04
1.477377605624496937e-03
1.108033233322203159e-03
9.233610471710562706e-04
5.540166166611015797e-04
7.386888028122484684e-04
5.540166166611015797e-04
3.693444014061242342e-04
1.846722007030621171e-04
1.662049908190965652e-03
1.108033233322203159e-03
5.540166166611015797e-04
7.386888028122484684e-04
3.693444014061242342e-04
1.108033233322203159e-03
9.233610471710562706e-04
1.108033233322203159e-03
1.108033233322203159e-03
5.540166166611015797e-04
7.386888028122484684e-04
9.233610471710562706e-04
7.386888028122484684e-04
3.693444014061242342e-04
9.233610471710562706e-04
1.477377605624496937e-03
5.540166166611015797e-04
1.846722007030621171e-04
1.292705419473350048e-03
9.233610471710562706e-04
9.233610471710562706e-04
9.233610471710562706e-04
9.233610471710562706e-04
7.386888028122484684e-04
1.846722094342112541e-03
1.108033233322203159e-03
3.693444014061242342e-04
1.662049908190965652e-03
1.292705419473350048e-03
1.108033233322203159e-03
1.292705419473350048e-03
1.292705419473350048e-03
2.400738652795553207e-03
2.216066466644406319e-03
2.216066466644406319e-03
