6.206745505332946777e-01
8.585195243358612061e-02
3.197547048330307007e-02
2.233902737498283386e-02
2.146298810839653015e-02
1.314060483127832413e-02
1.226456463336944580e-02
9.198423475027084351e-03
1.007446367293596268e-02
6.132282316684722900e-03
7.008322514593601227e-03
4.818221554160118103e-03
5.694261752068996429e-03
5.256241653114557266e-03
3.504161257296800613e-03
5.694261752068996429e-03
5.256241653114557266e-03
6.132282316684722900e-03
3.066141158342361450e-03
4.818221554160118103e-03
2.190100727602839470e-03
4.818221554160118103e-03
2.628120826557278633e-03
2.190100727602839470e-03
4.380201455205678940e-03
3.942181356251239777e-03
3.504161257296800613e-03
2.628120826557278633e-03
3.504161257296800613e-03
3.942181356251239777e-03
1.752080628648400307e-03
1.752080628648400307e-03
2.628120826557278633e-03
8.760403143242001534e-04
1.314060413278639317e-03
8.760403143242001534e-04
4.380201571621000767e-04
1.752080628648400307e-03
1.314060413278639317e-03
1.752080628648400307e-03
2.190100727602839470e-03
8.760403143242001534e-04
1.314060413278639317e-03
8.760403143242001534e-04
3.066141158342361450e-03
8.760403143242001534e-04
8.760403143242001534e-04
8.760403143242001534e-04
8.760403143242001534e-04
1.314060413278639317e-03
8.760403143242001534e-04
8.760403143242001534e-04
8.760403143242001534e-04
4.380201571621000767e-04
8.760403143242001534e-04
0.000000000000000000e+00
1.314060413278639317e-03
8.760403143242001534e-04
3.066141158342361450e-03
1.752080628648400307e-03
1.314060413278639317e-03
8.760403143242001534e-04
8.760403143242001534e-04
4.380201571621000767e-04
8.760403143242001534e-04
2.190100727602839470e-03
1.314060413278639317e-03
0.000000000000000000e+00
8.760403143242001534e-04
8.760403143242001534e-04
4.380201571621000767e-04
8.760403143242001534e-04
4.380201571621000767e-04
8.760403143242001534e-04
4.380201571621000767e-04
4.380201571621000767e-04
8.760403143242001534e-04
1.752080628648400307e-03
1.314060413278639317e-03
4.380201571621000767e-04
8.760403143242001534e-04
8.760403143242001534e-04
8.760403143242001534e-04
8.760403143242001534e-04
4.380201571621000767e-04
8.760403143242001534e-04
3.066141158342361450e-03
4.380201571621000767e-04
1.314060413278639317e-03
8.760403143242001534e-04
1.314060413278639317e-03
1.314060413278639317e-03
8.760403143242001534e-04
1.314060413278639317e-03
2.190100727602839470e-03
2.190100727602839470e-03
1.314060413278639317e-03
8.760403143242001534e-04
1.314060413278639317e-03
