1.986062824726104736e-01
1.254355311393737793e-01
6.968640536069869995e-02
3.484320268034934998e-02
4.878048971295356750e-02
2.787456288933753967e-02
3.135888278484344482e-02
2.090592309832572937e-02
1.742160134017467499e-02
2.787456475198268890e-02
1.393728237599134445e-02
1.045296061784029007e-02
1.742160320281982422e-02
3.484320593997836113e-03
6.968641187995672226e-03
2.787456288933753967e-02
3.484320593997836113e-03
1.393728237599134445e-02
6.968641187995672226e-03
1.045296154916286469e-02
1.393728237599134445e-02
3.484320593997836113e-03
6.968641187995672226e-03
1.393728144466876984e-02
1.045296154916286469e-02
3.484320593997836113e-03
6.968641187995672226e-03
1.393728144466876984e-02
6.968641187995672226e-03
3.484320593997836113e-03
6.968641187995672226e-03
1.045296154916286469e-02
3.484320593997836113e-03
6.968641187995672226e-03
6.968641187995672226e-03
3.484320593997836113e-03
1.045296154916286469e-02
0.000000000000000000e+00
2.439024299383163452e-02
6.968641187995672226e-03
1.045296154916286469e-02
1.045296154916286469e-02
1.393728237599134445e-02
3.484320593997836113e-03
6.968641187995672226e-03
1.393728144466876984e-02
1.393728237599134445e-02
0.000000000000000000e+00
1.045296154916286469e-02
3.484320640563964844e-02
