2.724795835092663765e-03
8.174386806786060333e-03
1.089918240904808044e-02
2.724795835092663765e-03
2.724795835092663765e-03
5.449591670185327530e-03
2.724795835092663765e-03
8.174387738108634949e-03
0.000000000000000000e+00
0.000000000000000000e+00
1.089918334037065506e-02
5.449591670185327530e-03
0.000000000000000000e+00
5.449591670185327530e-03
1.089918240904808044e-02
0.000000000000000000e+00
8.174386806786060333e-03
1.089918240904808044e-02
8.174387738108634949e-03
0.000000000000000000e+00
5.449591670185327530e-03
5.449591670185327530e-03
1.362397894263267517e-02
5.449591670185327530e-03
1.634877547621726990e-02
2.724795835092663765e-03
2.724795835092663765e-03
1.362397894263267517e-02
1.089918240904808044e-02
1.907357014715671539e-02
2.724795835092663765e-03
1.634877547621726990e-02
1.362397894263267517e-02
1.089918334037065506e-02
1.362397894263267517e-02
1.907357014715671539e-02
3.542234376072883606e-02
1.907357014715671539e-02
2.997275069355964661e-02
3.814714029431343079e-02
1.907357014715671539e-02
3.269754722714424133e-02
3.269755095243453979e-02
3.814714029431343079e-02
4.632152616977691650e-02
4.904632270336151123e-02
6.267029792070388794e-02
4.904632270336151123e-02
8.446866273880004883e-02
1.880109012126922607e-01
