2.506652772426605225e-01
1.599235236644744873e-01
1.098546683788299561e-01
6.129830703139305115e-02
3.581441566348075867e-02
2.307246811687946320e-02
1.911292038857936859e-02
4.855635762214660645e-02
6.370972841978073120e-03
6.370972841978073120e-03
6.370972841978073120e-03
6.370972841978073120e-03
4.218538850545883179e-02
3.491549566388130188e-02
0.000000000000000000e+00
0.000000000000000000e+00
6.370972841978073120e-03
0.000000000000000000e+00
3.491549566388130188e-02
6.370972841978073120e-03
6.370972841978073120e-03
6.370972841978073120e-03
3.491549566388130188e-02
6.370972841978073120e-03
6.370972841978073120e-03
0.000000000000000000e+00
0.000000000000000000e+00
0.000000000000000000e+00
0.000000000000000000e+00
6.370972841978073120e-03
0.000000000000000000e+00
0.000000000000000000e+00
0.000000000000000000e+00
0.000000000000000000e+00
0.000000000000000000e+00
1.670149527490139008e-02
0.000000000000000000e+00
0.000000000000000000e+00
6.370972841978073120e-03
3.491549566388130188e-02
0.000000000000000000e+00
0.000000000000000000e+00
0.000000000000000000e+00
0.000000000000000000e+00
0.000000000000000000e+00
0.000000000000000000e+00
0.000000000000000000e+00
0.000000000000000000e+00
0.000000000000000000e+00
1.670149527490139008e-02
