3.266692510806024075e-04
3.920031304005533457e-04
3.266692510806024075e-04
1.306677004322409630e-04
2.613354008644819260e-04
3.920031012967228889e-04
5.880047101527452469e-04
2.613354008644819260e-04
1.960015652002766728e-04
2.613354008644819260e-04
1.960015652002766728e-04
2.613354008644819260e-04
1.306677004322409630e-04
4.573369806166738272e-04
2.613354008644819260e-04
2.613354008644819260e-04
1.960015506483614445e-04
3.920031012967228889e-04
3.266692510806024075e-04
5.880047101527452469e-04
5.880047101527452469e-04
1.960015652002766728e-04
4.573369806166738272e-04
6.533385021612048149e-04
9.146739030256867409e-04
4.573369515128433704e-04
9.146739030256867409e-04
1.960015506483614445e-04
2.613354008644819260e-04
5.226708017289638519e-04
5.226708017289638519e-04
1.241343212313950062e-03
6.533385021612048149e-04
9.800078114494681358e-04
8.493400528095662594e-04
1.372010912746191025e-03
1.502678613178431988e-03
1.306677120737731457e-03
1.437344821169972420e-03
1.568012405186891556e-03
1.829347806051373482e-03
2.025349531322717667e-03
3.920031711459159851e-03
2.874689642339944839e-03
5.161374807357788086e-03
4.834705032408237457e-03
9.342741221189498901e-03
1.293610315769910812e-02
2.874689362943172455e-02
9.055272340774536133e-01
