1.936941524036228657e-03
1.506510307081043720e-03
2.044549444690346718e-03
8.608629577793180943e-04
1.506510307081043720e-03
1.291294582188129425e-03
1.291294465772807598e-03
9.684708784334361553e-04
1.936941524036228657e-03
9.684708202257752419e-04
9.684708202257752419e-04
1.506510190665721893e-03
1.183686545118689537e-03
1.506510190665721893e-03
7.532550953328609467e-04
1.398902270011603832e-03
2.367373090237379074e-03
1.398902386426925659e-03
1.721725915558636189e-03
1.829333836212754250e-03
1.936941640451550484e-03
1.829333836212754250e-03
2.152157481759786606e-03
2.152157481759786606e-03
2.152157248929142952e-03
1.506510190665721893e-03
2.152157481759786606e-03
2.690196968615055084e-03
2.367373090237379074e-03
1.829333836212754250e-03
3.873883280903100967e-03
2.474981127306818962e-03
4.411922767758369446e-03
3.658667672425508499e-03
3.658667672425508499e-03
4.949962254613637924e-03
6.241256836801767349e-03
6.133648566901683807e-03
6.241256836801767349e-03
8.608629927039146423e-03
6.348864175379276276e-03
9.361885488033294678e-03
1.129882689565420151e-02
1.205208152532577515e-02
1.807812415063381195e-02
2.604110725224018097e-02
3.206714987754821777e-02
4.551813006401062012e-02
8.544065058231353760e-02
6.538254618644714355e-01
