2.484410852193832397e-01
1.319330483675003052e-01
8.992451429367065430e-02
6.498195230960845947e-02
4.627502709627151489e-02
3.971119597554206848e-02
2.986543998122215271e-02
2.789629250764846802e-02
2.920905873179435730e-02
2.395799010992050171e-02
2.428618445992469788e-02
1.805054023861885071e-02
1.444043312221765518e-02
1.378405001014471054e-02
1.214309222996234894e-02
9.845750406384468079e-03
8.861174806952476501e-03
1.345585845410823822e-02
6.563832983374595642e-03
1.115851663053035736e-02
9.517557919025421143e-03
7.220216095447540283e-03
6.892025005072355270e-03
7.220216561108827591e-03
4.266491625458002090e-03
5.251066759228706360e-03
4.266491625458002090e-03
4.922875203192234039e-03
3.938300069421529770e-03
4.922875203192234039e-03
5.251066759228706360e-03
5.907449871301651001e-03
4.594683647155761719e-03
4.922875203192234039e-03
5.579258315265178680e-03
6.235641427338123322e-03
3.281916724517941475e-03
3.281916724517941475e-03
2.625533379614353180e-03
3.281916724517941475e-03
2.625533379614353180e-03
2.953724935650825500e-03
2.953724935650825500e-03
3.610108513385057449e-03
3.610108513385057449e-03
2.625533379614353180e-03
2.297341823577880859e-03
4.594683181494474411e-03
2.953724935650825500e-03
3.610108513385057449e-03
