8.599237189628183842e-04
1.374798361212015152e-03
1.698881504125893116e-03
5.235038697719573975e-04
7.347362115979194641e-04
1.062526833266019821e-03
9.301046375185251236e-04
1.183137297630310059e-03
4.929903661832213402e-04
3.637507325038313866e-04
1.409363932907581329e-03
1.007865066640079021e-03
3.090889367740601301e-04
1.148571725934743881e-03
1.417123596183955669e-03
4.420360201038420200e-04
1.390662277117371559e-03
1.628355821594595909e-03
1.367038697935640812e-03
7.548324065282940865e-04
1.320661511272192001e-03
1.019676798023283482e-03
2.085386309772729874e-03
1.406706287525594234e-03
2.686830703169107437e-03
8.754428708925843239e-04
1.321186311542987823e-03
1.995634054765105247e-03
1.710693351924419403e-03
2.619832288473844528e-03
1.352914143353700638e-03
2.980055753141641617e-03
2.637090627104043961e-03
2.461473457515239716e-03
2.640798222273588181e-03
3.797129495069384575e-03
5.764563567936420441e-03
3.965511918067932129e-03
5.171402357518672943e-03
6.515162531286478043e-03
4.379871767014265060e-03
6.434219889342784882e-03
8.146667852997779846e-03
8.079489693045616150e-03
1.163644716143608093e-02
1.312334276735782623e-02
1.882123574614524841e-02
2.248162776231765747e-02
4.464359581470489502e-02
7.878260612487792969e-01
