5.866316401285145629e-03
1.499131752864523012e-03
1.905981717213748791e-04
4.684705025389623265e-05
5.148580252331101021e-06
5.133030162751925294e-06
4.925048694718733813e-06
4.917968091514579022e-06
5.061122444264789505e-06
9.425392780493503317e-05
3.795628031855777349e-04
2.859220398741601035e-04
7.609338317111399418e-04
4.245281888791632035e-04
9.647001038233779307e-04
3.766112325214192227e-04
5.697363885833345038e-04
2.916680394854326373e-04
5.617101859726734460e-04
4.834357308138855316e-04
1.298935445286864649e-03
4.710304943606804249e-04
5.803660860027695960e-04
4.175673145451201836e-04
1.120068667324663732e-03
5.144242368614409221e-04
9.619168685203266728e-04
3.771326424923700368e-04
5.607596367423200870e-04
6.251080386417530790e-04
1.858158883248031950e-03
1.087209272324922600e-03
2.453947442126961937e-03
1.504258718313382370e-03
3.384214751620246917e-03
1.444317205210861842e-03
2.429669007203780727e-03
1.856076354757202037e-03
4.864678203107587057e-03
2.670843457634459409e-03
5.776396717656706245e-03
2.936541718718588094e-03
6.324890313648167881e-03
3.621009190365960962e-03
8.526219571904115890e-03
8.605230912891607964e-03
2.506617703626926388e-02
2.969653368404303051e-01
1.177182462635738780e+00
