1.693226072174701374e+06
4.285310557869688491e+05
3.919718226927715477e+03
1.905196607077815997e+03
3.796218928815949766e+03
1.815486008870639353e+03
3.684967953407720415e+03
1.557994789228623631e+03
2.463933487976637934e+03
1.175699864220164955e+03
2.379302398855465526e+03
1.337586394989396240e+03
2.973297795489428154e+03
1.399015254908594216e+03
2.650333467469259176e+03
1.153054099455763435e+03
2.003917900458639451e+03
1.132714969882061268e+03
2.436843318263517176e+03
1.216867542956877514e+03
2.352619095930941057e+03
1.181841428033195825e+03
2.438262841923000906e+03
9.614830020264749919e+02
1.407738426315600236e+03
8.264119457544953775e+02
1.887384934337871073e+03
1.004160591984050029e+03
2.113631010314619289e+03
7.568767366812792261e+02
9.402270636560685944e+02
7.359115010643214418e+02
1.982888608977031254e+03
7.553597897953284246e+02
1.069027461415702874e+03
5.685326649692651699e+02
1.183101739166584821e+03
6.077782046583782858e+02
1.269959118857456133e+03
4.922061897690086880e+02
7.122052013211391568e+02
4.087445855465191471e+02
9.392974174540263448e+02
3.725928494471736485e+02
5.865931079626892597e+02
2.580982453134498087e+02
4.781557666417520522e+02
2.676663268860302196e+02
5.824734717641895259e+02
