5.216436989449237949e+00
1.372246376101752041e+00
3.808689122706620522e-01
1.836847943764249314e-01
3.602520132834522437e-01
1.928520869863658838e-01
4.256544126036396203e-01
2.094588230095752457e-01
4.406505403801613263e-01
2.417335469160116490e-01
5.217251682673093027e-01
2.352342191348180955e-01
4.460768147397669581e-01
2.245854923427204886e-01
4.448930841168056705e-01
2.228473722302746207e-01
4.712406310958570099e-01
2.804682484477679094e-01
6.494710653593763761e-01
2.821930380846592867e-01
4.991069596762803262e-01
2.821028434311351751e-01
6.302148725183090994e-01
3.261718023112092912e-01
6.598737597440830216e-01
3.403613574038802381e-01
7.147879558136535083e-01
3.371512333607301071e-01
6.358976897932411276e-01
3.630711934522281581e-01
7.866898348938430319e-01
3.997993231305287942e-01
7.987419893575468111e-01
4.284964153727433556e-01
8.952831114155492820e-01
4.595466275640372467e-01
9.167817934908273347e-01
5.558564390058183813e-01
1.252607034850634848e+00
6.910506703114450699e-01
1.433864229371397236e+00
8.895687570868469063e-01
2.111523088516709112e+00
1.166297174868004438e+00
2.529473742274306769e+00
1.498224684770809167e+00
3.475353258829782632e+00
3.425393472649478799e+00
1.011089265553828298e+01
