2.759150172768109769e+04
6.982360361817679404e+03
9.854414583880749490e+01
4.154668571963041046e+01
6.905070552425469543e+01
4.645395888097285564e+01
1.187827363791443247e+02
4.806637743978532740e+01
7.524072338512817737e+01
3.213322086544862088e+01
5.379570267560617225e+01
3.332751772199169693e+01
7.767376584458891386e+01
4.420965639704418493e+01
9.600445297045007464e+01
3.897505015185559785e+01
6.003155827273860723e+01
3.261319864491738230e+01
7.096621861502393358e+01
3.509418539092779810e+01
6.820881594629305766e+01
3.281162934532467546e+01
6.024941972834063364e+01
2.647059365064473013e+01
4.245479653934611264e+01
2.339470690689159937e+01
5.079563341068009663e+01
2.373476689569653075e+01
4.446493550361852698e+01
2.364094419339080844e+01
4.794806416262281346e+01
2.170223223277684710e+01
4.136189583093680255e+01
1.978161590182019225e+01
4.004108474907394566e+01
2.079857513447649708e+01
4.231947500171067134e+01
2.065933798276860855e+01
3.790988070349504113e+01
1.998367796949407449e+01
4.119747530886689901e+01
2.224699705594137455e+01
4.780790025082931294e+01
1.702300892069002103e+01
2.054936086127820616e+01
1.381996105959661314e+01
3.637554832548648420e+01
2.274977339242504826e+01
5.475181238358644720e+01
