1.434034435078501701e-03
1.991714583709836006e-03
1.752708689309656620e-03
1.673040096648037434e-03
2.549394499510526657e-03
1.593371620401740074e-03
1.593371620401740074e-03
1.513703027740120888e-03
1.195028657093644142e-03
1.752708689309656620e-03
1.593371620401740074e-03
1.912045874632894993e-03
2.788400277495384216e-03
1.274697249755263329e-03
1.434034435078501701e-03
1.274697249755263329e-03
2.310388721525669098e-03
1.274697249755263329e-03
2.708731684833765030e-03
2.310388721525669098e-03
2.469725906848907471e-03
1.991714583709836006e-03
2.549394499510526657e-03
1.991714583709836006e-03
2.549394499510526657e-03
2.151051536202430725e-03
2.629063092172145844e-03
2.230720128864049911e-03
2.708731684833765030e-03
2.469725906848907471e-03
2.708731684833765030e-03
2.868068870157003403e-03
3.107074648141860962e-03
2.708731684833765030e-03
3.505417378619313240e-03
2.629063092172145844e-03
3.266411833465099335e-03
3.027406055480241776e-03
3.346080193296074867e-03
3.346080193296074867e-03
4.700446035712957382e-03
2.708731684833765030e-03
3.505417378619313240e-03
5.098788999021053314e-03
3.027406055480241776e-03
3.664754563942551613e-03
5.258126184344291687e-03
3.505417378619313240e-03
4.620777443051338196e-03
5.178457591682672501e-03
4.142765887081623077e-03
5.178457591682672501e-03
4.700446035712957382e-03
5.656469147652387619e-03
5.019120406359434128e-03
4.541108850389719009e-03
5.258126184344291687e-03
6.134480703622102737e-03
6.134480703622102737e-03
5.736137740314006805e-03
5.417463369667530060e-03
8.683875203132629395e-03
5.576800554990768433e-03
6.293817888945341110e-03
5.736137740314006805e-03
6.373486481606960297e-03
6.931166164577007294e-03
5.736137740314006805e-03
7.887189276516437531e-03
9.639898315072059631e-03
7.170171942561864853e-03
6.214149296283721924e-03
8.444868959486484528e-03
8.763543330132961273e-03
9.002549573779106140e-03
9.161886759102344513e-03
8.524538017809391022e-03
1.067558955401182175e-02
7.568514905869960785e-03
9.878903627395629883e-03
9.321223944425582886e-03
1.179094985127449036e-02
1.051625236868858337e-02
1.099426392465829849e-02
1.218929234892129898e-02
1.171128079295158386e-02
1.202995516359806061e-02
1.282664109021425247e-02
1.752708666026592255e-02
1.712874509394168854e-02
1.927979663014411926e-02
1.951880194246768951e-02
2.732632309198379517e-02
2.915870025753974915e-02
3.186743333935737610e-02
3.784257546067237854e-02
4.413639381527900696e-02
4.931484907865524292e-02
7.855322211980819702e-02
