1.096306252293288708e-03
9.698094218038022518e-04
8.854781626723706722e-04
7.168156444095075130e-04
8.011469035409390926e-04
4.638218961190432310e-04
1.138471881859004498e-03
5.059874965809285641e-04
4.638218961190432310e-04
3.794906369876116514e-04
5.481531261466443539e-04
4.638218961190432310e-04
4.216562665533274412e-04
5.059874965809285641e-04
4.638218961190432310e-04
2.108281332766637206e-04
2.529937482904642820e-04
2.951593778561800718e-04
5.903187557123601437e-04
4.216562665533274412e-04
5.059874965809285641e-04
3.373250074218958616e-04
2.529937482904642820e-04
4.216562665533274412e-04
4.638218961190432310e-04
3.373250074218958616e-04
2.951593778561800718e-04
2.951593778561800718e-04
1.686625037109479308e-04
3.794906369876116514e-04
4.216562665533274412e-04
5.903187557123601437e-04
5.059874965809285641e-04
3.794906369876116514e-04
8.011469035409390926e-04
6.324843852780759335e-04
3.373250074218958616e-04
5.481531261466443539e-04
5.481531261466443539e-04
3.373250074218958616e-04
8.011469035409390926e-04
5.903187557123601437e-04
5.059874965809285641e-04
5.481531261466443539e-04
5.059874965809285641e-04
4.638218961190432310e-04
5.903187557123601437e-04
9.276437922380864620e-04
4.216562665533274412e-04
5.059874965809285641e-04
4.216562665533274412e-04
9.276437922380864620e-04
7.168156444095075130e-04
4.216562665533274412e-04
7.168156444095075130e-04
7.589812739752233028e-04
7.589812739752233028e-04
5.059874965809285641e-04
8.854781626723706722e-04
7.589812739752233028e-04
4.216562665533274412e-04
5.903187557123601437e-04
1.138471881859004498e-03
1.222803140990436077e-03
9.698094218038022518e-04
8.433125331066548824e-04
8.854781626723706722e-04
9.276437922380864620e-04
6.324843852780759335e-04
1.054140622727572918e-03
1.096306252293288708e-03
8.854781626723706722e-04
8.433125331066548824e-04
1.096306252293288708e-03
9.698094218038022518e-04
1.349300029687583447e-03
1.433631288819015026e-03
1.475796918384730816e-03
1.560128177516162395e-03
1.644459436647593975e-03
1.138471881859004498e-03
1.897453214041888714e-03
2.150446875020861626e-03
1.855287584476172924e-03
2.150446875020861626e-03
2.698600059375166893e-03
2.867262577638030052e-03
3.584078280255198479e-03
3.373250132426619530e-03
4.596053157001733780e-03
4.764715675264596939e-03
5.734525155276060104e-03
5.776690784841775894e-03
7.927137427031993866e-03
9.613762609660625458e-03
1.163771282881498337e-02
1.606510393321514130e-02
2.820880338549613953e-02
6.603137403726577759e-02
