5.190588235855102539e-01
1.052549034357070923e-01
5.262745171785354614e-02
3.537254780530929565e-02
2.525490149855613708e-02
1.913725398480892181e-02
1.231372542679309845e-02
1.286274474114179611e-02
1.207843143492937088e-02
1.184313744306564331e-02
9.019607678055763245e-03
8.705882355570793152e-03
7.921569049358367920e-03
6.588235497474670410e-03
6.274509709328413010e-03
4.784313496202230453e-03
4.941176623106002808e-03
3.921568859368562698e-03
4.156862851232290268e-03
3.686274401843547821e-03
3.686274401843547821e-03
4.470588173717260361e-03
3.372549079358577728e-03
3.294117748737335205e-03
3.607843071222305298e-03
3.686274401843547821e-03
3.607843071222305298e-03
3.372549079358577728e-03
2.666666638106107712e-03
3.764705965295433998e-03
2.901960862800478935e-03
3.294117748737335205e-03
3.686274401843547821e-03
2.901960862800478935e-03
2.274509752169251442e-03
1.882352982647716999e-03
3.529411740601062775e-03
1.882352982647716999e-03
1.647058874368667603e-03
2.509803976863622665e-03
2.274509752169251442e-03
2.352941082790493965e-03
2.352941082790493965e-03
1.803921535611152649e-03
2.196078421548008919e-03
1.725490204989910126e-03
1.725490204989910126e-03
1.960784429684281349e-03
1.725490204989910126e-03
1.490196096710860729e-03
1.490196096710860729e-03
2.666666638106107712e-03
2.039215760305523872e-03
1.333333319053053856e-03
1.176470541395246983e-03
1.176470541395246983e-03
1.960784429684281349e-03
2.117647090926766396e-03
1.254901988431811333e-03
1.333333319053053856e-03
9.411764913238584995e-04
9.411764913238584995e-04
1.411764649674296379e-03
1.254901988431811333e-03
1.882352982647716999e-03
1.490196096710860729e-03
1.098039210774004459e-03
1.019607880152761936e-03
1.333333319053053856e-03
1.098039210774004459e-03
1.176470541395246983e-03
1.176470541395246983e-03
1.098039210774004459e-03
1.019607880152761936e-03
9.411764913238584995e-04
5.490196053870022297e-04
1.019607880152761936e-03
7.843137136660516262e-04
6.274509942159056664e-04
9.411764913238584995e-04
7.843137136660516262e-04
8.627451024949550629e-04
7.843137136660516262e-04
6.274509942159056664e-04
6.274509942159056664e-04
7.843137136660516262e-04
3.921568568330258131e-04
1.098039210774004459e-03
7.843137136660516262e-04
5.490196053870022297e-04
4.705882456619292498e-04
9.411764913238584995e-04
9.411764913238584995e-04
7.058823248371481895e-04
2.352941228309646249e-04
4.705882456619292498e-04
8.627451024949550629e-04
3.921568568330258131e-04
7.058823248371481895e-04
