1.727061143941352384e+03
2.533416419899682296e+04
3.565692563254486304e+05
4.765102312134917156e+03
4.548823334644047281e+04
1.678844132404950680e+06
4.278054079326453802e+02
6.272324051467118807e+03
9.079887148703701678e+04
1.192622664618352474e+03
1.153910022064428085e+04
4.192308323985195602e+05
4.257980079004503260e+00
2.833692785711581763e+01
1.195330060112496994e+03
6.608296638018530622e+00
8.232326081632800197e+01
4.813219883222524913e+03
1.821854091512004059e+00
1.737396938703862759e+01
5.357137740538062189e+02
2.791534189129261545e+00
4.571610762789964610e+01
2.369038387828997656e+03
2.922693871907838581e+00
4.309470157692637571e+01
9.597830291094887798e+02
4.809669429896800352e+00
1.014101422419733467e+02
4.573553016937769826e+03
1.113378811053348016e+00
1.945279156805400689e+01
4.104400578552346701e+02
2.549509956146392753e+00
4.716073383423434962e+01
2.375628155418010010e+03
1.591883791561894634e+00
3.603400017807040001e+01
6.935336212768507949e+02
5.583676144867609992e+00
8.931140112442933798e+01
4.838279968917246151e+03
1.234135858230631877e+00
1.772880474595663358e+01
4.114352218666480212e+02
1.849482361220100124e+00
4.637728614065365207e+01
1.882551582921089448e+03
3.269543108393220265e+00
3.579495086877339105e+01
9.165727885216019786e+02
1.859854516081105524e+00
9.558964237517295714e+01
2.901574043129335678e+03
1.847655641206203514e+00
1.767109926353680649e+01
4.535675430351069508e+02
9.447762347381011283e-01
4.015915511987626729e+01
1.599110257433873358e+03
4.302068165281838219e+00
3.421866760214456349e+01
8.931764139062869390e+02
1.911275838519716830e+00
6.390248671409642611e+01
3.386471380961537307e+03
1.542998936947787003e+00
1.630828733366536909e+01
3.792734665770184392e+02
4.757833857356886242e-01
2.898285446563395951e+01
1.861456340201635385e+03
1.945094968691796655e+00
3.007431978115392468e+01
6.154425497844672464e+02
1.969785230032540871e-02
5.205678364121983037e+01
3.826889476755564374e+03
1.204272678848162581e+00
1.879403313738169246e+01
3.363053741869405258e+02
4.631379330872360534e-01
3.083259075261108251e+01
1.564776647473157027e+03
2.994756676340323054e+00
4.308636925521141592e+01
7.189555456671103002e+02
1.875843165190469009e+00
7.091860095658009300e+01
2.399306463269787400e+03
1.514864300209640913e+00
1.675708499714804489e+01
3.447514685123367144e+02
9.632983541705528729e-01
4.164215570863775184e+01
1.438568853767664905e+03
3.318119078852815651e+00
2.254647161647732645e+01
6.434062166138332941e+02
1.919891163954013713e+00
9.264148164027997723e+01
3.525625029408463888e+03
1.632461306411623347e+00
1.300714635209199344e+01
3.144102429736294084e+02
7.080995126867583034e-01
4.043898750575318246e+01
1.784536370087020941e+03
3.289583965591228232e+00
2.867075430144302928e+01
6.046831963772430072e+02
9.375100171874799493e-01
7.416399494800799630e+01
3.766774921883723437e+03
1.154891157169826821e+00
1.365828925437863361e+01
3.611107306371214918e+02
1.408965761938574479e+00
2.973461469551582681e+01
1.661739599040355415e+03
1.298378611531636695e+00
2.592488011104563839e+01
8.204036411524997447e+02
4.705852130955942236e+00
4.404646414512151154e+01
2.808529387747154942e+03
9.002717514758314943e-01
1.313367945506257861e+01
3.393723395004341228e+02
1.655454900036881227e+00
2.555199610262027932e+01
1.539232508438843979e+03
2.260418077517523994e+00
2.631848292084303509e+01
5.482773134004503390e+02
1.854443065143788649e+00
5.671169442221082591e+01
3.217686490458967455e+03
8.786301201471052869e-01
1.430039274274357908e+01
2.552162350094412488e+02
6.943064901081125173e-01
2.538380341899735271e+01
1.396078285506870543e+03
1.288260537697299535e+00
3.132565706489560498e+01
4.879242028817702135e+02
9.488955616124388204e-01
4.229055030764310175e+01
2.270991223819810784e+03
9.078903666066563405e-01
1.501117282376958784e+01
2.565713399174559868e+02
4.834082744364507911e-01
2.985059806331623733e+01
1.164660597061281578e+03
2.264016320973377461e+00
3.089360928156726871e+01
5.439601630097447469e+02
9.273283905810604244e-01
7.768822293548565483e+01
2.512328148384007818e+03
8.845964161318223828e-01
1.414952226026906246e+01
2.693376562206873928e+02
1.443072902302376059e+00
3.352982921111627945e+01
1.187744775833232552e+03
1.306922681702648914e+00
2.613947861603159595e+01
5.468972934429041288e+02
4.628032316068552809e+00
5.477216070672442072e+01
2.304722108417447544e+03
4.988891783746911557e-01
1.616308473230683873e+01
3.030921388056518140e+02
2.085536776833618600e+00
2.817136054461965244e+01
1.494871211848409530e+03
6.518810309107798684e-01
3.826257875150663068e+01
6.428048239608041285e+02
3.707175267814024622e+00
5.607428347398894886e+01
3.530494636531178912e+03
2.458811785827063889e-01
1.530339404061336595e+01
2.822279684592221543e+02
1.413419719785936390e+00
2.923245320394341817e+01
1.574769240006843120e+03
3.185798339320777273e-01
2.419761376185800472e+01
4.988494640364795032e+02
1.885445228766312153e+00
6.180729684546854230e+01
2.591255140167824720e+03
5.736842362006312479e-01
1.230577441935808558e+01
2.621173233616131029e+02
1.162672415843194695e+00
2.804213567568825738e+01
1.082842543072541503e+03
1.941114349111107584e+00
2.540756503778727904e+01
5.518174307394674543e+02
2.861694942444374057e+00
5.326112827800395877e+01
1.759364643361205253e+03
1.045357823224874361e+00
1.111017967752932556e+01
2.107882296164668503e+02
9.615516881820598272e-01
2.597198607058138364e+01
7.897745546330561410e+02
2.265425727993119587e+00
1.960190030141009743e+01
2.656502635647664761e+02
9.639749510833084400e-01
5.341900070378771659e+01
1.342025328348965786e+03
1.324861483357904879e+00
1.315415838460487485e+01
1.242407136778134173e+02
7.213920773242860074e-01
2.472226615584531473e+01
8.230577978208960985e+02
2.882709873388368038e+00
3.314419840937955541e+01
2.290363110534865427e+02
1.931633114087188741e+00
4.403300678828805559e+01
1.917082718945300257e+03
1.068851408670872694e+00
1.548312691397940988e+01
1.297319736049409471e+02
1.186358232473933461e+00
2.020972465628308967e+01
7.315579880784598572e+02
1.274043948185222597e+00
2.944726285661146292e+01
2.967867450897929302e+02
2.893882775160606435e+00
3.630742857530072598e+01
1.088520411582632732e+03
6.673471037817300111e-01
1.556277295343392808e+01
1.514803998810199062e+02
2.354999924708573111e+00
1.237573939918921795e+01
5.324800956064278807e+02
1.314744744714065661e+00
3.385741348071275780e+01
3.190010425228262534e+02
6.716185976088331344e+00
1.364644801619651204e+01
1.077007981314705830e+03
7.938659215799871438e-01
1.896033550872496320e+01
1.383228291654925215e+02
2.559245840182911458e+00
8.974582341877241021e+00
4.796145089573805080e+02
1.985271365684783795e+00
4.243771564259814966e+01
2.497958400676216115e+02
3.748183276201375591e+00
2.193615051479989120e+01
8.366045861093103895e+02
9.527621103148408155e-01
2.856061154211560194e+01
1.537379609095589785e+02
2.855980396952057188e+00
1.230998881822280033e+01
3.021176032034697414e+02
1.937434862629745735e+00
7.507796733278459556e+01
3.645489323853728365e+02
7.553669381927003101e+00
2.807633372695500640e+01
3.612037413950677660e+02
1.068975658800275230e+00
4.518265651461460664e+01
1.395556199689083030e+02
3.620765287091647799e+00
1.040547010456431742e+01
1.769224378575143533e+02
2.250482005337887337e+00
1.105535043718376897e+02
2.063904483413908224e+02
6.603573351681279568e+00
1.402277743863918680e+01
3.629004222543098308e+02
