8.391442398233994027e+03
2.085060099115363846e+04
1.494245658596195790e+04
7.265282389086925832e+04
1.767721345027774514e+05
1.099790974975925055e+05
3.129012600345287254e+01
7.111391774568329538e+01
3.129012534247753408e+01
2.616992085043198699e+02
4.380617382020835748e+02
2.901448098821807662e+02
1.422278408838129771e+01
8.533669926102923853e+01
1.991189745616463469e+01
2.332536492772170504e+02
4.750409834667961491e+02
3.100566910835169665e+02
3.413468181211511165e+01
3.697923702437624627e+01
3.982379491232926938e+01
2.844556629543325812e+02
4.323726170946626439e+02
2.588546658101909088e+02
1.706734090605755583e+01
4.835746223665299937e+01
5.120202459181941634e+01
3.015230302980811530e+02
4.039270534910814376e+02
2.787665470115271091e+02
2.560101035007232184e+01
5.404657484279137236e+01
3.982379491232926938e+01
2.759219969532842924e+02
2.588546749194648555e+02
2.929893493257416139e+02
1.706734090605755583e+01
7.395847404875249254e+01
3.413468186576144348e+01
3.185903623001776737e+02
2.702328752007833259e+02
2.730774681244054136e+02
3.129012600345287254e+01
6.826936144261411243e+01
5.973569057531665294e+01
3.413467814085382201e+02
3.185903626803377620e+02
2.560101000925275230e+02
3.413468181211511165e+01
7.395847404875249254e+01
4.551291154525159754e+01
3.242794847480938643e+02
3.015230203248366934e+02
2.929893493257416139e+02
2.275645454141007562e+01
1.336941614976822450e+02
7.680302971502013065e+01
3.584141840939389567e+02
2.702328961675449932e+02
3.043675859222926761e+02
4.835746489148239391e+01
3.413467970441169541e+02
6.258025068495506815e+01
5.433103279055203529e+02
1.621397418938793180e+02
3.100566648094143147e+02
