2.275791406789992311e-01
7.981234514561057480e-01
3.945876680453116458e-01
5.642713918065432877e-01
1.446814244501425817e+00
3.019030551113965899e-01
5.765933202849107819e-02
2.009369052909589504e-01
9.867220194080912610e-02
1.467421294002525800e-01
3.728076841549887721e-01
7.700571240578374388e-02
4.533762436698935902e-03
2.264060410471986640e-02
8.768570902127388253e-03
2.254909738329385557e-02
5.806917416220370998e-02
1.788880863859480461e-02
2.278196131986217655e-03
1.017407214350209144e-02
5.518577557873055248e-03
1.125099404117930503e-02
3.669201562263030292e-02
1.244772260700790709e-02
4.669056039553586522e-03
1.851342048727886228e-02
1.325667662906582396e-02
2.263583887520403959e-02
8.967473673036467641e-02
3.148781966911495811e-02
7.882984840251943542e-03
1.043999466335984727e-02
6.709264682712125921e-03
1.042770210085697952e-02
4.088443462468829837e-02
1.199843102732552763e-02
2.786003561418064906e-02
2.323545675709365321e-02
1.319253705437760209e-02
1.805284942491829428e-02
7.659332239543778509e-02
1.739440036575237714e-02
1.516845845291760891e-02
8.026652317225874481e-03
1.020221928708868811e-02
1.234061912311426937e-02
3.775177993407753674e-02
7.761613213054127831e-03
3.228173971412377080e-02
9.223710281295253999e-03
2.631418950917365288e-02
3.151994824241977078e-02
7.412383530682963018e-02
1.305111969560179830e-02
9.394301333610372701e-03
5.862886564596069862e-03
1.568829818979133178e-02
1.245146767708683530e-02
4.060939292246142085e-02
7.597553974760959394e-03
4.669298323714882702e-03
1.352544678992350334e-02
3.624433839721934864e-02
1.813205294274204682e-02
8.377620532314009050e-02
1.742028549233113482e-02
9.184608537966770445e-03
1.038617651494097051e-02
1.756281017841912831e-02
1.018551102968871629e-02
3.224575196052713311e-02
1.205737945624792661e-02
3.260993453468746806e-02
2.730283010041396549e-02
3.638613286558829707e-02
2.237991672879336910e-02
4.486866704997594102e-02
3.085032890994772459e-02
9.136967769660674782e-03
1.033534239937448918e-02
1.660194002781536365e-02
1.393263319394268639e-02
2.934016039012850990e-02
1.412468969416707555e-02
4.589408696857264283e-03
1.357047671735394333e-02
3.194098241692459872e-02
3.231825958911326013e-02
7.196158859257903440e-02
2.682185301804349692e-02
7.853957870963417659e-03
9.046518049502995373e-03
1.641005804124690340e-02
1.623038070315047099e-02
3.547072517874825387e-02
1.080038377271049128e-02
2.703174742745548600e-02
2.332539393962236238e-02
3.613739734729227299e-02
3.226730520353428278e-02
7.038322535954051606e-02
1.777381057399137973e-02
1.385157893798297929e-02
7.848356010688119569e-03
2.221255968874950512e-02
2.064252443623958155e-02
3.288854503257890305e-02
1.356649259831908469e-02
2.755715130784128220e-02
9.266791393009248326e-03
5.391025561242177716e-02
5.066023945009291707e-02
6.356758774386536692e-02
3.494304329761901973e-02
1.022950337779709486e-02
1.151144604778736764e-02
2.828204968327052010e-02
1.941191064967933907e-02
4.734720161463007448e-02
1.920452766676821257e-02
1.366949528649343860e-02
3.622074471682311392e-02
5.843086036868581912e-02
2.685966262098592877e-02
1.261620323059065851e-01
3.937417093767704018e-02
9.060826531706525286e-03
1.404522057024319530e-02
2.496425274305250075e-02
1.044509981981429046e-02
6.553180583202491971e-02
1.886911336004351569e-02
2.255639496788746506e-02
1.830368393422963230e-02
4.028723681761166991e-02
1.367908899919287845e-02
1.340848265796951155e-01
3.593930742886319168e-02
1.643144526852099302e-02
7.976300093437105679e-03
2.250507751034888648e-02
1.345987512203731563e-02
6.854982110234364434e-02
2.407720431488202806e-02
4.118787428153854874e-02
1.389105978130177575e-02
5.031801716066996999e-02
4.174100433164453644e-02
1.397575046294792234e-01
6.085884159383020409e-02
1.801202315631096618e-02
1.385888953407574987e-02
3.069112852964012497e-02
2.047758645826356153e-02
7.520675487391635661e-02
3.889094051315371281e-02
3.253644536070753046e-02
4.063072356320584361e-02
7.298133574377521637e-02
4.095568621226085282e-02
1.657148623814302946e-01
9.408596441421172851e-02
1.582475621320489356e-02
2.342301229069911409e-02
3.322432055704940129e-02
2.406397762227012113e-02
9.212089941687207073e-02
4.121950837510374860e-02
3.166548067362225105e-02
4.980680435843447967e-02
5.810412682095725256e-02
5.556984443485706027e-02
2.019611100422549210e-01
7.001202064397679670e-02
2.243463227763806481e-02
2.505488926796844290e-02
2.864458776000465556e-02
2.677826088546521321e-02
1.124916957916806126e-01
3.749660627359332338e-02
5.887926562177326489e-02
5.019784699065014261e-02
5.422731108277138723e-02
4.916638351140913132e-02
2.440527192955544711e-01
7.979311637900647625e-02
2.339455204185104248e-02
2.888876391295833873e-02
3.192034880241945149e-02
2.228634559743207164e-02
1.220800031268838293e-01
4.162666408474607199e-02
3.167374679784033809e-02
6.481129958494631638e-02
7.291003928263899148e-02
4.040664325302158189e-02
2.429189106168943013e-01
8.789281808386065209e-02
3.262976221404534360e-02
2.854271180690462137e-02
4.291709376702627921e-02
2.408995779329833539e-02
1.327586201931841847e-01
5.360148477113722831e-02
1.013933080554372951e-01
4.955546667474916567e-02
9.724657189158292248e-02
5.547548216233588042e-02
2.809609511726622322e-01
1.281705985937651726e-01
5.803946829806432006e-02
2.917103957155589913e-02
6.105945776489025978e-02
3.612512309102542535e-02
1.570714307666216114e-01
6.268787622112739766e-02
1.343562077843813984e-01
6.882793894869626561e-02
1.445951656793162676e-01
8.935535287586984787e-02
3.317530795015838918e-01
1.189412545216027156e-01
6.391760874778594503e-02
3.856570961557564958e-02
7.658603117693836559e-02
5.411414922626359841e-02
2.074264228228597517e-01
7.246355309806705447e-02
1.218820159195691949e-01
8.433866825812068313e-02
1.647557296531281523e-01
1.253580008096542575e-01
4.837045660155840920e-01
1.776564140471753317e-01
7.181526100898519283e-02
4.994255804003625704e-02
1.081881952850092254e-01
7.871369887517797037e-02
2.997250340190947271e-01
1.022986763578903474e-01
1.586457803506967079e-01
1.159248067184064507e-01
2.642390286985125125e-01
1.977842233709462272e-01
7.073612261064887718e-01
2.386859858523191491e-01
8.285769269225949640e-02
8.062983449473586084e-02
1.379407062810032170e-01
1.266068080737220158e-01
4.698543078421278385e-01
1.436123292356359937e-01
1.774899922568577426e-01
2.036071864893137795e-01
3.008845995893765224e-01
3.234055083803499819e-01
1.161411396314920630e+00
3.179851870442653716e-01
1.493536992424621401e-01
1.129665235940960355e-01
2.145193025069462023e-01
1.867965914784610604e-01
7.559841983401256460e-01
2.315648961739031619e-01
4.269157928675382241e-01
2.467878151256458208e-01
5.626731470524968248e-01
4.214120771798550713e-01
1.912144853989706572e+00
5.791162772170098672e-01
3.729509915220892147e-01
2.012638418942321317e-01
5.734105718847104516e-01
3.579737595075094259e-01
1.763697558665704657e+00
4.222111204105575277e-01
1.047947459488987043e+00
5.623501020838176379e-01
1.747947705532490570e+00
9.864911159982574507e-01
5.100415997320678407e+00
1.161578985735258529e+00
1.774980961478762609e+01
1.677075176674338408e+01
4.744339831628213489e+00
2.622727037015773277e+01
2.199952468621534152e+01
6.662688049084496633e+00
6.804917270259088014e+01
6.751268110591300342e+01
1.745222476697145808e+01
1.017741795494240336e+02
8.646597558289258245e+01
2.618289116414430850e+01
