3.999162373891085309e-01
1.443611968890311070e+00
1.210581818606706550e+00
5.554333564920198585e-01
2.700888199923161981e+00
1.473686609136175774e+00
1.031918932011543222e-01
3.638794496207766738e-01
3.168297582188854822e-01
1.441972977119634347e-01
6.886658062748962639e-01
3.835147585677726179e-01
2.116275392748284689e-02
3.055788730880944909e-02
5.574651830576170253e-02
1.669959962879136173e-02
1.025257366438314804e-01
6.734580901066804237e-02
1.018137002785153220e-02
1.596402443141931374e-02
2.955633113628875625e-02
1.132859112182666057e-02
5.789712695612619225e-02
3.220341706638776141e-02
1.930024309623429302e-02
3.172501900814045372e-02
6.525577822311270926e-02
2.782472474483298555e-02
1.257878324114862778e-01
6.337611046579823271e-02
8.124154663158911216e-03
1.904510736439594260e-02
2.558469819528135653e-02
1.429640280546598183e-02
5.838757216643078451e-02
3.909972139021732074e-02
1.321473449090996080e-02
4.471362154749922158e-02
4.051835424292977300e-02
2.889672435884515708e-02
1.127256606661302951e-01
8.915344420998048969e-02
9.532731035903747874e-03
1.843870346410146979e-02
2.684069994083580421e-02
1.441825356439320298e-02
6.585974780709347165e-02
4.100379375543333760e-02
2.391509465956984104e-02
2.802572516323700511e-02
6.488217867926666937e-02
2.972924419106088081e-02
1.569923372878211376e-01
7.400828553267026211e-02
1.224783259347803771e-02
1.982509491493051473e-02
3.256530270672508554e-02
1.293232013243523007e-02
7.699067682908045107e-02
4.001164014498211074e-02
2.548942622324713858e-02
5.180191021386271882e-02
6.203211127137462505e-02
2.134844146349754862e-02
1.422761240936833427e-01
8.644644844727758515e-02
1.310530708609165471e-02
2.310463687032096591e-02
3.435950312433420223e-02
1.012927149252084574e-02
6.689038795004392801e-02
4.436079759866093375e-02
2.718009780963782582e-02
4.246203160109532360e-02
7.557410111912790662e-02
1.817238749978597120e-02
1.249775236149896912e-01
8.637108860132176880e-02
1.274790507076889456e-02
2.321107630894629625e-02
3.390803110447834084e-02
1.086604276153389781e-02
7.381598437339149943e-02
4.258946252379416930e-02
2.423772041995627541e-02
5.136041457544492095e-02
6.231011103384022365e-02
2.462448619703255445e-02
1.743635111268778126e-01
8.048424385636168688e-02
1.295171830435084409e-02
2.581397293542122065e-02
3.375182243695470236e-02
1.455188516794804141e-02
8.245099540503120217e-02
4.905480761688321006e-02
2.736211538397883072e-02
5.219088725387878436e-02
7.322678393736752056e-02
3.321847069566465777e-02
1.488287440337073275e-01
1.112997637995460781e-01
1.325308589788751906e-02
2.203765471708951304e-02
4.045761753024509910e-02
1.537904578951193590e-02
7.870559465123945497e-02
5.403027797829229595e-02
2.661692592263503396e-02
3.311852368684725656e-02
8.448096124814177821e-02
2.778575350278091396e-02
1.633910982807151024e-01
1.055804699910627975e-01
1.830334988266849386e-02
1.965115746255312323e-02
4.576048153119012529e-02
1.371404653494871610e-02
9.117603755608823246e-02
5.410287287636307563e-02
4.437357959793611362e-02
4.525752401053692586e-02
9.580055909639582923e-02
2.734612823860360989e-02
2.039812392438198618e-01
1.124721038690745245e-01
2.094349722945497427e-02
3.109196947819298229e-02
5.093224333985676977e-02
1.686400124340266260e-02
9.948858677545721618e-02
5.847938562398078549e-02
4.049742492310480502e-02
7.865254321724028663e-02
1.036292796765473506e-01
4.045836053503058111e-02
2.023698445788008060e-01
1.257986761654554808e-01
2.203104421219011927e-02
3.235235846493975803e-02
5.476206066474138129e-02
1.886755123226439845e-02
1.006362322491511224e-01
7.192760762095254390e-02
4.570441493959973012e-02
5.281704324221967589e-02
1.208386189555876039e-01
3.425677802896891222e-02
1.915990909126485675e-01
1.626490401472044933e-01
2.260124134756954367e-02
3.108278404939751605e-02
5.964459326939151179e-02
1.798412422236167832e-02
1.100736244486277965e-01
7.601654842270916257e-02
4.344861546696993093e-02
7.286320493656628372e-02
1.186253741097894887e-01
3.861770677279032643e-02
2.425812623149524450e-01
1.477715547998205425e-01
2.449782487536648901e-02
3.491591015031535877e-02
6.583409056444365637e-02
2.105221632539610796e-02
1.390573519693280025e-01
8.786631131825960173e-02
5.296825938844500897e-02
7.110247788260480595e-02
1.439661524940514803e-01
4.617579660953217979e-02
3.343424886961651743e-01
2.016829373206896203e-01
2.511107100626409905e-02
4.207316080664096763e-02
8.097200632343883042e-02
2.300364614250220707e-02
1.709338416519136927e-01
9.320187613786620751e-02
4.757705785149777405e-02
9.237451719380219972e-02
1.769560327784676090e-01
4.462842936019186663e-02
3.380934227346713561e-01
1.788259117005273624e-01
3.324772221464453170e-02
4.724498284116245006e-02
9.177835628579134042e-02
2.516823961340308030e-02
1.771952423289110679e-01
1.063982558470247808e-01
8.885113908350136813e-02
9.887164342335677536e-02
1.971936802994359028e-01
5.531042416021900859e-02
3.754219871122498331e-01
2.488975317444068747e-01
4.050784276560104313e-02
5.199260895663316423e-02
1.033101031007046672e-01
3.198305474944586335e-02
2.123079113788554351e-01
1.385293757209296039e-01
7.823172395775751520e-02
1.099633888913811169e-01
2.205091583503012154e-01
7.249256613760264589e-02
4.898828977927782158e-01
3.047819001883360635e-01
4.668441428843313201e-02
6.011748254339477349e-02
1.234104014118753007e-01
3.319999744661576019e-02
2.717040773099168582e-01
1.513752921336732893e-01
1.038841777854417059e-01
1.330651682665484614e-01
2.733152384871502805e-01
6.341507172249113977e-02
6.125039729480503681e-01
2.954063575370220462e-01
5.564658267028277372e-02
7.359193846922344739e-02
1.649700733845628764e-01
4.304595147296952362e-02
3.440611190664655816e-01
1.863874281795500076e-01
1.114370955597846630e-01
1.568326132138420648e-01
3.731553299892222952e-01
1.099410690447047423e-01
7.749307536299793187e-01
4.686068718939340738e-01
8.501695934026698431e-02
8.800769452264610437e-02
2.110933781881920712e-01
6.404928702858890543e-02
4.357478637634706886e-01
2.562218022405154394e-01
2.362162559958481400e-01
1.965186998731558998e-01
4.513907038852327802e-01
1.440011797223529622e-01
1.001088857929463449e+00
5.714628761099089793e-01
1.271617997521693189e-01
1.239632168885524827e-01
2.673066175781032561e-01
7.946159397002545977e-02
6.406694349140708011e-01
3.274084846721357911e-01
2.860410633063613095e-01
2.911071088942902563e-01
6.108134945434005036e-01
1.780982469840414750e-01
1.600018484827292031e+00
7.497473271312302678e-01
1.843198273920823860e-01
1.838119745796398252e-01
4.737958650480801337e-01
1.281827854429458680e-01
1.062778069717245533e+00
4.904693763274476925e-01
4.346500257459443017e-01
4.314980472013675850e-01
1.289920140033203655e+00
3.354903810787363549e-01
2.661794211314491232e+00
1.208512923268157513e+00
3.412256122567567940e-01
3.217748640976572094e-01
1.214562012296962479e+00
2.765205161494230235e-01
2.223478275268296223e+00
9.946324954512262284e-01
9.323200428292662822e-01
8.388032430827107033e-01
3.526105926700050741e+00
7.418479689458983284e-01
6.171073277404597768e+00
2.776252814355501197e+00
3.091766330562462084e+00
1.132572340679251788e+01
4.717773585901288591e+00
4.936135451238884642e+00
1.428551546166944597e+01
7.231705038241566186e+00
1.131645424656892196e+01
4.495334494469037878e+01
1.555932447865088797e+01
1.839493709252374742e+01
4.997746301799704582e+01
2.604992192326124467e+01
