1.252609584480524063e-02
0.000000000000000000e+00
2.087682718411087990e-03
2.087682718411087990e-03
2.087682718411087990e-03
0.000000000000000000e+00
2.087682718411087990e-03
2.087682718411087990e-03
2.087682718411087990e-03
2.087682718411087990e-03
2.087682718411087990e-03
0.000000000000000000e+00
4.175365436822175980e-03
0.000000000000000000e+00
0.000000000000000000e+00
0.000000000000000000e+00
0.000000000000000000e+00
0.000000000000000000e+00
0.000000000000000000e+00
0.000000000000000000e+00
2.087682718411087990e-03
0.000000000000000000e+00
0.000000000000000000e+00
0.000000000000000000e+00
2.087682718411087990e-03
0.000000000000000000e+00
0.000000000000000000e+00
0.000000000000000000e+00
0.000000000000000000e+00
2.087682718411087990e-03
0.000000000000000000e+00
4.175365436822175980e-03
0.000000000000000000e+00
0.000000000000000000e+00
0.000000000000000000e+00
0.000000000000000000e+00
2.087682718411087990e-03
0.000000000000000000e+00
2.087682718411087990e-03
0.000000000000000000e+00
0.000000000000000000e+00
0.000000000000000000e+00
2.087682718411087990e-03
0.000000000000000000e+00
4.175365436822175980e-03
8.350729942321777344e-03
1.043841242790222168e-02
2.087682671844959259e-02
1.064718142151832581e-01
7.995824813842773438e-01
