1.083848066627979279e-02
3.255851697758771479e-05
1.812504371628165245e-03
1.841076533310115337e-03
1.812504371628165245e-03
8.139629244396928698e-06
1.820643898099660873e-03
1.800378435291349888e-03
1.820643898099660873e-03
1.812504371628165245e-03
1.812504371628165245e-03
8.139629244396928698e-06
3.592450171709060669e-03
0.000000000000000000e+00
2.441888864268548787e-05
8.139629244396928698e-06
0.000000000000000000e+00
1.627925848879385740e-05
2.441888864268548787e-05
8.139629244396928698e-06
1.812504371628165245e-03
0.000000000000000000e+00
1.627925848879385740e-05
1.627925848879385740e-05
1.812504371628165245e-03
0.000000000000000000e+00
1.627925848879385740e-05
3.671190279419533908e-05
1.627925848879385740e-05
1.796225085854530334e-03
3.255851697758771479e-05
3.616868983954191208e-03
8.139629244396928698e-06
1.627925848879385740e-05
2.441888864268548787e-05
1.627925848879385740e-05
1.812504371628165245e-03
2.441888864268548787e-05
1.824797363951802254e-03
1.627925848879385740e-05
4.086529224878177047e-05
2.857227445929311216e-05
1.832937006838619709e-03
2.441888864268548787e-05
3.641288029029965401e-03
7.262476719915866852e-03
9.099399670958518982e-03
1.821889728307723999e-02
9.196213632822036743e-02
8.258794546127319336e-01
