1.352418027203188394e+05
3.307672622187184606e+04
5.493558003262104421e+02
2.673066357803875235e+02
5.433335291747420115e+02
2.570496852610467045e+02
4.846622453022713444e+02
2.392959218502666658e+02
4.678333019456604802e+02
2.309956671546561893e+02
4.525434908386518487e+02
2.287059781939461516e+02
4.653196694206345114e+02
2.064943219586512555e+02
3.789320313540385996e+02
1.962367414424140861e+02
3.927083931784485458e+02
1.897266054144304235e+02
3.653669541264135319e+02
1.926023615315622521e+02
3.907293556277715538e+02
1.841043754548318816e+02
3.632433703949158712e+02
1.676994139432283646e+02
3.128160189164005374e+02
1.523150823017552682e+02
3.006583454492381975e+02
1.452760879343172178e+02
2.741329520014983245e+02
1.486650895530588059e+02
3.208617641252558883e+02
1.487213623723013995e+02
2.749997879966205119e+02
1.414704651582895281e+02
3.049813332635067127e+02
1.425028701993101947e+02
2.772698433409797758e+02
1.289395601992727904e+02
2.254220397232089681e+02
1.103587379640527644e+02
2.087339146644699497e+02
9.699252701188896708e+01
1.742844030633220882e+02
9.257722909391327448e+01
1.951384490673371204e+02
8.447184016233707382e+01
1.412150855479404470e+02
6.342002689712987262e+01
1.041108583456534831e+02
