1.247225582340767969e-01
3.310526807236599534e-02
5.761308619970065444e-03
2.727636607302373617e-03
5.030504285695032614e-03
2.501014007153025756e-03
4.903994596995089710e-03
2.349336800927299788e-03
4.405716341288266370e-03
2.951036339609805319e-03
7.458534924658984967e-03
3.749395362830494800e-03
7.368138592101773632e-03
3.342824568767719870e-03
6.154343956824581859e-03
3.195090657713543173e-03
6.932587124730098249e-03
3.460734193367745026e-03
7.145657210526758056e-03
3.710815209506622674e-03
7.801508509636331801e-03
4.554101690644902882e-03
9.870345391324367862e-03
5.445323130638300702e-03
1.128514494422943638e-02
5.324139426978335803e-03
9.876726636153305983e-03
4.983183071059773053e-03
1.057471393690293145e-02
7.222574045381274094e-03
1.807222868790573853e-02
9.249132612502687645e-03
1.983475899910162876e-02
1.139810558167922948e-02
2.503224586110544547e-02
1.312744250544932434e-02
2.766240399782191051e-02
1.613916495467907636e-02
3.610987666946177677e-02
2.130043305311327476e-02
4.788168045178714527e-02
2.843541883063553655e-02
6.801534551994001254e-02
4.461648342608345169e-02
1.103971103363251133e-01
8.120696139530471369e-02
2.200018636330928756e-01
1.239745583751370894e+00
4.844832930980778940e+00
