2.131992586641740490e+04
5.241618960403204255e+03
8.302673498773050653e+01
4.011422233860130149e+01
7.610624954185470870e+01
3.428718193975007722e+01
5.927551128931212077e+01
3.566681656252071519e+01
8.654851538498856200e+01
4.676296577241709684e+01
9.731368421094221333e+01
4.330234996923387314e+01
7.396524740969351797e+01
3.361745785885509719e+01
6.034122465209595276e+01
2.423649526456389935e+01
3.607362379387710405e+01
2.425436780662970193e+01
5.876359856098632406e+01
2.984293127682808944e+01
6.208651311424551977e+01
3.386605508884748872e+01
7.418465278009530550e+01
3.059750025526796691e+01
5.005724807249558239e+01
2.556665188683691170e+01
5.580863601331527235e+01
2.662603490510387161e+01
5.320071280512270562e+01
2.518672968848817462e+01
4.882077312908967315e+01
2.081627967912697841e+01
3.608432292482988402e+01
1.656957923656717924e+01
2.996094781559031617e+01
1.546054824424562923e+01
3.199502211850999700e+01
2.168205907272635002e+01
5.396195269295843389e+01
2.425242772423125359e+01
4.137413180578575833e+01
1.741330782324337889e+01
2.900873077622818030e+01
1.079489447148646342e+01
1.387059905598445120e+01
9.251889702942213134e+00
2.271687389779891930e+01
1.428030799381576443e+01
3.422149265308187438e+01
