2.275077626109123230e-02
1.473629847168922424e-02
1.344364043325185776e-02
1.292657665908336639e-02
1.008273102343082428e-02
1.085832528769969940e-02
8.531540632247924805e-03
1.008273009210824966e-02
9.048604406416416168e-03
1.034126244485378265e-02
1.189245097339153290e-02
9.307134896516799927e-03
6.980351172387599945e-03
7.238883525133132935e-03
6.721820682287216187e-03
1.189245097339153290e-02
9.307135827839374542e-03
6.463288329541683197e-03
1.189245097339153290e-02
6.980351638048887253e-03
6.980351172387599945e-03
7.238883525133132935e-03
8.790072053670883179e-03
1.189245097339153290e-02
6.463289260864257812e-03
6.980351638048887253e-03
1.008273009210824966e-02
7.238883525133132935e-03
6.463288329541683197e-03
9.307135827839374542e-03
9.048603475093841553e-03
5.687694065272808075e-03
8.790072984993457794e-03
9.824199602007865906e-03
6.721820216625928879e-03
1.085832528769969940e-02
9.048603475093841553e-03
1.163391955196857452e-02
1.654601842164993286e-02
1.215098239481449127e-02
1.240951381623744965e-02
1.292657759040594101e-02
1.318510808050632477e-02
2.119958773255348206e-02
2.275077626109123230e-02
2.637021988630294800e-02
2.817993983626365662e-02
4.343330115079879761e-02
5.739400535821914673e-02
3.689244985580444336e-01
