1.165297435363754630e-04
2.330594870727509260e-04
5.826487176818773150e-05
5.826487176818773150e-05
1.747946225805208087e-04
1.165297435363754630e-04
0.000000000000000000e+00
5.826487176818773150e-05
1.165297435363754630e-04
5.826487176818773150e-05
5.826487176818773150e-05
0.000000000000000000e+00
1.165297435363754630e-04
1.165297435363754630e-04
1.747946080286055803e-04
0.000000000000000000e+00
5.826487176818773150e-05
5.826487176818773150e-05
5.826487176818773150e-05
0.000000000000000000e+00
1.165297435363754630e-04
0.000000000000000000e+00
0.000000000000000000e+00
1.747946080286055803e-04
5.826487176818773150e-05
1.165297435363754630e-04
0.000000000000000000e+00
5.826487176818773150e-05
2.913243661168962717e-04
2.330594870727509260e-04
5.826487176818773150e-05
5.826487176818773150e-05
5.826487176818773150e-05
1.165297435363754630e-04
5.826487176818773150e-05
1.747946225805208087e-04
5.826487176818773150e-05
5.826487176818773150e-05
2.330594870727509260e-04
2.330594870727509260e-04
2.330594870727509260e-04
4.078540951013565063e-04
4.078540951013565063e-04
2.330594870727509260e-04
6.991784903220832348e-04
1.223562285304069519e-03
1.340092043392360210e-03
2.738448791205883026e-03
6.535162985324859619e-03
9.835693240165710449e-01
