1.282463595271110535e-02
1.194801740348339081e-02
9.964328259229660034e-03
1.167713478207588196e-02
8.502786047756671906e-03
9.484652429819107056e-03
8.446129038929939270e-03
9.426465258002281189e-03
8.114168420433998108e-03
7.649610750377178192e-03
7.184289395809173584e-03
8.031265810132026672e-03
8.631646633148193359e-03
8.107373490929603577e-03
7.845320738852024078e-03
8.764669299125671387e-03
8.632412180304527283e-03
9.215636178851127625e-03
8.435172028839588165e-03
7.645280100405216217e-03
1.073723286390304565e-02
8.167854510247707367e-03
8.757874369621276855e-03
9.236190468072891235e-03
8.232835680246353149e-03
1.001402176916599274e-02
9.887455962598323822e-03
9.693613275885581970e-03
1.108065806329250336e-02
9.891191497445106506e-03
1.153714861720800400e-02
1.271209120750427246e-02
1.165505219250917435e-02
1.324239559471607208e-02
1.475872658193111420e-02
1.187624223530292511e-02
1.371943857520818710e-02
1.547081302851438522e-02
1.529939100146293640e-02
1.636322587728500366e-02
1.840306818485260010e-02
1.731705479323863983e-02
2.092971466481685638e-02
2.377779409289360046e-02
2.709127590060234070e-02
3.136350959539413452e-02
3.915114700794219971e-02
5.286272615194320679e-02
7.965201139450073242e-02
2.765872478485107422e-01
