5.422491431236267090e-01
1.198369115591049194e-01
4.798895865678787231e-02
2.014717645943164825e-02
1.852845773100852966e-02
1.644238643348217010e-02
1.898877695202827454e-02
1.476373244076967239e-02
5.541570484638214111e-03
1.834613084793090820e-02
1.234423741698265076e-02
4.656662233173847198e-03
1.170158945024013519e-02
1.258649863302707672e-02
4.807759542018175125e-03
1.285295817069709301e-03
1.285295817069709301e-03
5.208146758377552032e-03
5.850794725120067596e-03
1.353836990892887115e-02
2.328331116586923599e-03
1.249533426016569138e-02
3.613626817241311073e-03
1.685683149844408035e-03
2.328331116586923599e-03
3.522463608533143997e-03
5.850794725120067596e-03
3.522463608533143997e-03
2.328331116586923599e-03
2.970978850498795509e-03
6.493442691862583160e-03
5.208146758377552032e-03
2.328331116586923599e-03
1.685683149844408035e-03
0.000000000000000000e+00
7.687575183808803558e-03
4.165111575275659561e-03
1.285295817069709301e-03
2.328331116586923599e-03
0.000000000000000000e+00
0.000000000000000000e+00
2.328331116586923599e-03
1.685683149844408035e-03
2.970979083329439163e-03
0.000000000000000000e+00
0.000000000000000000e+00
5.850794725120067596e-03
1.285295817069709301e-03
5.208146758377552032e-03
1.274462509900331497e-02
