6.258401870727539062e-01
8.289768546819686890e-02
4.779686406254768372e-02
3.958177566528320312e-02
3.734130412340164185e-02
2.464525774121284485e-02
2.240478061139583588e-02
1.867065019905567169e-02
8.961912244558334351e-03
1.045556366443634033e-02
1.120239030569791794e-02
7.468259893357753754e-03
5.227781832218170166e-03
5.227781832218170166e-03
7.468259893357753754e-03
3.734129946678876877e-03
4.480956122279167175e-03
2.987304003909230232e-03
1.493652001954615116e-03
3.734129946678876877e-03
7.468260009773075581e-04
1.493652001954615116e-03
7.468260009773075581e-04
7.468260009773075581e-04
3.734129946678876877e-03
2.240478061139583588e-03
1.493652001954615116e-03
7.468260009773075581e-04
7.468260009773075581e-04
0.000000000000000000e+00
7.468260009773075581e-04
0.000000000000000000e+00
1.493652001954615116e-03
1.493652001954615116e-03
0.000000000000000000e+00
0.000000000000000000e+00
7.468260009773075581e-04
7.468260009773075581e-04
0.000000000000000000e+00
7.468260009773075581e-04
0.000000000000000000e+00
1.493652001954615116e-03
7.468260009773075581e-04
7.468260009773075581e-04
7.468260009773075581e-04
2.240478061139583588e-03
0.000000000000000000e+00
7.468260009773075581e-04
0.000000000000000000e+00
2.987304003909230232e-03
