4.691807627677917480e-01
9.310793131589889526e-02
5.279583856463432312e-02
3.849154710769653320e-02
2.795838564634323120e-02
2.392717637121677399e-02
1.768530532717704773e-02
1.755526661872863770e-02
1.352405641227960587e-02
1.378413569182157516e-02
1.144343335181474686e-02
9.362808428704738617e-03
8.712613955140113831e-03
8.322496898472309113e-03
8.842652663588523865e-03
7.412223611027002335e-03
5.331599619239568710e-03
6.371911615133285522e-03
5.331599619239568710e-03
4.811443388462066650e-03
4.681404214352369308e-03
4.161248449236154556e-03
5.071521271020174026e-03
4.421326331794261932e-03
4.161248449236154556e-03
2.210663165897130966e-03
3.511053044348955154e-03
4.161248449236154556e-03
3.511053044348955154e-03
3.120935987681150436e-03
2.600780222564935684e-03
3.381014103069901466e-03
2.210663165897130966e-03
2.860858337953686714e-03
3.511053044348955154e-03
2.860858337953686714e-03
2.860858337953686714e-03
2.210663165897130966e-03
1.950585050508379936e-03
3.120935987681150436e-03
2.860858337953686714e-03
2.730819163843989372e-03
2.730819163843989372e-03
2.080624224618077278e-03
1.950585050508379936e-03
1.560467993840575218e-03
2.860858337953686714e-03
1.820546225644648075e-03
2.340702107176184654e-03
1.690507051534950733e-03
1.560467993840575218e-03
1.950585050508379936e-03
2.470741281285881996e-03
1.300390111282467842e-03
1.950585050508379936e-03
1.690507051534950733e-03
1.560467993840575218e-03
1.950585050508379936e-03
1.690507051534950733e-03
1.170351053588092327e-03
1.560467993840575218e-03
1.950585050508379936e-03
1.430429168976843357e-03
1.300390111282467842e-03
1.560467993840575218e-03
1.430429168976843357e-03
1.690507051534950733e-03
1.560467993840575218e-03
1.300390111282467842e-03
1.170351053588092327e-03
5.201560561545193195e-04
9.102731128223240376e-04
9.102731128223240376e-04
1.950585050508379936e-03
1.690507051534950733e-03
1.430429168976843357e-03
2.210663165897130966e-03
1.820546225644648075e-03
5.201560561545193195e-04
6.501950556412339211e-04
1.170351053588092327e-03
7.802339969202876091e-04
6.501950556412339211e-04
6.501950556412339211e-04
1.170351053588092327e-03
1.430429168976843357e-03
7.802339969202876091e-04
1.430429168976843357e-03
9.102731128223240376e-04
1.040312112309038639e-03
1.170351053588092327e-03
1.170351053588092327e-03
9.102731128223240376e-04
6.501950556412339211e-04
6.501950556412339211e-04
1.170351053588092327e-03
9.102731128223240376e-04
1.430429168976843357e-03
1.300390111282467842e-03
