8.837625384330749512e-01
3.785942494869232178e-02
1.690083369612693787e-02
1.007068809121847153e-02
6.876421160995960236e-03
5.083575844764709473e-03
3.941460046917200089e-03
3.174815792590379715e-03
2.633284777402877808e-03
2.221150090917944908e-03
1.909011276438832283e-03
1.667105709202587605e-03
1.466386951506137848e-03
1.307351863943040371e-03
1.182647771202027798e-03
1.057123648934066296e-03
9.635640890337526798e-04
8.794383611530065536e-04
8.081516716629266739e-04
7.476204191334545612e-04
6.913241813890635967e-04
6.431258516386151314e-04
6.012853118591010571e-04
5.614776164293289185e-04
5.270136171020567417e-04
4.967789864167571068e-04
4.673964285757392645e-04
4.426284576766192913e-04
4.224966105539351702e-04
3.965380892623215914e-04
3.775576769839972258e-04
3.585563972592353821e-04
3.418508567847311497e-04
3.269172448199242353e-04
3.119014727417379618e-04
2.985131286550313234e-04
2.865581482183188200e-04
2.743758377619087696e-04
2.634885604493319988e-04
2.537502441555261612e-04
2.437026123516261578e-04
2.351377188460901380e-04
2.286180533701553941e-04
2.181730669690296054e-04
2.110348286805674434e-04
2.035267825704067945e-04
1.967682183021679521e-04
1.908091362565755844e-04
1.843737991293892264e-04
1.786082430044189095e-04
1.735319528961554170e-04
1.679883280303329229e-04
1.630236511118710041e-04
1.586602884344756603e-04
1.538192591397091746e-04
1.498569326940923929e-04
1.470100978622213006e-04
1.414719154126942158e-04
1.380236790282651782e-04
1.341294700978323817e-04
1.307105703745037317e-04
1.276673137908801436e-04
1.242187281604856253e-04
1.211969138239510357e-04
1.185125147458165884e-04
1.154406709247268736e-04
1.127546638599596918e-04
1.103572940337471664e-04
1.076395783456973732e-04
1.054356471286155283e-04
1.039896014844998717e-04
1.006175953079946339e-04
9.863330342341214418e-05
9.635039168642833829e-05
9.432692604605108500e-05
9.254458564100787044e-05
9.047616185853257775e-05
8.864645496942102909e-05
8.703915227670222521e-05
8.515777153661474586e-05
8.348505798494443297e-05
8.205412450479343534e-05
8.032480400288477540e-05
7.896094757597893476e-05
7.734190148767083883e-05
7.674120570300146937e-05
7.467265822924673557e-05
7.317646668525412679e-05
7.186288712546229362e-05
7.075000030454248190e-05
6.937255238881334662e-05
6.816601671744138002e-05
6.714762275805696845e-05
6.586703239008784294e-05
6.477373972302302718e-05
6.383038271451368928e-05
6.264497642405331135e-05
6.176149327075108886e-05
6.063411274226382375e-05
6.033864701748825610e-05
