8.554913997650146484e-01
4.682438820600509644e-02
2.083981037139892578e-02
1.255821995437145233e-02
8.527881465852260590e-03
6.342066451907157898e-03
4.925593733787536621e-03
3.946146462112665176e-03
3.288375213742256165e-03
2.763864351436495781e-03
2.391566755250096321e-03
2.084560226649045944e-03
1.826063147746026516e-03
1.636598841287195683e-03
1.468371599912643433e-03
1.319448580034077168e-03
1.207906287163496017e-03
1.098227221518754959e-03
1.015906687825918198e-03
9.380267583765089512e-04
8.638364379294216633e-04
8.090033661574125290e-04
7.501046056859195232e-04
7.068630657158792019e-04
6.632408476434648037e-04
6.202635122463107109e-04
5.871807807125151157e-04
5.565182655118405819e-04
5.235848948359489441e-04
5.001018289476633072e-04
4.721862787846475840e-04
4.525152908172458410e-04
4.312915843911468983e-04
4.092396411579102278e-04
3.937068977393209934e-04
3.745449357666075230e-04
3.612141590565443039e-04
3.466086345724761486e-04
3.307180886622518301e-04
3.201042127329856157e-04
3.079733287449926138e-04
2.948226174339652061e-04
2.860306412912905216e-04
2.742813958320766687e-04
2.665351203177124262e-04
2.576121769379824400e-04
2.474914945196360350e-04
2.411243767710402608e-04
2.319654304301366210e-04
2.262928610434755683e-04
2.193617547163739800e-04
2.115011157002300024e-04
2.061165578197687864e-04
2.006802824325859547e-04
1.938040368258953094e-04
1.896239555208012462e-04
1.833073038142174482e-04
1.795261050574481487e-04
1.748201320879161358e-04
1.691599609330296516e-04
1.659546396695077419e-04
1.607149897608906031e-04
1.577973016537725925e-04
1.539181685075163841e-04
1.492875453550368547e-04
1.466855028411373496e-04
1.432901190128177404e-04
1.390711404383182526e-04
1.368397061014547944e-04
1.328965154243633151e-04
1.308469800278544426e-04
1.279751886613667011e-04
1.244468003278598189e-04
1.225899468408897519e-04
1.192766649182885885e-04
1.175619763671420515e-04
1.151856195065192878e-04
1.121185341617092490e-04
1.106339041143655777e-04
1.074554165825247765e-04
1.063711024471558630e-04
1.043098964146338403e-04
1.016901151160709560e-04
1.004236764856614172e-04
9.857945406110957265e-05
9.612993744667619467e-05
9.502814646111801267e-05
9.270427108276635408e-05
9.167839743895456195e-05
9.005281754070892930e-05
8.793276356300339103e-05
8.697761950315907598e-05
8.496046211803331971e-05
8.406781125813722610e-05
8.268139936262741685e-05
8.077618258539587259e-05
7.999700756045058370e-05
7.868877582950517535e-05
7.693987572565674782e-05
7.620720862178131938e-05
