2.591431606560945511e-03
1.922674942761659622e-03
2.424242440611124039e-03
1.880877651274204254e-03
1.964472234249114990e-03
1.588296843692660332e-03
1.504702144302427769e-03
1.128526637330651283e-03
1.086729345843195915e-03
1.588296727277338505e-03
1.546499552205204964e-03
1.546499552205204964e-03
1.337513094767928123e-03
1.588296727277338505e-03
1.337513094767928123e-03
1.128526637330651283e-03
1.295715803280472755e-03
1.462904969230294228e-03
1.671891310252249241e-03
1.379310386255383492e-03
1.462904852814972401e-03
1.588296610862016678e-03
1.880877651274204254e-03
1.880877651274204254e-03
1.295715803280472755e-03
1.964472234249114990e-03
1.880877651274204254e-03
1.797283068299293518e-03
2.549634315073490143e-03
2.089864108711481094e-03
2.466039732098579407e-03
2.424242440611124039e-03
2.257053274661302567e-03
3.176593454554677010e-03
2.967607229948043823e-03
3.176593687385320663e-03
3.552769077941775322e-03
4.639498423784971237e-03
4.096133634448051453e-03
5.600836127996444702e-03
5.057471338659524918e-03
7.021943107247352600e-03
8.401254191994667053e-03
8.317659609019756317e-03
1.308254897594451904e-02
1.584117114543914795e-02
2.106583118438720703e-02
3.439916297793388367e-02
7.828631252050399780e-02
7.238035798072814941e-01
