4.911159873008728027e-01
1.009877473115921021e-01
5.496856942772865295e-02
3.768603503704071045e-02
2.862755768001079559e-02
2.043865993618965149e-02
1.814723573625087738e-02
1.662323996424674988e-02
1.384824700653553009e-02
1.400077622383832932e-02
1.133389770984649658e-02
9.639579802751541138e-03
7.916223257780075073e-03
7.957341149449348450e-03
5.748461931943893433e-03
6.955732591450214386e-03
6.499498151242733002e-03
6.399989128112792969e-03
5.939329043030738831e-03
5.456930492073297501e-03
4.860993474721908569e-03
5.199753213673830032e-03
5.051854066550731659e-03
5.506985820829868317e-03
5.214713979512453079e-03
4.728022497147321701e-03
4.787073936313390732e-03
5.636760033667087555e-03
5.646991543471813202e-03
4.362101666629314423e-03
4.918314516544342041e-03
4.116126801818609238e-03
4.151253961026668549e-03
4.144219215959310532e-03
4.399699158966541290e-03
4.576562903821468353e-03
4.176215268671512604e-03
3.157334169372916222e-03
3.933636005967855453e-03
3.865112084895372391e-03
4.079606384038925171e-03
3.709114622324705124e-03
3.698988817632198334e-03
3.396485466510057449e-03
3.526960499584674835e-03
3.584578167647123337e-03
3.196662524715065956e-03
3.693922888487577438e-03
3.480571554973721504e-03
4.908320493996143341e-03
