7.490664720535278320e-01
1.038088127970695496e-01
5.974607914686203003e-02
2.539208158850669861e-02
1.344286743551492691e-02
8.961911313235759735e-03
3.734129946678876877e-03
2.987304003909230232e-03
1.493652001954615116e-03
2.240478061139583588e-03
0.000000000000000000e+00
1.493652001954615116e-03
7.468260009773075581e-04
7.468260009773075581e-04
7.468260009773075581e-04
1.493652001954615116e-03
0.000000000000000000e+00
0.000000000000000000e+00
0.000000000000000000e+00
1.493652001954615116e-03
7.468260009773075581e-04
0.000000000000000000e+00
7.468260009773075581e-04
7.468260009773075581e-04
1.493652001954615116e-03
7.468260009773075581e-04
0.000000000000000000e+00
1.493652001954615116e-03
0.000000000000000000e+00
1.493652001954615116e-03
7.468260009773075581e-04
7.468260009773075581e-04
7.468260009773075581e-04
1.493652001954615116e-03
1.493652001954615116e-03
7.468260009773075581e-04
0.000000000000000000e+00
0.000000000000000000e+00
7.468260009773075581e-04
0.000000000000000000e+00
0.000000000000000000e+00
7.468260009773075581e-04
0.000000000000000000e+00
0.000000000000000000e+00
7.468260009773075581e-04
7.468260009773075581e-04
0.000000000000000000e+00
7.468260009773075581e-04
2.240478061139583588e-03
2.987304003909230232e-03
