6.483499407768249512e-01
6.199369579553604126e-02
4.667504876852035522e-02
2.333752438426017761e-02
1.589234918355941772e-02
1.981468871235847473e-02
1.276901643723249435e-02
1.105870772153139114e-02
8.821483701467514038e-03
1.065920479595661163e-02
9.220986627042293549e-03
6.740459706634283066e-03
2.327920868992805481e-03
9.373592212796211243e-03
5.451253615319728851e-03
4.165641963481903076e-03
1.685114926658570766e-03
5.451253615319728851e-03
2.970726927742362022e-03
3.522835671901702881e-03
6.428060005418956280e-04
0.000000000000000000e+00
1.285612001083791256e-03
4.165641497820615768e-03
4.165641497820615768e-03
2.327920868992805481e-03
1.685114926658570766e-03
0.000000000000000000e+00
1.685114926658570766e-03
1.685114926658570766e-03
0.000000000000000000e+00
1.685114926658570766e-03
0.000000000000000000e+00
4.013035912066698074e-03
0.000000000000000000e+00
6.493562832474708557e-03
3.522835671901702881e-03
6.428060005418956280e-04
6.428060005418956280e-04
2.970726927742362022e-03
3.522835671901702881e-03
2.970726927742362022e-03
1.685114926658570766e-03
0.000000000000000000e+00
3.522835671901702881e-03
3.613532986491918564e-03
2.327920868992805481e-03
3.522835671901702881e-03
5.850756540894508362e-03
2.508814074099063873e-02
