4.655975103378295898e-02
1.965856179594993591e-02
1.810657046735286713e-02
1.526125147938728333e-02
1.267459802329540253e-02
1.396792568266391754e-02
9.570615366101264954e-03
8.535955101251602173e-03
9.311949834227561951e-03
8.277289569377899170e-03
1.112260669469833374e-02
9.570615366101264954e-03
5.690636113286018372e-03
5.431970581412315369e-03
6.207966711372137070e-03
7.242627907544374466e-03
5.949301645159721375e-03
5.690636113286018372e-03
5.690636113286018372e-03
6.207967177033424377e-03
5.949301179498434067e-03
8.794619701802730560e-03
8.535954169929027557e-03
8.018624037504196167e-03
6.983962841331958771e-03
5.949301645159721375e-03
5.431971047073602676e-03
7.501293439418077469e-03
4.914640448987483978e-03
7.242627907544374466e-03
6.466632243245840073e-03
6.983962841331958771e-03
5.690636113286018372e-03
5.173305980861186981e-03
6.725297309458255768e-03
8.018624037504196167e-03
8.535954169929027557e-03
9.311949834227561951e-03
8.018624037504196167e-03
8.018624037504196167e-03
9.829280897974967957e-03
5.173305515199899673e-03
1.138127222657203674e-02
1.474392134696245193e-02
1.965856179594993591e-02
2.509053424000740051e-02
3.078116849064826965e-02
4.578375816345214844e-02
6.363166123628616333e-02
4.009312093257904053e-01
