3.117641620337963104e-02
1.299270708113908768e-02
1.194720715284347534e-02
9.991331957280635834e-03
8.364897221326828003e-03
9.156831540167331696e-03
6.303873844444751740e-03
5.674642510712146759e-03
6.111393216997385025e-03
5.437397398054599762e-03
7.305940147489309311e-03
6.249182857573032379e-03
3.749210387468338013e-03
3.604359924793243408e-03
4.127775784581899643e-03
4.785451106727123260e-03
3.938160371035337448e-03
3.707309719175100327e-03
3.752074670046567917e-03
4.105060361325740814e-03
3.925370052456855774e-03
5.738557316362857819e-03
5.578051321208477020e-03
5.244917236268520355e-03
4.570921417325735092e-03
3.906185273081064224e-03
3.556064330041408539e-03
4.997782409191131592e-03
3.267029067501425743e-03
4.828017670661211014e-03
4.301071166992187500e-03
4.609291441738605499e-03
3.790445392951369286e-03
3.411879297345876694e-03
4.529722500592470169e-03
5.279756151139736176e-03
5.671778693795204163e-03
6.117788143455982208e-03
5.350768100470304489e-03
5.386273376643657684e-03
6.647635251283645630e-03
3.637702669948339462e-03
7.700197398662567139e-03
9.808147326111793518e-03
1.323418598622083664e-02
1.682862080633640289e-02
2.060407586395740509e-02
3.077736869454383850e-02
4.355623200535774231e-02
6.006629467010498047e-01
