2.617801073938608170e-03
5.949547514319419861e-03
5.473583936691284180e-03
7.139457389712333679e-03
5.949547514319419861e-03
4.997620359063148499e-03
5.711565725505352020e-03
4.759638570249080658e-03
4.283674526959657669e-03
4.997620359063148499e-03
6.901475600898265839e-03
9.043312631547451019e-03
6.663493812084197998e-03
8.329367265105247498e-03
7.377439178526401520e-03
8.567349053919315338e-03
8.329367265105247498e-03
7.853403687477111816e-03
1.094716787338256836e-02
1.023322157561779022e-02
7.377439178526401520e-03
1.142313145101070404e-02
1.499286107718944550e-02
9.757257997989654541e-03
1.070918608456850052e-02
1.070918608456850052e-02
1.142313145101070404e-02
1.356496941298246384e-02
1.213707774877548218e-02
1.189909502863883972e-02
1.142313145101070404e-02
1.237505953758955002e-02
1.118515059351921082e-02
1.594478823244571686e-02
1.570680551230907440e-02
1.927653513848781586e-02
1.404093205928802490e-02
2.094240859150886536e-02
2.356021106243133545e-02
2.570204809308052063e-02
2.498809993267059326e-02
3.165159374475479126e-02
3.641123324632644653e-02
3.855306655168533325e-02
3.879105299711227417e-02
4.117087274789810181e-02
5.140409618616104126e-02
6.615897268056869507e-02
8.852927386760711670e-02
1.620656847953796387e-01
