1.699743197824488334e+03
4.347012010345454200e+02
3.961234957625665132e+00
1.748323092296257153e+00
3.218338402729200798e+00
1.322371790901659239e+00
1.972289904986322062e+00
1.446491786669051871e+00
3.833901504456061371e+00
1.778342939787829424e+00
3.323513330304342706e+00
1.670280038053306493e+00
3.616098343581914065e+00
1.195090388642356505e+00
1.316134128094982314e+00
1.812716907897118590e+00
5.787138326906874575e+00
2.374394592592973030e+00
3.532856028195199727e+00
1.828210871053221664e+00
3.982159299618931225e+00
1.776563193151549092e+00
3.198373675154458695e+00
1.457034433999061518e+00
2.610662901587827545e+00
1.167125091485698096e+00
1.928706230924441600e+00
1.130781041884980409e+00
2.556452925568211132e+00
1.363360362238113854e+00
2.933129772688706893e+00
1.247416777132712262e+00
1.915382246435587410e+00
1.061540728118068211e+00
2.233293361951324663e+00
1.129575109203530214e+00
2.247893428423154205e+00
1.248088715142094962e+00
2.618167105978933318e+00
1.576367772767399922e+00
3.657945602735493296e+00
1.225310991847584408e+00
1.292206586805560997e+00
5.599824366064660719e-01
9.938307963673502776e-01
6.558953917908058040e-01
1.663820424791916830e+00
9.790370985460675746e-01
2.284107393018264709e+00
