4.864899956402340422e+02
1.252263770512897452e+02
4.466062135709272241e+00
3.407911491793363723e+00
8.733158470878475299e+00
3.321373670517478338e+00
4.473470141522907895e+00
1.628138792639608701e+00
2.264478007987808628e+00
1.670076971394407694e+00
4.401771838948976168e+00
2.846140106316785268e+00
6.805865714573218206e+00
2.235121215655341054e+00
2.210611056328041002e+00
1.649672966624735837e+00
4.533890919695608090e+00
2.191347734878665410e+00
4.396522213962519743e+00
1.631801635825667507e+00
2.234472404636199006e+00
2.265571142323804299e+00
6.581297729319945944e+00
1.677898800414708846e+00
2.485661271403131860e-03
3.862058101230680052e+00
1.555496350043163467e+01
4.958805378773432082e+00
4.367252593374976399e+00
2.832755404744621952e+00
6.810834308582609076e+00
3.406075403745057351e+00
6.650701146791272222e+00
3.890617923453857596e+00
8.843530551203196310e+00
2.803227241140233694e+00
2.266029406016114578e+00
1.649043634885773324e+00
4.357105338891967605e+00
3.354946539047205079e+00
8.764644571105121074e+00
4.362420994785995099e+00
9.098664306264421242e+00
2.273469739677848711e+00
2.486064528740006708e-03
1.630086861195743975e+00
6.595307548518913876e+00
7.095456608381223162e+00
2.179471897066055419e+01
