6.185367971963224853e+00
1.694454274743546041e+00
6.078770275975855508e-01
1.862264843937225245e-01
1.320043079567198019e-01
7.402200366575800716e-02
1.728187433153767216e-01
1.302853905047594296e-01
3.524102224709599329e-01
1.716173407590653455e-01
3.440144291408558375e-01
2.922481170847301413e-01
8.376461109574495634e-01
3.130255238151834485e-01
4.239705372254026772e-01
2.660136017205044223e-01
6.364470993540756183e-01
3.054635767335949215e-01
5.723094135843519448e-01
3.730121863865682452e-01
8.978639633518955554e-01
4.685867402671772264e-01
1.000845388072664877e+00
4.596024223898003136e-01
8.616181033863734573e-01
4.480016986232461806e-01
9.615906366483640832e-01
5.038378489705969132e-01
1.013596042684843601e+00
5.739923899325237722e-01
1.197875370902995229e+00
6.279092842389880635e-01
1.329967447784204504e+00
9.968593434654626773e-01
2.533060306864127309e+00
1.127422193133723827e+00
1.916427875690726923e+00
1.320053021998705445e+00
3.445458674668661292e+00
1.691299402665549012e+00
3.168508655943898411e+00
2.395509490711869027e+00
6.268876614829651750e+00
3.722530389195473521e+00
8.671851565880693613e+00
6.843034665201508382e+00
1.909579840392076022e+01
1.514494199115152924e+02
5.900267045003536168e+02
