1.649866051476322681e+01
4.051959095183739201e+00
6.511257854826599375e-04
3.102594904647825694e-04
5.999892789045213224e-04
2.899230418379565295e-04
5.626784100381093104e-04
2.702895963815460899e-04
5.264902079060274727e-04
2.513150915284683459e-04
4.790234585027407363e-04
2.388680851479953074e-04
4.557802766513087173e-04
2.176588163317637380e-04
4.323986145826242290e-04
2.043463700484040809e-04
4.028249144901527431e-04
1.975826073935686754e-04
3.719254251576198855e-04
1.868646965725694466e-04
3.561065328078386700e-04
1.729323718138774200e-04
3.372601921215516657e-04
1.621026075513462691e-04
3.186798579152330386e-04
1.541505989557986206e-04
2.978991111883915171e-04
1.443276144964170777e-04
2.892100872339450337e-04
1.402558918378472158e-04
2.680480027160024505e-04
1.308852485416008655e-04
2.609677845947965457e-04
1.282876255193984177e-04
2.466757518235315099e-04
1.167547707531138123e-04
2.308417326095005653e-04
1.125759201607669436e-04
2.230643453397078977e-04
1.098872361219518657e-04
2.116794075174259092e-04
1.003834548793719667e-04
2.030869287406065560e-04
9.858228023093051418e-05
1.874112124080865743e-04
9.510371582226101797e-05
1.785371151732235398e-04
9.057507072437198940e-05
1.731813104364359238e-04
