1.231166431704808595e+01
3.150732148441738101e+00
2.230234595596649605e-01
3.366122998793722454e-01
1.104434748132465227e+00
5.156859848335755281e-01
8.905160620192067444e-01
6.191388814862418544e-01
1.542653984223129049e+00
4.410639614016471644e-01
2.277100228974371920e-01
3.913136760043346429e-01
1.345957563604541551e+00
6.220683527272869995e-01
1.134044404042899856e+00
4.944153278092637827e-01
8.899464795973540676e-01
4.955397598661951952e-01
1.126196798003023636e+00
6.858641929073460153e-01
1.578596131660774171e+00
1.125875456771959326e+00
2.858237276582947572e+00
1.108464503227979847e+00
1.534469988578574862e+00
1.009798393797120442e+00
2.454130854492705183e+00
1.434394593852778454e+00
3.118703660210606188e+00
1.164518663123214726e+00
1.593856207363718802e+00
1.067960170674068232e+00
2.692874708493838920e+00
1.327870824556162344e+00
2.714120800430602998e+00
1.480740971169136833e+00
3.133202652635756369e+00
1.736969925053168717e+00
3.770881123962694037e+00
1.921583230827096367e+00
3.959890296879061022e+00
2.314863497915144563e+00
5.182887880138440373e+00
2.312818564012698808e+00
3.950166200502436720e+00
2.770039992640796811e+00
6.992697603655596339e+00
5.707761282065594521e+00
1.519872712024050365e+01
