2.568553868507865801e+01
6.940807579480990697e+00
1.148904893882496170e+00
7.121748900495501466e-01
1.777908191416012640e+00
8.305391477212367146e-01
1.471354381456022820e+00
9.531174276747078622e-01
2.285415323426579715e+00
8.791489024821447229e-01
1.176344775517907060e+00
9.380685378401111274e-01
2.655884055923266374e+00
1.229424683666532125e+00
2.304490466031221096e+00
1.138701844896690130e+00
2.212451236884408701e+00
1.124037103234482693e+00
2.348640153543601894e+00
1.423666916851609177e+00
3.327510809158384486e+00
2.144745968077188980e+00
5.159128634031739047e+00
2.151653301444213628e+00
3.491023392317696317e+00
2.036937150518813855e+00
4.531328583188957815e+00
2.536426368612790583e+00
5.741919197819235876e+00
2.356357826610482764e+00
3.887462582208942585e+00
2.349336557745406395e+00
5.630810523967087811e+00
3.262039622218924073e+00
7.300349491196858054e+00
3.552149435014353873e+00
7.034140863334581439e+00
4.318529551365963393e+00
1.012992205909154464e+01
5.416718984254329960e+00
1.153175834926401677e+01
7.125642125666855620e+00
1.635093468016066964e+01
8.901739252185837614e+00
1.985086447016066913e+01
1.442442867176835719e+01
3.982908154928104949e+01
1.875965755951941389e+02
7.036986569237492404e+02
