2.894022509281057864e-05
6.269870791584253311e-04
4.192571155726909637e-03
2.996360417455434799e-03
3.605085657909512520e-03
2.405548468232154846e-03
4.191229585558176041e-03
6.388903129845857620e-04
3.590731881558895111e-03
3.579937387257814407e-03
4.761676769703626633e-03
5.362174939364194870e-03
6.558268330991268158e-03
2.410216722637414932e-03
3.575152950361371040e-03
2.395863179117441177e-03
2.406657440587878227e-03
3.010714193806052208e-03
5.942308343946933746e-03
2.983115613460540771e-03
4.174424801021814346e-03
5.950652528554201126e-03
4.771362524479627609e-03
1.222583348862826824e-03
2.983115613460540771e-03
1.795365940779447556e-03
4.187553655356168747e-03
4.175650421530008316e-03
2.977105788886547089e-03
4.772587679326534271e-03
5.346712190657854080e-03
5.352605599910020828e-03
4.185219295322895050e-03
1.790581271052360535e-03
4.180435091257095337e-03
4.757008515298366547e-03
2.394754206761717796e-03
6.565503310412168503e-03
5.376528482884168625e-03
7.742575369775295258e-03
5.375303328037261963e-03
4.773813299834728241e-03
3.619555616751313210e-03
2.997585805132985115e-03
2.425912069156765938e-03
3.581162542104721069e-03
4.191346000880002975e-03
3.608877770602703094e-03
3.617221489548683167e-03
8.934876881539821625e-03
3.590848296880722046e-03
1.831541187129914761e-03
5.980817601084709167e-03
3.013164736330509186e-03
5.393449217081069946e-03
7.747127208858728409e-03
3.014273475855588913e-03
5.388548132032155991e-03
4.785832483321428299e-03
7.779626641422510147e-03
5.373085383325815201e-03
5.980817601084709167e-03
5.965238902717828751e-03
7.803665939718484879e-03
7.796430960297584534e-03
6.620932836085557938e-03
7.230651099234819412e-03
5.405585281550884247e-03
3.046889556571841240e-03
1.020320504903793335e-02
1.017939858138561249e-02
8.418517187237739563e-03
9.013121947646141052e-03
1.133820787072181702e-02
9.033484384417533875e-03
9.611516259610652924e-03
1.259428448975086212e-02
1.319279521703720093e-02
9.673715569078922272e-03
1.443282701075077057e-02
1.497590914368629456e-02
1.503688376396894455e-02
8.478731848299503326e-03
1.564706675708293915e-02
1.453242730349302292e-02
1.986711844801902771e-02
1.804293133318424225e-02
2.158593200147151947e-02
1.275421492755413055e-02
1.997628808021545410e-02
2.410945855081081390e-02
1.821733266115188599e-02
2.489089593291282654e-02
2.916013449430465698e-02
3.449541330337524414e-02
3.353714197874069214e-02
3.202307224273681641e-02
3.688849136233329773e-02
3.819092735648155212e-02
