7.827371358871459961e-01
5.382343381643295288e-02
1.640958338975906372e-02
1.050213351845741272e-02
1.148670818656682968e-02
7.876600138843059540e-03
3.938300069421529770e-03
3.610108513385057449e-03
3.610108513385057449e-03
4.922875203192234039e-03
2.297341823577880859e-03
3.938300069421529770e-03
2.625533379614353180e-03
4.266491625458002090e-03
1.312766689807176590e-03
2.625533379614353180e-03
2.953724935650825500e-03
3.281916724517941475e-03
9.845750173553824425e-04
2.297341823577880859e-03
9.845750173553824425e-04
1.640958362258970737e-03
9.845750173553824425e-04
1.640958362258970737e-03
3.281916724517941475e-04
2.297341823577880859e-03
1.640958362258970737e-03
1.640958362258970737e-03
1.969150034710764885e-03
1.640958362258970737e-03
1.969150034710764885e-03
1.312766689807176590e-03
1.969150034710764885e-03
3.938300069421529770e-03
2.297341823577880859e-03
3.610108513385057449e-03
3.281916724517941475e-04
6.563833449035882950e-04
1.312766689807176590e-03
9.845750173553824425e-04
1.969150034710764885e-03
2.297341823577880859e-03
1.312766689807176590e-03
1.969150034710764885e-03
1.969150034710764885e-03
3.281916724517941475e-03
3.938300069421529770e-03
3.281916491687297821e-03
7.220216095447540283e-03
1.411224156618118286e-02
