7.281048456206917763e-04
4.160598909948021173e-04
2.080299163935706019e-04
5.200748564675450325e-04
2.080299163935706019e-04
1.040149581967853010e-04
3.120448673143982887e-04
0.000000000000000000e+00
3.120448673143982887e-04
2.080299163935706019e-04
2.080299163935706019e-04
1.040149581967853010e-04
0.000000000000000000e+00
0.000000000000000000e+00
3.120448673143982887e-04
1.040149581967853010e-04
0.000000000000000000e+00
2.080299163935706019e-04
3.120448673143982887e-04
1.040149581967853010e-04
2.080299163935706019e-04
0.000000000000000000e+00
2.080299163935706019e-04
2.080299163935706019e-04
2.080299163935706019e-04
0.000000000000000000e+00
2.080299163935706019e-04
4.160598327871412039e-04
2.080299163935706019e-04
0.000000000000000000e+00
4.160598327871412039e-04
3.120448673143982887e-04
1.040149581967853010e-04
2.080299163935706019e-04
3.120448673143982887e-04
2.080299163935706019e-04
2.080299163935706019e-04
3.120449255220592022e-04
3.120448673143982887e-04
2.080299163935706019e-04
4.160598909948021173e-04
3.120448673143982887e-04
4.160598327871412039e-04
3.120448673143982887e-04
6.240898510441184044e-04
8.321196655742824078e-04
1.352194580249488354e-03
3.120449371635913849e-03
4.160599317401647568e-03
9.798210859298706055e-01
