6.297228392213582993e-04
7.556675001978874207e-03
6.297228857874870300e-03
5.037783645093441010e-03
7.556675001978874207e-03
1.070528849959373474e-02
9.445843286812305450e-03
6.297228857874870300e-03
5.667505785822868347e-03
9.445843286812305450e-03
1.070528943091630936e-02
6.297228392213582993e-03
5.037783179432153702e-03
8.816121146082878113e-03
8.186397142708301544e-03
1.133501250296831131e-02
6.297229323536157608e-03
9.445843286812305450e-03
9.445843286812305450e-03
1.385390385985374451e-02
1.070528849959373474e-02
6.926951929926872253e-03
6.297228857874870300e-03
8.186398074030876160e-03
1.322418171912431717e-02
5.667506251484155655e-03
9.445843286812305450e-03
1.385390385985374451e-02
8.816121146082878113e-03
1.322418078780174255e-02
1.196473464369773865e-02
1.448362693190574646e-02
1.511335000395774841e-02
1.322418078780174255e-02
1.385390385985374451e-02
1.952141150832176208e-02
2.141058072447776794e-02
1.952140964567661285e-02
2.707808464765548706e-02
2.518891543149948120e-02
3.148614615201950073e-02
2.518891729414463043e-02
3.589420765638351440e-02
4.156171530485153198e-02
3.400503844022750854e-02
4.408060386776924133e-02
5.604533851146697998e-02
7.052896916866302490e-02
7.052896916866302490e-02
1.549118459224700928e-01
