9.426473407074809074e-04
1.438777544535696507e-03
6.449692300520837307e-04
5.953562213107943535e-04
8.434213232249021530e-04
9.426473407074809074e-04
1.091486425139009953e-03
7.938083144836127758e-04
8.434213232249021530e-04
5.457432125695049763e-04
8.930343319661915302e-04
7.441953057423233986e-04
3.472911193966865540e-04
4.961302038282155991e-04
5.457432125695049763e-04
7.441953057423233986e-04
5.953562213107943535e-04
2.480651019141077995e-04
7.938083144836127758e-04
5.457432125695049763e-04
4.961302038282155991e-04
3.472911193966865540e-04
6.945822387933731079e-04
2.976781106553971767e-04
3.472911193966865540e-04
4.961302038282155991e-04
4.961302038282155991e-04
4.961302038282155991e-04
3.472911193966865540e-04
4.465171659830957651e-04
4.465171659830957651e-04
4.961302038282155991e-04
6.945822387933731079e-04
2.976781106553971767e-04
6.945822387933731079e-04
7.441953057423233986e-04
8.434213232249021530e-04
4.465171659830957651e-04
5.457432125695049763e-04
6.449692300520837307e-04
1.041873358190059662e-03
7.938083144836127758e-04
5.953562213107943535e-04
8.930343319661915302e-04
5.953562213107943535e-04
5.953562213107943535e-04
4.961302038282155991e-04
6.449692300520837307e-04
4.961302038282155991e-04
8.930343319661915302e-04
4.465171659830957651e-04
1.240325509570538998e-03
9.922604076564311981e-04
5.457432125695049763e-04
6.449692300520837307e-04
1.041873358190059662e-03
1.091486425139009953e-03
8.930343319661915302e-04
4.961302038282155991e-04
6.945822387933731079e-04
9.426473407074809074e-04
7.441953057423233986e-04
1.240325509570538998e-03
1.041873358190059662e-03
1.041873358190059662e-03
1.289938460104167461e-03
9.426473407074809074e-04
1.488390611484646797e-03
1.934907748363912106e-03
1.587616628967225552e-03
8.930343319661915302e-04
1.538003562018275261e-03
1.686842646449804306e-03
1.587616628967225552e-03
1.389164477586746216e-03
2.034133765846490860e-03
2.530263969674706459e-03
2.133359899744391441e-03
2.728716004639863968e-03
2.133359899744391441e-03
2.431037835776805878e-03
2.728716004639863968e-03
3.224846208468079567e-03
2.728716004639863968e-03
3.224846208468079567e-03
4.117880482226610184e-03
4.812462721019983292e-03
5.010914988815784454e-03
5.953562445938587189e-03
5.655884277075529099e-03
6.548918318003416061e-03
8.186148479580879211e-03
9.029569104313850403e-03
1.155983284115791321e-02
1.473506633192300797e-02
1.855526864528656006e-02
2.703909575939178467e-02
4.668585211038589478e-02
1.001190692186355591e-01
