2.820271765813231468e-03
1.709255622699856758e-03
1.452867290936410427e-03
1.538330106995999813e-03
1.538330106995999813e-03
1.538330106995999813e-03
1.452867290936410427e-03
2.136569470167160034e-03
1.794718438759446144e-03
1.281941658817231655e-03
1.452867290936410427e-03
1.025553327053785324e-03
1.367404474876821041e-03
1.452867290936410427e-03
1.794718438759446144e-03
3.247585613280534744e-03
2.991197397932410240e-03
1.965644070878624916e-03
2.478420734405517578e-03
2.905734581872820854e-03
1.880181138403713703e-03
3.503974061459302902e-03
3.418511245399713516e-03
2.905734581872820854e-03
3.418511245399713516e-03
2.820271765813231468e-03
2.392957918345928192e-03
2.649346133694052696e-03
3.418511245399713516e-03
3.589436877518892288e-03
2.222032286226749420e-03
2.905734581872820854e-03
3.076660213991999626e-03
3.589436877518892288e-03
2.649346133694052696e-03
2.905734581872820854e-03
3.418511245399713516e-03
3.503974061459302902e-03
4.529527388513088226e-03
3.845825092867016792e-03
3.247585613280534744e-03
4.016750492155551910e-03
4.273138940334320068e-03
3.162122797220945358e-03
3.418511245399713516e-03
3.674899693578481674e-03
4.358601756393909454e-03
4.102213308215141296e-03
4.614990204572677612e-03
5.042304284870624542e-03
5.555080715566873550e-03
4.785915836691856384e-03
3.076660213991999626e-03
5.127766635268926620e-03
4.016750492155551910e-03
5.555080715566873550e-03
6.153320427983999252e-03
5.213229451328516006e-03
4.956841468811035156e-03
4.871378652751445770e-03
5.896931979805231094e-03
5.469617899507284164e-03
6.495171226561069489e-03
6.409708410501480103e-03
5.896931979805231094e-03
8.546277880668640137e-03
7.777113001793622971e-03
6.409708410501480103e-03
7.349799387156963348e-03
6.495171226561069489e-03
7.691650185734033585e-03
9.144517593085765839e-03
8.973591960966587067e-03
1.042645890265703201e-02
9.486368857324123383e-03
1.222117803990840912e-02
1.059738453477621078e-02
1.068284735083580017e-02
1.281941682100296021e-02
1.025553327053785324e-02
1.247756555676460266e-02
1.128108706325292587e-02
1.111016143113374710e-02
1.469959877431392670e-02
1.358858216553926468e-02
1.495598629117012024e-02
1.657977886497974396e-02
1.418682187795639038e-02
1.512691192328929901e-02
2.145115844905376434e-02
1.991282775998115540e-02
1.991282775998115540e-02
2.717716433107852936e-02
2.803179249167442322e-02
3.503974154591560364e-02
3.999658301472663879e-02
5.067943036556243896e-02
6.777198612689971924e-02
7.529270648956298828e-02
