4.706666767597198486e-01
9.960784018039703369e-02
5.364705994725227356e-02
3.788235411047935486e-02
3.011764772236347198e-02
2.133333310484886169e-02
1.764705963432788849e-02
1.505882386118173599e-02
1.333333365619182587e-02
1.403921563178300858e-02
9.019607678055763245e-03
9.254901669919490814e-03
7.843137718737125397e-03
8.156863041222095490e-03
6.745098158717155457e-03
6.588235497474670410e-03
7.058823481202125549e-03
7.215686142444610596e-03
5.411764606833457947e-03
5.333333276212215424e-03
4.156862851232290268e-03
4.705882165580987930e-03
4.156862851232290268e-03
5.960784386843442917e-03
4.235294181853532791e-03
3.843137295916676521e-03
4.000000189989805222e-03
3.372549079358577728e-03
2.980392193421721458e-03
2.588235307484865189e-03
2.980392193421721458e-03
3.137254854664206505e-03
2.274509752169251442e-03
2.823529299348592758e-03
2.352941082790493965e-03
3.529411740601062775e-03
2.666666638106107712e-03
3.058823524042963982e-03
2.509803976863622665e-03
2.823529299348592758e-03
1.647058874368667603e-03
1.803921535611152649e-03
2.039215760305523872e-03
2.117647090926766396e-03
1.882352982647716999e-03
2.352941082790493965e-03
2.588235307484865189e-03
1.882352982647716999e-03
1.568627427332103252e-03
1.647058874368667603e-03
1.411764649674296379e-03
2.117647090926766396e-03
1.568627427332103252e-03
1.803921535611152649e-03
1.647058874368667603e-03
1.254901988431811333e-03
1.960784429684281349e-03
2.196078421548008919e-03
2.039215760305523872e-03
1.803921535611152649e-03
1.490196096710860729e-03
1.725490204989910126e-03
2.352941082790493965e-03
1.098039210774004459e-03
1.960784429684281349e-03
1.803921535611152649e-03
1.254901988431811333e-03
1.411764649674296379e-03
1.254901988431811333e-03
1.960784429684281349e-03
1.254901988431811333e-03
1.647058874368667603e-03
1.490196096710860729e-03
1.568627427332103252e-03
1.803921535611152649e-03
5.490196053870022297e-04
1.411764649674296379e-03
1.411764649674296379e-03
1.254901988431811333e-03
1.254901988431811333e-03
7.843137136660516262e-04
6.274509942159056664e-04
3.921568568330258131e-04
7.843137136660516262e-04
9.411764913238584995e-04
9.411764913238584995e-04
1.333333319053053856e-03
8.627451024949550629e-04
1.254901988431811333e-03
5.490196053870022297e-04
7.058823248371481895e-04
8.627451024949550629e-04
7.843137136660516262e-04
4.705882456619292498e-04
5.490196053870022297e-04
9.411764913238584995e-04
1.333333319053053856e-03
1.019607880152761936e-03
1.254901988431811333e-03
