5.459825992584228516e-01
8.454339951276779175e-02
4.751532897353172302e-02
3.267182782292366028e-02
2.379800006747245789e-02
1.831235922873020172e-02
1.540819648653268814e-02
1.048725377768278122e-02
9.196515195071697235e-03
7.663762662559747696e-03
8.067118003964424133e-03
8.954501710832118988e-03
6.937721744179725647e-03
5.566311534494161606e-03
5.082284566015005112e-03
4.678928758949041367e-03
4.356244113296270370e-03
3.791545750573277473e-03
4.598257597535848618e-03
2.984833903610706329e-03
3.549532033503055573e-03
3.710874589160084724e-03
3.388189710676670074e-03
4.356244113296270370e-03
2.500806702300906181e-03
3.226847387850284576e-03
2.742820186540484428e-03
2.581477863714098930e-03
2.662149025127291679e-03
2.420135540887713432e-03
2.581477863714098930e-03
2.984833903610706329e-03
2.742820186540484428e-03
2.339464379474520683e-03
2.581477863714098930e-03
2.904162742197513580e-03
2.258793218061327934e-03
2.016779500991106033e-03
2.178122056648135185e-03
1.774766016751527786e-03
2.420135540887713432e-03
1.613423693925142288e-03
2.016779500991106033e-03
1.532752532511949539e-03
2.016779500991106033e-03
1.774766016751527786e-03
2.097450895234942436e-03
1.371410093270242214e-03
1.532752532511949539e-03
2.258793218061327934e-03
1.694094855338335037e-03
1.613423693925142288e-03
1.210067770443856716e-03
1.936108455993235111e-03
1.694094855338335037e-03
1.936108455993235111e-03
1.452081371098756790e-03
1.613423693925142288e-03
1.371410093270242214e-03
1.774766016751527786e-03
7.260406855493783951e-04
1.694094855338335037e-03
1.210067770443856716e-03
1.613423693925142288e-03
1.210067770443856716e-03
1.290738931857049465e-03
1.694094855338335037e-03
1.129396609030663967e-03
1.855437294580042362e-03
1.129396609030663967e-03
1.371410093270242214e-03
1.048725447617471218e-03
1.290738931857049465e-03
1.532752532511949539e-03
1.613423693925142288e-03
1.613423693925142288e-03
1.129396609030663967e-03
1.129396609030663967e-03
1.532752532511949539e-03
7.260406855493783951e-04
1.613423693925142288e-03
1.048725447617471218e-03
1.774766016751527786e-03
1.532752532511949539e-03
1.694094855338335037e-03
1.290738931857049465e-03
1.290738931857049465e-03
2.500806702300906181e-03
1.371410093270242214e-03
8.873830083757638931e-04
1.290738931857049465e-03
1.371410093270242214e-03
1.290738931857049465e-03
1.452081371098756790e-03
1.936108455993235111e-03
1.129396609030663967e-03
1.371410093270242214e-03
1.532752532511949539e-03
2.097450895234942436e-03
