1.044932054355740547e-03
1.546499435789883137e-03
1.086729345843195915e-03
8.359456551261246204e-04
1.421107677742838860e-03
1.003134762868285179e-03
8.359456551261246204e-04
1.044932054355740547e-03
8.359456551261246204e-04
1.128526637330651283e-03
8.777429466135799885e-04
7.105538388714194298e-04
1.003134762868285179e-03
5.015673814341425896e-04
5.851619644090533257e-04
5.433646729215979576e-04
6.687565473839640617e-04
4.179728275630623102e-04
7.523510721512138844e-04
8.359456551261246204e-04
8.359456551261246204e-04
7.105538388714194298e-04
5.851619644090533257e-04
9.613375295884907246e-04
7.105538388714194298e-04
6.269592558965086937e-04
6.687565473839640617e-04
9.195402381010353565e-04
7.523510721512138844e-04
5.851619644090533257e-04
7.105538388714194298e-04
4.179728275630623102e-04
6.687565473839640617e-04
6.269592558965086937e-04
5.851619644090533257e-04
8.777429466135799885e-04
1.003134762868285179e-03
6.687565473839640617e-04
6.687565473839640617e-04
7.105538388714194298e-04
7.941483636386692524e-04
6.687565473839640617e-04
7.941483636386692524e-04
7.941483636386692524e-04
1.086729345843195915e-03
7.941483636386692524e-04
9.613375295884907246e-04
9.195402381010353565e-04
5.433646729215979576e-04
7.523510721512138844e-04
1.003134762868285179e-03
9.613375295884907246e-04
1.086729345843195915e-03
7.941483636386692524e-04
1.044932054355740547e-03
7.523510721512138844e-04
1.086729345843195915e-03
1.462904969230294228e-03
1.170323928818106651e-03
9.195402381010353565e-04
1.128526637330651283e-03
1.337513094767928123e-03
9.195402381010353565e-04
1.504702144302427769e-03
9.195402381010353565e-04
1.337513094767928123e-03
1.671891310252249241e-03
1.504702144302427769e-03
1.546499435789883137e-03
1.421107677742838860e-03
1.253918511793017387e-03
1.922675059176981449e-03
1.755485893227159977e-03
1.797283184714615345e-03
2.131661400198936462e-03
2.507837023586034775e-03
2.340647857636213303e-03
1.755485893227159977e-03
2.549634315073490143e-03
3.051201580092310905e-03
1.922675059176981449e-03
3.134796163067221642e-03
3.343782620504498482e-03
3.678160952404141426e-03
3.803552826866507530e-03
4.597701132297515869e-03
3.887147409841418266e-03
4.430511966347694397e-03
6.269592326134443283e-03
6.812957115471363068e-03
7.607105653733015060e-03
8.234065026044845581e-03
9.237200021743774414e-03
1.182863116264343262e-02
1.479623839259147644e-02
1.960292644798755646e-02
3.021943569183349609e-02
4.806687682867050171e-02
1.001044958829879761e-01
