6.451460123062133789e-01
7.098431885242462158e-02
3.880475834012031555e-02
2.312060631811618805e-02
1.595457084476947784e-02
1.460248790681362152e-02
1.122228242456912994e-02
8.923742920160293579e-03
8.180097676813602448e-03
7.504056207835674286e-03
7.301243953406810760e-03
4.732287954539060593e-03
5.070308223366737366e-03
4.529475234448909760e-03
5.070308223366737366e-03
3.785830223932862282e-03
4.326662980020046234e-03
3.988642711192369461e-03
5.002703983336687088e-03
4.056246485561132431e-03
4.394267220050096512e-03
2.906976733356714249e-03
3.785830223932862282e-03
3.312601475045084953e-03
3.583017736673355103e-03
3.177393227815628052e-03
2.906976733356714249e-03
2.163331490010023117e-03
3.042184980586171150e-03
2.839372726157307625e-03
1.690102741122245789e-03
2.230935730040073395e-03
2.095727482810616493e-03
2.230935730040073395e-03
2.704164478927850723e-03
2.298539737239480019e-03
1.960519235581159592e-03
1.892915111966431141e-03
1.960519235581159592e-03
1.284478115849196911e-03
2.163331490010023117e-03
1.825310988351702690e-03
1.622498617507517338e-03
1.284478115849196911e-03
1.352082239463925362e-03
1.960519235581159592e-03
1.622498617507517338e-03
1.622498617507517338e-03
1.622498617507517338e-03
1.690102741122245789e-03
1.757706864736974239e-03
1.690102741122245789e-03
1.284478115849196911e-03
1.419686363078653812e-03
1.149269868619740009e-03
1.419686363078653812e-03
1.216873992234468460e-03
1.487290370278060436e-03
5.408328725025057793e-04
1.081665745005011559e-03
1.081665745005011559e-03
8.788534323684871197e-04
1.081665745005011559e-03
1.081665745005011559e-03
6.084369961172342300e-04
7.436451851390302181e-04
8.788534323684871197e-04
1.081665745005011559e-03
1.216873992234468460e-03
8.788534323684871197e-04
8.112493087537586689e-04
8.112493087537586689e-04
1.081665745005011559e-03
7.436451851390302181e-04
6.760411197319626808e-04
6.084369961172342300e-04
8.112493087537586689e-04
6.084369961172342300e-04
6.084369961172342300e-04
6.760411197319626808e-04
8.112493087537586689e-04
1.216873992234468460e-03
1.081665745005011559e-03
4.056246543768793344e-04
4.732287779916077852e-04
5.408328725025057793e-04
3.380205598659813404e-04
4.056246543768793344e-04
4.056246543768793344e-04
6.760411197319626808e-04
2.704164362512528896e-04
3.380205598659813404e-04
2.704164362512528896e-04
3.380205598659813404e-04
2.704164362512528896e-04
2.028123271884396672e-04
2.028123271884396672e-04
0.000000000000000000e+00
0.000000000000000000e+00
