5.228682333266380056e+02
2.950572262169730493e+03
3.846575906348562512e+03
3.329586440556884099e+03
2.112860623500830116e+04
2.765144447956052318e+04
1.301459561007407046e+02
7.621664465230207952e+02
9.686165662457794951e+02
8.537332284035761631e+02
5.272776403140088405e+03
6.810887686545635006e+03
1.117486794134479133e+01
4.669617648491675155e+00
1.847337738104667082e+01
4.466526263251820339e+00
8.093308440146009275e+01
8.308713629970036152e+01
3.282409529690129002e+00
5.253067984358224862e+00
7.264707028882780193e+00
4.647165119896533803e+00
4.759111428904665075e+01
4.475653855132567571e+01
2.244293350046845603e+00
1.632606054277340135e+01
1.147077714868587428e+01
1.394853783001315506e+01
1.108727201747282578e+02
9.765328550465372359e+01
1.628978668367098370e+00
6.909275970846660897e+00
7.478989049349017648e+00
4.511323235260843667e+00
4.891120847534285332e+01
4.353841103756340658e+01
4.431901666193749811e+00
1.170210433411273598e+01
1.783852416931059537e+01
4.575576700297694366e+00
8.224097658590895321e+01
8.357878778718297497e+01
1.672682887847112054e+00
4.574551650974950867e+00
8.085132365188355763e+00
5.122160574140897538e+00
3.971807320931785057e+01
3.726056243634180021e+01
2.259780642949631879e+00
6.896029989808468486e+00
1.335228943802729340e+01
1.629053018692227539e+01
7.282837539760852508e+01
6.656683766716214734e+01
1.134400324408883387e+00
2.320920510423271299e+00
7.507988920438319447e+00
7.406417569962476577e+00
3.784765335559668387e+01
3.467044924635358427e+01
2.207298223911336787e+00
2.295253842332970695e+00
1.608647981289203344e+01
1.401319887416180343e+01
8.208751524905903807e+01
7.599070272973253282e+01
2.202052888895385863e+00
1.138536183559664794e+00
7.449310552148848075e+00
7.446410431496397031e+00
3.545441892654139338e+01
3.474177081869363803e+01
6.556099931502982869e+00
2.359480159923384779e+00
1.372000358922568886e+01
1.608537072346437569e+01
5.890214257884482407e+01
6.737145918975937775e+01
1.673970866071341268e+00
1.148558369825282144e+00
9.042035016479704979e+00
5.640481858683725314e+00
3.037645619256466745e+01
3.520965307750083895e+01
2.537849518274465886e-03
2.304059244447689281e+00
2.304302433368605207e+01
6.901210325364810494e+00
6.152457739106361601e+01
7.894225130839889459e+01
2.253640026914729422e+00
2.873692081159600509e+00
8.100283578615917079e+00
4.600301666427252023e+00
2.834765423998049627e+01
3.901598997094035326e+01
8.857226273391090032e+00
9.460365177674416870e+00
9.167892488999433098e+00
1.148764617858918413e+01
5.099109122127154592e+01
7.833473208705515844e+01
2.235103783822099288e+00
3.970816255799692218e+00
5.530494349503578100e+00
6.164599793157161223e+00
2.594038450316849520e+01
3.768338523620621316e+01
2.469651111930237005e-03
6.866487314811003273e+00
1.360771444267250985e+01
1.368356950438087694e+01
5.408004152253462848e+01
7.329138587874521704e+01
1.125331291667155842e+00
2.358994822413252646e+00
6.257368836365992948e+00
7.540845375417310592e+00
2.755672465358830081e+01
3.428212431034194196e+01
4.506888735124363166e+00
2.348507801294859476e+00
1.105335528630953235e+01
1.587545830270377500e+01
5.504131063992981154e+01
6.497148063244796390e+01
1.093921010576361486e+00
5.730392662231073020e-01
4.492554068496317221e+00
8.004695404794638591e+00
3.213056092827775245e+01
3.216158516512284393e+01
2.477818721457740458e-03
1.246966456885119888e-02
6.673347461833095018e+00
1.565856606422054931e+01
7.364971407084209432e+01
6.449923522353532235e+01
5.567107315744731499e-01
1.149768550488754704e+00
6.332457512580371706e+00
8.460155369153740779e+00
3.167295356842906884e+01
3.252607098133525199e+01
2.188325614287819576e+00
4.718407107796327438e+00
1.780445452700503139e+01
1.788385832172454926e+01
5.344532913666404994e+01
6.283972573059397604e+01
2.180940804098662422e+00
2.279611700378013861e+00
7.494543321186127649e+00
9.028261558991770741e+00
3.139812390528826924e+01
2.811213217677460108e+01
6.585227908697696364e+00
4.715635809006029078e+00
1.135721638404722889e+01
1.808196655183942170e+01
7.545418240023454359e+01
4.782164158014110455e+01
3.295516714468182506e+00
1.771093700840082663e+00
6.944431493155435398e+00
8.359336991178984988e+00
3.285603765334018078e+01
2.444247559835228500e+01
6.516980297510447606e+00
2.301742357474383383e+00
1.613260413477090793e+01
1.572858945645286965e+01
5.824072602301905732e+01
5.202516456279860790e+01
1.684453453649222610e+00
1.177355412161176673e+00
7.978238037377507474e+00
9.658015166859021505e+00
2.745626445966538398e+01
2.277379608095200680e+01
2.490854489558805632e-03
2.319827065401188992e+00
1.585561132557838704e+01
2.273399859709481774e+01
5.242176492020560374e+01
4.058054375292984872e+01
2.569518574726312350e-03
1.708227386706869133e+00
6.255464036254519300e+00
9.845564392657960795e+00
2.482143644364377622e+01
2.094793053335400401e+01
2.561586926150009359e-03
4.653583018476622257e+00
9.128096957314623339e+00
1.566194562190749551e+01
4.522433715189949055e+01
4.152566220152624510e+01
5.449669474781746459e-01
1.713875541315340589e+00
6.107531751124991359e+00
7.595894370362609394e+00
2.500875586866152389e+01
2.245598114726593053e+01
2.221944064706505628e+00
2.347038283418519722e+00
1.578735046495952155e+01
1.393662525388437068e+01
5.539577835080246615e+01
5.022923674107074277e+01
1.685951972019448908e+00
5.678837945224730621e-01
5.528113912941098995e+00
4.661362103122876910e+00
2.438377862318800382e+01
2.557400224439492575e+01
4.489227860805899084e+00
1.208490595722260322e-02
6.907931325353191987e+00
4.539066231033307197e+00
3.984290903273951301e+01
4.980018012638731761e+01
1.687984709855625765e+00
1.183954982725054193e-02
3.387418996494180323e+00
5.063452935849976910e+00
1.661547960427526860e+01
2.057086993815206100e+01
2.182474399135978516e+00
1.268826024387951536e-02
6.638592308945095333e+00
1.616423750797711278e+01
2.443782538029013551e+01
3.402637505207822244e+01
1.122256092263041793e+00
1.235556684590079050e-02
5.155452952510333198e+00
7.254611936150895168e+00
1.615913780159230484e+01
2.445584527712148670e+01
2.168410440834697805e+00
1.189527951773795660e-02
1.386614588962025429e+01
1.375370141835832172e+01
4.141037564637665014e+01
6.446444524438174994e+01
2.220273405275324574e+00
1.185799584975513569e-02
9.238942594010586262e+00
1.071932619752545612e+01
2.242017199090685864e+01
2.427947930164091161e+01
6.686635023525522747e+00
1.266933795411351663e-02
2.254467321396245438e+01
2.929366969534014942e+01
4.978634764953761760e+01
3.230494341079964471e+01
3.297164629625877641e+00
5.853654233665066542e-01
9.667586835847831850e+00
1.574197430810438725e+01
1.877084324392499681e+01
2.088357148062939217e+01
6.626356470948116417e+00
2.315517666056555957e+00
1.578051366471235717e+01
3.130475137287520226e+01
2.705382816953212810e+01
5.098725124274803022e+01
3.940827899625883646e+00
5.741002661304727139e-01
5.710871091710164826e+00
1.695870709591279635e+01
1.350223984228173713e+01
2.498179891592263147e+01
8.673155026742774609e+00
1.246935808755067314e-02
6.867292822895755044e+00
3.644796150166774851e+01
2.717998172158493730e+01
4.768551197486791438e+01
9.871555538994334356e+00
5.760593428905677049e-01
6.066954646643817561e+00
4.265012730747613290e+01
1.768616740309638757e+01
2.834426380267923307e+01
3.057323089660421545e+01
2.365433288975526072e+00
1.825820006041083232e+01
1.382839099673400369e+02
4.370766872332476538e+01
6.704704020140275134e+01
