5.616415532420251933e-02
9.581065061760092594e-02
5.244420068918789063e-02
7.935477357882596283e-02
1.376637035948953813e-01
3.012845257298610996e-02
1.436587649541663965e-02
2.521715243898789774e-02
1.418893804153463500e-02
2.042597117457932085e-02
3.578987169884392805e-02
8.012287497721839319e-03
8.897000379847258208e-04
2.674150937917354597e-03
3.417977855870495563e-03
2.754264921158229747e-03
6.283215596484145911e-03
1.769819616960126600e-03
6.584709856889986055e-04
1.566492329581481522e-03
1.706123167702657678e-03
9.274325975111699432e-04
3.825943245886634023e-03
8.867218331194905330e-04
1.802695046832624359e-03
3.511983348475006001e-03
3.524791663364354542e-03
8.971670812571679162e-04
9.078225709531914656e-03
1.736026000914474548e-03
9.009814283570820358e-04
1.523434653454750322e-03
1.086917811229689938e-03
8.874837862562917363e-04
3.155896760421347900e-03
8.822799102478312387e-04
1.803294514261764457e-03
2.646882764114824940e-03
8.531214991250620069e-04
2.684195196088492996e-03
3.541090546722584081e-03
1.740492502347353769e-03
8.986900244945302679e-04
1.107954009853834515e-03
6.358380862046174526e-04
1.130929306453765928e-03
2.943847483181379326e-03
1.554992653816999505e-03
1.798725086372056359e-03
1.741247151904102598e-03
1.727298014413986655e-03
1.846230975426550866e-03
7.912897289238687154e-03
4.390625593274421340e-03
4.359465791140034320e-04
8.630442937334524773e-04
1.071790943030348020e-03
8.980558416457916143e-04
2.945803429780889573e-03
1.556009490233053278e-03
5.706155165638378312e-05
1.734056679729683225e-03
2.620789867898753404e-03
1.807024466529630205e-03
3.603189868855632104e-03
1.762494229093554757e-03
6.684945784724943526e-04
1.512781502582582257e-03
1.293540076366961940e-03
9.055158927712178129e-04
2.467876842431541116e-03
8.856110934086607045e-04
2.668260330351497015e-03
4.467989014284327529e-03
2.579784560701437867e-03
1.797779776996445700e-03
6.116385540935753880e-03
1.772163004988525428e-03
6.505585577358172483e-04
4.160498936317588888e-03
1.981827050229381226e-03
1.998077446871805198e-03
5.360154104451441207e-03
1.741139957353839487e-03
5.465803383720563145e-05
1.230933010189731551e-02
5.261184216967343744e-03
6.248888240133327471e-03
1.502835870575056076e-02
5.279840968170788386e-03
5.563413368628731046e-05
4.602599473617174745e-03
1.959510176992862018e-03
2.074936350450274584e-03
8.055382470823430410e-03
2.143385432370234489e-03
5.212800261152981393e-05
6.227581381275434230e-03
2.556867759586826157e-03
1.840279299447860391e-03
1.721313971360524317e-02
3.437027932645274862e-03
2.169515348425691626e-04
2.411612112451918914e-03
2.224060600466715772e-03
1.600314567225889339e-03
6.215981439095965948e-03
2.461357239955646887e-03
8.900792555193005971e-04
3.492812677654908403e-03
6.123845192717902557e-03
4.504876019569771690e-03
7.919766213976438957e-03
6.172612056847469504e-03
4.470060970901231683e-04
2.418818532627433140e-03
2.140040859322101929e-03
2.268531904901465671e-03
5.466631644591084076e-03
3.355473313248159926e-03
8.727558870760887067e-04
6.183259404143583160e-03
2.580427652650559185e-03
4.500633328488450394e-03
1.400227050912072890e-02
7.054945934862847691e-03
6.688503864358827725e-04
3.053902778255780399e-03
2.159455213850672642e-03
2.231189004242027912e-03
5.966418203301166942e-03
2.140461799902913190e-03
1.764658651268121575e-03
6.204923153652446011e-03
6.100519682751773948e-03
4.443017985368599709e-03
9.970473413807710850e-03
1.764730106762260869e-03
4.511067856467020467e-04
3.271923984259499790e-03
2.781720943647630635e-03
1.559559570979897553e-03
7.624908862703701565e-03
2.694240017690444251e-03
5.719256932909333398e-05
7.161765428938847607e-03
5.220034426384185036e-03
1.805867142835093425e-03
2.116591039888203116e-02
8.967008580738042994e-03
6.561604093049768806e-04
3.358675365684190162e-03
3.057651355455118670e-03
2.075619585842033640e-03
9.161950505098501521e-03
4.236708207286149670e-03
2.606451336384930408e-03
6.225938000693412647e-03
7.007740574153418535e-03
6.210745223520407199e-03
1.638065880827652143e-02
7.789175827345746345e-03
1.574775789072287808e-03
3.903496161027940770e-03
3.311887058692279673e-03
2.767654249812370477e-03
1.071500150960879617e-02
4.907425713819188635e-03
3.546438554478200181e-03
9.620270064717530156e-03
6.021047995290861737e-03
4.467087643604808998e-03
2.622237058468845916e-02
1.142411037747881157e-02
2.254890980141519442e-03
4.901243996750522837e-03
3.956765877546109672e-03
4.049882058619895704e-03
1.326449332568026274e-02
5.635025428006794172e-03
5.295894038736639539e-03
9.589450635353085478e-03
9.540360939833613177e-03
1.197988502940815214e-02
2.733581126789830923e-02
1.161784364667370513e-02
2.491284457005738234e-03
5.670674081282906301e-03
4.471308228454912333e-03
5.450058786669946878e-03
1.468637526546745682e-02
5.792889411768331089e-03
4.383000451932088717e-03
1.300277895562018150e-02
8.867407936076437611e-03
9.817549029990583001e-03
3.108216838828507800e-02
1.154029680043675184e-02
2.924926639786350636e-03
6.366400920917171004e-03
6.302367306633311315e-03
5.677147079984562819e-03
1.982088144425104420e-02
6.091529834059647777e-03
7.164962242892026351e-03
1.212208006883828439e-02
1.661792203902055787e-02
1.258756383328892350e-02
4.634548720690947338e-02
1.321740691447672797e-02
3.560194557533705867e-03
5.659485017771781132e-03
7.721658977372538972e-03
6.916001708916196325e-03
2.267225989060678987e-02
6.862614305818107337e-03
7.234872912970299018e-03
1.078497166501326925e-02
1.397227669010038531e-02
1.463035097318535552e-02
4.718747595534314443e-02
1.460929145573413440e-02
2.857978239042584939e-03
9.407685761622423815e-03
8.120409798601671211e-03
5.814432220803697829e-03
2.319710882006418076e-02
8.683085352425460451e-03
4.400311051679110276e-03
2.682847704950742235e-02
1.909266044343947352e-02
9.129864327501372931e-03
4.915705857343950075e-02
2.033263906213840858e-02
2.668268577753487962e-03
1.366333815010019326e-02
1.141309742964560954e-02
5.991017319565199346e-03
3.606236655809261227e-02
1.425372926246723342e-02
6.098131633409061871e-03
2.863090377263777589e-02
2.683002698005500924e-02
1.522562234472349049e-02
9.489281071545377366e-02
3.532610624861690085e-02
2.714699379062961680e-03
1.882938638394756128e-02
1.990804359604177523e-02
1.184539907294559526e-02
5.441975449563835054e-02
2.112787663537748703e-02
4.390015597500886158e-03
4.726331022626745898e-02
5.401558252577232100e-02
3.280961272298961451e-02
1.268062649326330005e-01
4.850626021417348693e-02
5.503881895042759924e-03
3.129249482184370823e-02
3.489447324167609804e-02
1.989827086635671122e-02
9.264956375394926835e-02
2.810849605789307593e-02
1.749917808695687291e-02
8.056913156918099617e-02
8.924899610441391906e-02
4.617290961314018949e-02
2.398267692692616915e-01
6.684014333389200202e-02
1.625308885270910358e-02
6.309429470057426048e-02
8.418216826734180314e-02
3.490810977890127648e-02
1.687486363611607476e-01
5.571901051800999538e-02
4.661206245294707839e-02
1.723963306646733584e-01
2.484252699576523504e-01
9.830346141245840941e-02
4.331557927365924376e-01
1.604835020008834323e-01
3.466248606724622316e+00
3.282157260837013535e+00
1.008160166980741845e+00
5.019511817339686210e+00
4.482655768530042550e+00
1.379389247109048755e+00
1.358126519907075114e+01
1.289084013809164908e+01
3.747656039203790979e+00
1.965425951324706588e+01
1.728038699551923685e+01
5.299402265737508166e+00
