5.294996500015258789e-01
9.708738327026367188e-02
7.766990363597869873e-02
4.630321264266967773e-02
4.182225465774536133e-02
2.837938815355300903e-02
3.360716998577117920e-02
2.464525774121284485e-02
1.941747590899467468e-02
1.418969407677650452e-02
1.045556366443634033e-02
1.120239030569791794e-02
5.227781832218170166e-03
4.480956122279167175e-03
5.227781832218170166e-03
4.480956122279167175e-03
2.987304003909230232e-03
2.987304003909230232e-03
1.493652001954615116e-03
7.468260009773075581e-04
2.987304003909230232e-03
1.493652001954615116e-03
1.493652001954615116e-03
7.468260009773075581e-04
2.240478061139583588e-03
0.000000000000000000e+00
1.493652001954615116e-03
2.240478061139583588e-03
1.493652001954615116e-03
1.493652001954615116e-03
2.240478061139583588e-03
7.468260009773075581e-04
1.493652001954615116e-03
7.468260009773075581e-04
7.468260009773075581e-04
2.240478061139583588e-03
2.240478061139583588e-03
7.468260009773075581e-04
0.000000000000000000e+00
1.493652001954615116e-03
7.468260009773075581e-04
0.000000000000000000e+00
0.000000000000000000e+00
0.000000000000000000e+00
7.468260009773075581e-04
7.468260009773075581e-04
1.493652001954615116e-03
0.000000000000000000e+00
1.493652001954615116e-03
4.480956122279167175e-03
