3.230808768421411514e-03
1.615404617041349411e-03
7.753941463306546211e-04
1.227707369253039360e-03
5.169294308871030807e-04
7.107779383659362793e-04
6.461617886088788509e-04
7.107779383659362793e-04
6.461617886088788509e-04
5.169294308871030807e-04
1.033858861774206161e-03
4.523132520262151957e-04
5.815456388518214226e-04
3.876970731653273106e-04
3.876970731653273106e-04
6.461617886088788509e-04
5.169294308871030807e-04
7.107779383659362793e-04
5.169294308871030807e-04
7.753941463306546211e-04
3.230808943044394255e-04
5.169294308871030807e-04
5.169294308871030807e-04
3.876970731653273106e-04
6.461617886088788509e-04
5.815456388518214226e-04
7.753941463306546211e-04
7.107779383659362793e-04
9.046265040524303913e-04
1.098475069738924503e-03
7.107779383659362793e-04
7.107779383659362793e-04
7.753941463306546211e-04
8.400103542953729630e-04
7.107779383659362793e-04
7.753941463306546211e-04
1.227707369253039360e-03
1.356939785182476044e-03
1.356939785182476044e-03
1.680020708590745926e-03
1.356939785182476044e-03
1.421555876731872559e-03
2.390798646956682205e-03
3.101576585322618484e-03
3.553889924660325050e-03
4.652365110814571381e-03
8.658568374812602997e-03
1.247092336416244507e-02
2.429568208754062653e-02
9.048849940299987793e-01
