1.012813299894332886e-02
6.681906990706920624e-03
7.182002998888492584e-03
7.403029128909111023e-03
5.532438401132822037e-03
6.249090190976858139e-03
5.803318694233894348e-03
6.000902503728866577e-03
5.918562412261962891e-03
5.780626088380813599e-03
5.046988837420940399e-03
5.538791883736848831e-03
5.499533843249082565e-03
5.890877917408943176e-03
5.244050174951553345e-03
5.705967545509338379e-03
3.343188203871250153e-03
4.795554559677839279e-03
3.484982764348387718e-03
3.636569017544388771e-03
5.205960944294929504e-03
4.353641532361507416e-03
5.160156171768903732e-03
3.222952131181955338e-03
5.156105384230613708e-03
3.176954807713627815e-03
3.618868533521890640e-03
5.158602260053157806e-03
5.396578460931777954e-03
4.552723839879035950e-03
4.945814143866300583e-03
4.555832128971815109e-03
6.056114099919795990e-03
5.163401830941438675e-03
5.841022823005914688e-03
6.339702755212783813e-03
6.489543244242668152e-03
7.575981318950653076e-03
8.151816204190254211e-03
9.963756427168846130e-03
9.791589342057704926e-03
9.208630770444869995e-03
1.010511070489883423e-02
1.287956722080707550e-02
1.497912686318159103e-02
1.750190183520317078e-02
2.330823242664337158e-02
2.843215689063072205e-02
4.559277743101119995e-02
6.032488942146301270e-01
