1.577626466751098633e-01
1.502330601215362549e-01
9.896019101142883301e-02
7.780566811561584473e-02
5.378271639347076416e-02
4.661168903112411499e-02
3.836500644683837891e-02
3.334528580307960510e-02
2.509860321879386902e-02
2.366439625620841980e-02
2.438149787485599518e-02
1.685191690921783447e-02
1.613481342792510986e-02
1.613481529057025909e-02
1.219074986875057220e-02
1.434205844998359680e-02
1.290785148739814758e-02
1.541771180927753448e-02
1.147364638745784760e-02
1.183219812810420990e-02
1.219074986875057220e-02
1.147364638745784760e-02
6.095374934375286102e-03
8.605234324932098389e-03
4.302617162466049194e-03
7.171029224991798401e-03
5.736823193728923798e-03
5.019720178097486496e-03
3.226963104680180550e-03
3.226963104680180550e-03
3.226963337510824203e-03
4.302617628127336502e-03
4.302617162466049194e-03
2.509860321879386902e-03
3.944066353142261505e-03
5.019720643758773804e-03
5.736823193728923798e-03
5.378271453082561493e-03
3.226963104680180550e-03
2.509860321879386902e-03
3.585514612495899200e-03
6.095374934375286102e-03
2.868411596864461899e-03
3.585514612495899200e-03
3.226963104680180550e-03
3.226963337510824203e-03
5.736823193728923798e-03
3.585514612495899200e-03
2.509860321879386902e-03
1.075654290616512299e-03
