5.134788341820240021e-03
3.851091023534536362e-03
5.776637233793735504e-03
7.060334086418151855e-03
5.134788341820240021e-03
8.344030939042568207e-03
8.985879831016063690e-03
7.702182512730360031e-03
8.985879831016063690e-03
8.344030939042568207e-03
9.627727791666984558e-03
8.344030939042568207e-03
7.060333620756864548e-03
1.026957668364048004e-02
1.989730447530746460e-02
1.026957668364048004e-02
1.155327353626489639e-02
7.060334086418151855e-03
1.732990890741348267e-02
1.219512242823839188e-02
1.026957668364048004e-02
1.283697038888931274e-02
7.702182047069072723e-03
1.091142557561397552e-02
1.347881834954023361e-02
1.219512149691581726e-02
1.412066631019115448e-02
1.283697038888931274e-02
1.219512242823839188e-02
1.219512242823839188e-02
8.985878899693489075e-03
1.026957668364048004e-02
1.925545558333396912e-02
1.026957668364048004e-02
1.219512149691581726e-02
1.283697038888931274e-02
1.540436595678329468e-02
1.797175779938697815e-02
1.476251613348722458e-02
2.246469818055629730e-02
1.540436316281557083e-02
1.989730261266231537e-02
1.925545558333396912e-02
2.824133262038230896e-02
3.337612375617027283e-02
4.557124525308609009e-02
5.391527712345123291e-02
8.664955198764801025e-02
1.046213060617446899e-01
1.469833105802536011e-01
