2.542265283409506083e-04
5.720096523873507977e-04
5.084530566819012165e-04
4.448964027687907219e-04
6.355663063004612923e-04
8.262361516244709492e-04
1.016906113363802433e-03
3.813398070633411407e-04
8.897928055375814438e-04
6.991229020059108734e-04
3.813398070633411407e-04
5.084530566819012165e-04
7.626796141266822815e-04
3.813398070633411407e-04
5.084530566819012165e-04
6.355663063004612923e-04
5.720096523873507977e-04
3.177831531502306461e-04
5.720096523873507977e-04
5.720096523873507977e-04
5.084530566819012165e-04
6.355663063004612923e-04
8.897928055375814438e-04
6.355663063004612923e-04
3.177831531502306461e-04
7.626796141266822815e-04
8.262361516244709492e-04
7.626796141266822815e-04
9.533494594506919384e-04
4.448964027687907219e-04
5.720096523873507977e-04
6.355663063004612923e-04
6.355663063004612923e-04
8.897928055375814438e-04
8.262361516244709492e-04
7.626796141266822815e-04
6.991229020059108734e-04
1.207575900480151176e-03
7.626796141266822815e-04
6.355663063004612923e-04
1.144019304774701595e-03
8.897928055375814438e-04
6.991229020059108734e-04
4.448964027687907219e-04
1.016906113363802433e-03
7.626796141266822815e-04
1.080462709069252014e-03
1.144019304774701595e-03
1.271132612600922585e-03
7.626796141266822815e-04
1.207575900480151176e-03
8.262361516244709492e-04
1.144019304774701595e-03
6.991229020059108734e-04
8.897928055375814438e-04
9.533494594506919384e-04
1.080462709069252014e-03
1.334689208306372166e-03
1.207575900480151176e-03
1.461802632547914982e-03
9.533494594506919384e-04
1.334689208306372166e-03
1.144019304774701595e-03
1.588915591128170490e-03
8.897928055375814438e-04
1.016906113363802433e-03
1.016906113363802433e-03
1.588915591128170490e-03
9.533494594506919384e-04
1.334689208306372166e-03
1.970255514606833458e-03
1.461802632547914982e-03
1.525359228253364563e-03
1.588915591128170490e-03
2.097368706017732620e-03
1.461802632547914982e-03
1.970255514606833458e-03
2.288038609549403191e-03
2.605821704491972923e-03
3.114274935796856880e-03
2.732935361564159393e-03
3.432058030739426613e-03
4.258294124156236649e-03
3.940511029213666916e-03
4.258294124156236649e-03
4.703190643340349197e-03
5.529426503926515579e-03
7.563238963484764099e-03
8.834371343255043030e-03
9.533494710922241211e-03
1.328333653509616852e-02
1.385534647852182388e-02
1.811363920569419861e-02
2.110080048441886902e-02
2.186348289251327515e-02
2.809203043580055237e-02
3.540104255080223083e-02
5.580272153019905090e-02
7.970001548528671265e-02
