1.580882370471954346e-01
1.003529630899429321e-01
1.029411703348159790e-01
6.250000000000000000e-02
5.514705926179885864e-02
4.411764442920684814e-02
2.205882407724857330e-02
2.941176667809486389e-02
4.044117778539657593e-02
1.470588240772485733e-02
2.573529444634914398e-02
1.838235184550285339e-02
7.352940738201141357e-03
7.352940738201141357e-03
1.470588147640228271e-02
1.838235184550285339e-02
1.102941110730171204e-02
7.352940738201141357e-03
7.352940738201141357e-03
1.102941110730171204e-02
7.352940738201141357e-03
7.352940738201141357e-03
1.470588147640228271e-02
1.470588240772485733e-02
1.470588240772485733e-02
7.352940738201141357e-03
1.470588147640228271e-02
0.000000000000000000e+00
7.352940738201141357e-03
1.352940738201141357e-03
1.102941110730171204e-02
1.470588147640228271e-02
3.676470369100570679e-03
7.352940738201141357e-03
1.102941110730171204e-02
3.352940738201141357e-03
7.352940738201141357e-03
7.352940738201141357e-03
3.352940738201141357e-03
1.102941110730171204e-02
7.352940738201141357e-03
7.352940738201141357e-03
7.352940738201141357e-03
1.102941110730171204e-02
7.352940738201141357e-03
3.676470369100570679e-03
1.102941110730171204e-02
7.352940738201141357e-03
1.470588147640228271e-02
1.470588240772485733e-02
