1.231166431704808595e+01
2.295089884394118371e+02
3.843375916230527878e+02
4.821214091579273386e+00
1.294275518920567549e+02
3.884946091808474762e+02
3.150732148441738101e+00
5.794848912237186767e+01
9.844287003963280824e+01
1.181459848316501970e+00
3.480157007118408075e+01
1.048576774973022339e+02
2.230234595596649605e-01
5.418272216961221410e+00
1.892340808269061725e+01
4.199389994656653577e-04
8.655956524615426417e+00
2.393517486158691554e+01
3.366122998793722454e-01
3.501662003844559390e+00
7.776937703179693351e+00
4.150592356488392123e-04
5.018642402262180724e+00
1.184242936935866908e+01
1.104434748132465227e+00
8.142817552321702124e+00
1.262598828027554454e+01
4.181822103405484340e-04
1.149810716725044912e+01
2.309830511556839028e+01
5.156859848335755281e-01
4.230156829199064994e+00
7.552617693980379521e+00
4.124884558370915688e-04
5.774984625379734560e+00
1.371795662982296626e+01
8.905160620192067444e-01
8.542088950803831793e+00
1.709805876312482553e+01
4.018315600180812877e-04
1.195679774309439658e+01
3.006012544109659856e+01
6.191388814862418544e-01
3.782644258172058294e+00
8.908748985322988645e+00
1.668189448134798913e-01
5.631800315142493574e+00
1.453943300273158634e+01
1.542653984223129049e+00
6.597677033781254252e+00
1.859156589706780593e+01
6.620463181722869850e-01
1.127941768821433755e+01
2.762910433659972753e+01
4.410639614016471644e-01
3.542484105026431962e+00
1.111521734664067473e+01
2.178123973776533995e-01
5.843338545340369450e+00
1.695309887754720890e+01
2.277100228974371920e-01
7.723199145043500913e+00
2.615486517772222896e+01
2.226963236788065403e-01
1.259906305574453178e+01
4.041180802362124069e+01
3.913136760043346429e-01
3.773131778819245774e+00
1.169849247845312767e+01
1.079672452587934206e-01
6.619833121625044114e+00
1.941423269341258617e+01
1.345957563604541551e+00
6.956087305079005745e+00
2.162250819227995891e+01
2.163286828516521598e-01
1.355529071189122092e+01
3.741543577072534532e+01
6.220683527272869995e-01
4.112477327954310091e+00
1.246109924169834748e+01
5.389544389356970555e-02
6.684635120031486188e+00
1.748016543240616372e+01
1.134044404042899856e+00
9.539257207203684530e+00
2.981481348965648337e+01
4.121975742594273886e-04
1.372449837760659719e+01
3.390991238462763846e+01
4.944153278092637827e-01
4.505554516755014838e+00
1.300040450580639373e+01
4.301632046225041701e-04
7.206726869053986739e+00
1.776239300826560452e+01
8.899464795973540676e-01
8.016866533402275508e+00
2.394886840199609424e+01
4.178446486128199809e-04
1.468325618664468735e+01
3.869614350099604394e+01
4.955397598661951952e-01
4.436261104514084508e+00
1.247304883254144769e+01
1.636317879283588350e-01
7.117875025430453029e+00
2.192097665340972057e+01
1.126196798003023636e+00
9.240808600844317766e+00
2.524206030417855118e+01
6.534208568894995794e-01
1.404463691954288862e+01
4.773924402335802597e+01
6.858641929073460153e-01
4.759640077086507048e+00
1.319707238034129126e+01
2.126575353888562891e-01
6.909836981462717631e+00
2.407041268374377552e+01
1.578596131660774171e+00
1.023539630756181573e+01
2.719384353913443420e+01
2.133502987568214326e-01
1.323743025794288286e+01
4.669685160619259534e+01
1.125875456771959326e+00
4.829570030622766019e+00
1.682231475448206126e+01
5.541757126001410627e-02
7.349615833513065688e+00
2.439576215892722288e+01
2.858237276582947572e+00
9.772183249918347414e+00
3.939267845789996159e+01
4.121927055520636864e-04
1.576337409194330164e+01
5.095089834407096419e+01
1.108464503227979847e+00
5.369096268545591855e+00
1.791829980188495597e+01
5.363784489013363049e-02
8.406475530281280584e+00
2.746913926742780276e+01
1.534469988578574862e+00
1.149463449357214628e+01
3.547110719050184002e+01
2.223695011725790038e-01
1.817347954062551096e+01
5.821127309792758808e+01
1.009798393797120442e+00
6.120635686039605616e+00
2.096930388065579010e+01
1.646538875145027725e-01
8.997874836185687286e+00
2.956809337979725782e+01
2.454130854492705183e+00
1.254704934888357570e+01
4.872487857178434467e+01
4.422875135018176640e-01
1.727846204755013559e+01
5.814410843429278941e+01
1.434394593852778454e+00
7.043351704359236187e+00
2.332868807937467892e+01
3.271937407454655888e-01
9.363429769170144468e+00
3.075318396168944801e+01
3.118703660210606188e+00
1.558723312144246087e+01
4.466497755675644044e+01
8.726208517421811806e-01
2.052598483116675609e+01
6.260597855377873344e+01
1.164518663123214726e+00
7.906381987656774690e+00
2.290317654558286975e+01
3.226150849243197838e-01
1.115600034613524016e+01
3.134040690222064995e+01
1.593856207363718802e+00
1.545751416608700346e+01
4.911939429123586365e+01
4.449385548179541905e-01
2.547240631124740062e+01
6.291674970035613512e+01
1.067960170674068232e+00
7.257201136366848715e+00
2.705252245519007204e+01
3.859542722680173177e-01
1.233601652318527542e+01
3.522636808861084745e+01
2.692874708493838920e+00
1.389655968618794013e+01
5.925774302274880512e+01
1.111941912070678384e+00
2.509588782772524240e+01
8.170643723302312367e+01
1.327870824556162344e+00
7.136854869892205855e+00
3.152066466779075427e+01
6.440333868446693755e-01
1.192132340536796420e+01
3.921085712390730293e+01
2.714120800430602998e+00
1.442200937484458478e+01
6.409559471992983504e+01
1.522658727007581314e+00
2.222036579437714821e+01
7.593022179106172587e+01
1.480740971169136833e+00
8.324297121920723797e+00
3.682979561139453040e+01
1.005402977688562238e+00
1.179631496249097822e+01
3.983750512962205192e+01
3.133202652635756369e+00
1.894591514921262743e+01
8.112283270363450072e+01
2.365945524516996468e+00
2.543425863651483709e+01
7.836082777772368502e+01
1.736969925053168717e+00
9.979899125549417604e+00
4.622553620817991060e+01
1.442272383408061076e+00
1.497305559068487213e+01
4.452063927519986919e+01
3.770881123962694037e+00
2.117681719431269016e+01
1.050146107441287029e+02
3.542690277372977370e+00
3.415046153417117125e+01
1.015117988299116689e+02
1.921583230827096367e+00
1.134311436303590348e+01
5.423143318190080464e+01
1.818607839645998370e+00
1.932555254892740493e+01
5.081082207019514385e+01
3.959890296879061022e+00
2.457852009161220153e+01
1.147081976073754959e+02
3.731746501438449215e+00
4.407585116302747252e+01
1.075862789874071979e+02
2.314863497915144563e+00
1.383691203607483899e+01
6.551067855209285540e+01
2.341786117014730273e+00
2.434158580477308575e+01
6.627767165699707164e+01
5.182887880138440373e+00
2.998237294990529733e+01
1.486457551922054279e+02
5.876793741352351219e+00
5.233410540512423381e+01
1.628119395129837130e+02
2.312818564012698808e+00
1.595140426795122046e+01
8.047303854477242169e+01
3.230676114586823910e+00
2.880646332452812786e+01
1.041060437031333237e+02
3.950166200502436720e+00
3.329538205116095639e+01
1.792462586830835676e+02
7.090772112611468891e+00
6.517015187346669336e+01
2.533640335219483291e+02
2.770039992640796811e+00
2.049651782788293986e+01
1.022783026933036297e+02
5.488473030330671243e+00
4.185142867415506629e+01
1.385187373524516374e+02
6.992697603655596339e+00
4.799551980754073099e+01
2.422760970995935850e+02
1.430422171718336521e+01
1.012948756548033629e+02
3.015468765297097775e+02
5.707761282065594521e+00
5.785772954192867701e+01
1.300788656184447234e+02
1.743739711239213008e+01
6.962427236673109121e+01
1.476556220830637471e+02
1.519872712024050365e+01
1.760310374313351360e+02
2.858240466052949387e+02
5.597973469486424136e+01
1.686506513372774236e+02
3.078683109393402901e+02
