2.130609770541892067e+04
5.467079349366029419e+03
8.421095484149962829e+01
3.772270305865473716e+01
6.699514380936734881e+01
3.319132179008462202e+01
6.779522527992423875e+01
3.433743171593700083e+01
7.262045102471353175e+01
3.466074123637441318e+01
6.647064431357604519e+01
3.234505543543942707e+01
6.639849899631849439e+01
3.405791728109895189e+01
6.908086320691073468e+01
3.519654741559665467e+01
6.887172961067699362e+01
3.221867387113670844e+01
6.097128080739987865e+01
2.767478019718335247e+01
5.030772450930703599e+01
2.357093288098189632e+01
4.433353666771389356e+01
2.320073537979242317e+01
4.457426325742817141e+01
2.262244860250418554e+01
4.458467057414404167e+01
2.146139431572586176e+01
4.116505945137298994e+01
1.699352902494635131e+01
2.698448550607779239e+01
1.415454982641964854e+01
2.905222808743219076e+01
1.519667920264713246e+01
3.103719604889918671e+01
1.875861832646543448e+01
4.237946586369220370e+01
1.784236839855554635e+01
2.984248863610958580e+01
1.708495613252554435e+01
3.846887176407254572e+01
1.566052677588866793e+01
2.231674680730177585e+01
1.123624068151320543e+01
2.289898667973484336e+01
8.599243982614931170e+00
1.124225034436683401e+01
8.597039057942001961e+00
2.259662540652894691e+01
