7.185087200378921296e-04
1.865077710647456170e-04
3.218074206456912839e-05
1.613280613898491887e-05
3.342498369803489786e-05
8.220037099364588468e-06
8.428091003426145357e-07
5.356519095637762238e-06
2.139364252112570732e-05
8.183212181216125423e-06
1.095470118830062807e-05
8.251180771030818979e-06
2.177581965455699646e-05
1.936533704399901154e-05
5.584710929297126853e-05
3.212927186071615280e-05
7.795544936668959200e-05
4.419545568354484553e-05
1.001458555974372435e-04
3.589320415614246154e-05
4.419957768425316399e-05
2.148217011762682200e-05
4.435880570203295478e-05
2.751839639974581843e-05
6.420670016437137471e-05
3.067467849007179546e-05
5.452379805434131996e-05
4.086808460808454506e-05
1.106410544320662084e-04
6.625487981541570515e-05
1.540042026173505892e-04
5.461596954679629362e-05
6.622078161420499897e-05
4.134833409010392073e-05
9.757359327283558498e-05
7.810805447150173642e-05
2.048604496562023418e-04
1.084353871556354055e-04
2.183843641462574609e-04
1.450494548694598201e-04
3.537072542441580415e-04
1.781074580657336670e-04
3.604074802490668398e-04
2.652871172974547451e-04
6.856776899548643880e-04
5.845880672998886784e-04
1.639421363149689203e-03
5.300174978991619573e-02
2.144152597026348084e-01
