8.355840978092447813e+02
2.062881635922615260e+02
1.743383064895323298e-01
8.197124912103503913e-02
1.597780002489485041e-01
7.774827332445669037e-02
1.526192969153492562e-01
7.598121457895201658e-02
1.465050114935773362e-01
7.076674447800662682e-02
1.377362560649781353e-01
6.852725096789849535e-02
1.330809562837262372e-01
6.292302206495352379e-02
1.231585466754703956e-01
6.236219948276683356e-02
1.200970492718849425e-01
5.975355936296111031e-02
1.152812849164217557e-01
5.614016408493709837e-02
1.104408382497815144e-01
5.446897809160418380e-02
1.052761601595211122e-01
5.218686129070083946e-02
1.025734674182210426e-01
4.909772419695541262e-02
9.488908763203540708e-02
4.806569350777813859e-02
9.437929886227988674e-02
4.541753946807226827e-02
8.901987107955414147e-02
4.415675067652265889e-02
8.413087693256407484e-02
4.226034769678684716e-02
8.357802700042010757e-02
4.039452230333733657e-02
7.834390491576972981e-02
4.018093900922115741e-02
7.841084912419594988e-02
3.716444139907142119e-02
7.537467118157675783e-02
3.759647103616953895e-02
7.247728119931950985e-02
3.528519405747086030e-02
6.948942602235284871e-02
3.356164498155680270e-02
6.807737264371738206e-02
3.380165008756678274e-02
6.494100043795465738e-02
