5.370196104049682617e-01
1.072941198945045471e-01
5.223529413342475891e-02
3.027451038360595703e-02
2.211764641106128693e-02
1.756862737238407135e-02
1.450980361551046371e-02
1.372549030929803848e-02
1.192156877368688583e-02
9.019607678055763245e-03
9.254901669919490814e-03
7.764705922454595566e-03
8.627451024949550629e-03
7.607843261212110519e-03
6.509803701192140579e-03
5.411764606833457947e-03
5.490195937454700470e-03
5.490195937454700470e-03
3.607843071222305298e-03
4.000000189989805222e-03
4.549019504338502884e-03
3.529411740601062775e-03
3.921568859368562698e-03
3.764705965295433998e-03
3.764705965295433998e-03
4.000000189989805222e-03
2.901960862800478935e-03
3.529411740601062775e-03
3.294117748737335205e-03
3.058823524042963982e-03
3.215686185285449028e-03
2.117647090926766396e-03
2.431372646242380142e-03
2.431372646242380142e-03
2.509803976863622665e-03
1.725490204989910126e-03
2.431372646242380142e-03
2.352941082790493965e-03
1.960784429684281349e-03
1.568627427332103252e-03
1.725490204989910126e-03
2.117647090926766396e-03
1.411764649674296379e-03
2.980392193421721458e-03
1.725490204989910126e-03
2.352941082790493965e-03
1.882352982647716999e-03
1.411764649674296379e-03
1.490196096710860729e-03
1.333333319053053856e-03
1.176470541395246983e-03
1.411764649674296379e-03
1.254901988431811333e-03
1.019607880152761936e-03
1.333333319053053856e-03
9.411764913238584995e-04
1.333333319053053856e-03
1.019607880152761936e-03
1.411764649674296379e-03
9.411764913238584995e-04
8.627451024949550629e-04
1.254901988431811333e-03
1.019607880152761936e-03
7.843137136660516262e-04
7.843137136660516262e-04
1.490196096710860729e-03
7.058823248371481895e-04
8.627451024949550629e-04
4.705882456619292498e-04
1.019607880152761936e-03
7.058823248371481895e-04
1.568627427332103252e-03
7.058823248371481895e-04
9.411764913238584995e-04
4.705882456619292498e-04
3.137254971079528332e-04
7.843137136660516262e-04
5.490196053870022297e-04
7.843137136660516262e-04
7.058823248371481895e-04
5.490196053870022297e-04
8.627451024949550629e-04
4.705882456619292498e-04
9.411764913238584995e-04
5.490196053870022297e-04
5.490196053870022297e-04
6.274509942159056664e-04
6.274509942159056664e-04
5.490196053870022297e-04
1.176470541395246983e-03
3.137254971079528332e-04
7.058823248371481895e-04
9.411764913238584995e-04
6.274509942159056664e-04
7.843137136660516262e-04
6.274509942159056664e-04
7.843137136660516262e-04
9.411764913238584995e-04
7.058823248371481895e-04
