1.587301521794870496e-04
0.000000000000000000e+00
0.000000000000000000e+00
0.000000000000000000e+00
0.000000000000000000e+00
0.000000000000000000e+00
0.000000000000000000e+00
1.587301521794870496e-04
0.000000000000000000e+00
0.000000000000000000e+00
0.000000000000000000e+00
0.000000000000000000e+00
1.587301521794870496e-04
0.000000000000000000e+00
0.000000000000000000e+00
0.000000000000000000e+00
0.000000000000000000e+00
0.000000000000000000e+00
0.000000000000000000e+00
0.000000000000000000e+00
0.000000000000000000e+00
0.000000000000000000e+00
0.000000000000000000e+00
0.000000000000000000e+00
0.000000000000000000e+00
0.000000000000000000e+00
0.000000000000000000e+00
0.000000000000000000e+00
0.000000000000000000e+00
1.587301521794870496e-04
0.000000000000000000e+00
0.000000000000000000e+00
0.000000000000000000e+00
0.000000000000000000e+00
0.000000000000000000e+00
0.000000000000000000e+00
0.000000000000000000e+00
3.174603043589740992e-04
1.587301521794870496e-04
1.587301521794870496e-04
0.000000000000000000e+00
0.000000000000000000e+00
0.000000000000000000e+00
0.000000000000000000e+00
0.000000000000000000e+00
0.000000000000000000e+00
0.000000000000000000e+00
0.000000000000000000e+00
1.587301521794870496e-04
0.000000000000000000e+00
0.000000000000000000e+00
0.000000000000000000e+00
1.587301521794870496e-04
1.587301521794870496e-04
1.587301521794870496e-04
4.761904710903763771e-04
0.000000000000000000e+00
0.000000000000000000e+00
1.587301521794870496e-04
0.000000000000000000e+00
0.000000000000000000e+00
0.000000000000000000e+00
1.587301521794870496e-04
0.000000000000000000e+00
1.587301521794870496e-04
1.587301521794870496e-04
0.000000000000000000e+00
0.000000000000000000e+00
0.000000000000000000e+00
4.761904710903763771e-04
0.000000000000000000e+00
0.000000000000000000e+00
0.000000000000000000e+00
3.174603043589740992e-04
4.761904710903763771e-04
3.174603043589740992e-04
1.587301521794870496e-04
0.000000000000000000e+00
7.936508045531809330e-04
3.174603043589740992e-04
1.587301521794870496e-04
0.000000000000000000e+00
6.349206087179481983e-04
3.174603043589740992e-04
4.761904710903763771e-04
4.761904710903763771e-04
4.761904710903763771e-04
6.349206087179481983e-04
1.587301521794870496e-04
1.111111138015985489e-03
1.746031688526272774e-03
1.428571413271129131e-03
4.761904710903763771e-04
1.428571413271129131e-03
3.650793572887778282e-03
2.539682434871792793e-03
5.079364869743585587e-03
8.730159141123294830e-03
2.539682574570178986e-02
