5.074235796928405762e-01
1.075596809387207031e-01
5.399410054087638855e-02
3.312243148684501648e-02
2.500567212700843811e-02
1.797282695770263672e-02
1.552771590650081635e-02
1.439338549971580505e-02
1.192306727170944214e-02
9.679614566266536713e-03
9.301505051553249359e-03
8.343626745045185089e-03
7.461369968950748444e-03
6.831186357885599136e-03
5.948930047452449799e-03
6.150588393211364746e-03
6.327040027827024460e-03
5.898515228182077408e-03
5.293539259582757950e-03
5.167502909898757935e-03
5.217917263507843018e-03
5.041466094553470612e-03
4.461697302758693695e-03
3.831514157354831696e-03
3.856721566990017891e-03
4.234831314533948898e-03
3.629855578765273094e-03
3.604648169130086899e-03
3.327367594465613365e-03
2.924050204455852509e-03
3.201331011950969696e-03
3.529026173055171967e-03
2.697184449061751366e-03
2.218245062977075577e-03
2.646769629791378975e-03
2.445111051201820374e-03
2.646769629791378975e-03
2.142623066902160645e-03
1.714098500087857246e-03
1.814927789382636547e-03
1.840135082602500916e-03
1.688891090452671051e-03
1.638476504012942314e-03
1.940964488312602043e-03
2.142623066902160645e-03
1.588061801157891750e-03
1.512439805082976818e-03
1.462025102227926254e-03
1.613269094377756119e-03
1.462025102227926254e-03
1.739305793307721615e-03
1.361195812933146954e-03
1.209951820783317089e-03
1.462025102227926254e-03
1.588061801157891750e-03
1.411610515788197517e-03
1.487232511863112450e-03
1.159537234343588352e-03
1.235159230418503284e-03
1.512439805082976818e-03
9.830858325585722923e-04
1.487232511863112450e-03
1.361195812933146954e-03
1.235159230418503284e-03
1.008293242193758488e-03
1.235159230418503284e-03
1.159537234343588352e-03
1.209951820783317089e-03
9.578785393387079239e-04
1.033500535413622856e-03
1.134329824708402157e-03
1.134329824708402157e-03
1.184744527563452721e-03
9.326712461188435555e-04
1.058707828633487225e-03
1.008293242193758488e-03
8.318418986164033413e-04
9.074638946913182735e-04
1.310781226493418217e-03
1.159537234343588352e-03
9.830858325585722923e-04
9.326712461188435555e-04
8.318418986164033413e-04
8.318418986164033413e-04
7.058052578940987587e-04
7.562199025414884090e-04
8.570492500439286232e-04
9.830858325585722923e-04
1.058707828633487225e-03
8.066345471888780594e-04
9.074638946913182735e-04
8.570492500439286232e-04
8.822565432637929916e-04
1.109122531488537788e-03
1.008293242193758488e-03
9.074638946913182735e-04
1.058707828633487225e-03
9.830858325585722923e-04
9.830858325585722923e-04
