4.646026995033025742e-03
3.604316851124167442e-03
2.750114537775516510e-03
3.020959207788109779e-03
2.854285528883337975e-03
2.625109395012259483e-03
2.604275243356823921e-03
2.770948689430952072e-03
2.958456519991159439e-03
2.562606707215309143e-03
2.520938403904438019e-03
2.770948689430952072e-03
2.729280386120080948e-03
2.416767412796616554e-03
3.291803877800703049e-03
2.625109395012259483e-03
2.875119680538773537e-03
2.791783073917031288e-03
2.895954065024852753e-03
3.083461895585060120e-03
3.083461895585060120e-03
3.083461895585060120e-03
3.041793359443545341e-03
2.625109395012259483e-03
3.125130198895931244e-03
2.833451377227902412e-03
3.000125056132674217e-03
2.645943546667695045e-03
3.437643172219395638e-03
3.104296047240495682e-03
3.020959207788109779e-03
2.979290904477238655e-03
2.791783073917031288e-03
3.333472181111574173e-03
2.875119680538773537e-03
3.291803877800703049e-03
3.291803877800703049e-03
3.270969726145267487e-03
3.416809020563960075e-03
2.854285528883337975e-03
3.083461895585060120e-03
3.395974868908524513e-03
3.854327369481325150e-03
3.333472181111574173e-03
3.729321993887424469e-03
3.958498127758502960e-03
3.708487842231988907e-03
4.187674261629581451e-03
4.104337655007839203e-03
4.562689922749996185e-03
4.583524540066719055e-03
4.479353316128253937e-03
3.875161521136760712e-03
4.771031904965639114e-03
4.250177182257175446e-03
4.687695298343896866e-03
4.458519164472818375e-03
4.687695298343896866e-03
5.146047566086053848e-03
5.146047566086053848e-03
5.104379262775182724e-03
5.708571057766675949e-03
5.729405209422111511e-03
5.333555396646261215e-03
5.416892468929290771e-03
6.146089639514684677e-03
6.500270683318376541e-03
6.604441907256841660e-03
6.604441907256841660e-03
6.583607755601406097e-03
7.312804926186800003e-03
8.104504086077213287e-03
7.479478139430284500e-03
8.312846533954143524e-03
8.708695881068706512e-03
8.333680219948291779e-03
9.583733044564723969e-03
9.021209552884101868e-03
9.708737954497337341e-03
1.000041700899600983e-02
9.792074561119079590e-03
1.191716361790895462e-02
1.258385740220546722e-02
1.381307560950517654e-02
1.347972825169563293e-02
1.433393079787492752e-02
1.652152091264724731e-02
1.741739176213741302e-02
1.775074005126953125e-02
2.006333507597446442e-02
2.302179299294948578e-02
2.364681847393512726e-02
2.656360715627670288e-02
2.964706905186176300e-02
3.456394001841545105e-02
3.981415927410125732e-02
4.798116534948348999e-02
7.144047319889068604e-02
9.806658327579498291e-02
