0.000000000000000000e+00
0.000000000000000000e+00
0.000000000000000000e+00
3.236769698560237885e-04
0.000000000000000000e+00
0.000000000000000000e+00
1.618384849280118942e-04
1.618384849280118942e-04
0.000000000000000000e+00
0.000000000000000000e+00
0.000000000000000000e+00
0.000000000000000000e+00
0.000000000000000000e+00
0.000000000000000000e+00
1.618384849280118942e-04
0.000000000000000000e+00
1.618384849280118942e-04
0.000000000000000000e+00
0.000000000000000000e+00
3.236769698560237885e-04
0.000000000000000000e+00
1.618384849280118942e-04
0.000000000000000000e+00
0.000000000000000000e+00
1.618384849280118942e-04
0.000000000000000000e+00
0.000000000000000000e+00
0.000000000000000000e+00
0.000000000000000000e+00
0.000000000000000000e+00
0.000000000000000000e+00
1.618384849280118942e-04
0.000000000000000000e+00
0.000000000000000000e+00
0.000000000000000000e+00
0.000000000000000000e+00
0.000000000000000000e+00
0.000000000000000000e+00
1.618384849280118942e-04
4.855154547840356827e-04
0.000000000000000000e+00
1.618384849280118942e-04
0.000000000000000000e+00
0.000000000000000000e+00
0.000000000000000000e+00
0.000000000000000000e+00
0.000000000000000000e+00
0.000000000000000000e+00
0.000000000000000000e+00
0.000000000000000000e+00
1.618384849280118942e-04
0.000000000000000000e+00
1.618384849280118942e-04
1.618384849280118942e-04
0.000000000000000000e+00
0.000000000000000000e+00
0.000000000000000000e+00
0.000000000000000000e+00
4.855154547840356827e-04
1.618384849280118942e-04
1.618384849280118942e-04
3.236769698560237885e-04
1.618384849280118942e-04
0.000000000000000000e+00
1.618384849280118942e-04
0.000000000000000000e+00
1.618384849280118942e-04
1.618384849280118942e-04
4.855154547840356827e-04
0.000000000000000000e+00
1.618384849280118942e-04
3.236769698560237885e-04
1.618384849280118942e-04
1.618384849280118942e-04
1.618384849280118942e-04
3.236769698560237885e-04
0.000000000000000000e+00
1.618384849280118942e-04
1.618384849280118942e-04
4.855154547840356827e-04
8.091924246400594711e-04
4.855154547840356827e-04
6.473539397120475769e-04
6.473539397120475769e-04
1.132869394496083260e-03
8.091924246400594711e-04
1.618384849280118942e-04
9.710309095680713654e-04
1.294707879424095154e-03
9.710309095680713654e-04
1.132869394496083260e-03
1.294707879424095154e-03
1.780223334208130836e-03
1.780223334208130836e-03
1.618384849280118942e-03
4.045962356030941010e-03
7.606409024447202682e-03
9.710309095680713654e-03
2.379025705158710480e-02
