5.855960249900817871e-01
8.261777460575103760e-02
4.393904283642768860e-02
2.792604640126228333e-02
2.057708613574504852e-02
1.547149382531642914e-02
1.144890580326318741e-02
1.083004567772150040e-02
9.514968842267990112e-03
9.514968842267990112e-03
7.271602284163236618e-03
6.575384642928838730e-03
5.415022838860750198e-03
5.724452901631593704e-03
4.873520694673061371e-03
4.718805663287639618e-03
4.254660569131374359e-03
5.337665323168039322e-03
3.249013796448707581e-03
3.558443626388907433e-03
3.945230972021818161e-03
3.790515940636396408e-03
3.635801142081618309e-03
3.326371079310774803e-03
3.558443626388907433e-03
2.939583733677864075e-03
3.171656280755996704e-03
2.630153903737664223e-03
2.630153903737664223e-03
3.326371079310774803e-03
2.243366558104753494e-03
2.707511419430375099e-03
2.707511419430375099e-03
2.243366558104753494e-03
2.398081589490175247e-03
2.552796388044953346e-03
1.237719552591443062e-03
1.779221813194453716e-03
1.624506898224353790e-03
3.171656280755996704e-03
1.392434467561542988e-03
1.856579212471842766e-03
2.011294243857264519e-03
1.469791866838932037e-03
1.779221813194453716e-03
1.237719552591443062e-03
2.011294243857264519e-03
1.624506898224353790e-03
1.933936728164553642e-03
1.779221813194453716e-03
1.624506898224353790e-03
2.088651759549975395e-03
1.856579212471842766e-03
1.160362036898732185e-03
1.315076951868832111e-03
2.011294243857264519e-03
1.005647121928632259e-03
1.005647121928632259e-03
8.509321487508714199e-04
1.237719552591443062e-03
1.779221813194453716e-03
1.779221813194453716e-03
1.469791866838932037e-03
1.005647121928632259e-03
1.624506898224353790e-03
8.509321487508714199e-04
1.237719552591443062e-03
6.962172337807714939e-04
1.315076951868832111e-03
4.641448031179606915e-04
9.282896062359213829e-04
1.469791866838932037e-03
1.160362036898732185e-03
9.282896062359213829e-04
1.083004521206021309e-03
1.624506898224353790e-03
1.237719552591443062e-03
1.469791866838932037e-03
1.392434467561542988e-03
7.735746912658214569e-04
1.160362036898732185e-03
1.160362036898732185e-03
1.315076951868832111e-03
5.415022606030106544e-04
9.282896062359213829e-04
5.415022606030106544e-04
9.282896062359213829e-04
1.160362036898732185e-03
1.392434467561542988e-03
1.005647121928632259e-03
4.641448031179606915e-04
6.188597762957215309e-04
8.509321487508714199e-04
1.547149382531642914e-03
7.735746912658214569e-04
1.160362036898732185e-03
7.735746912658214569e-04
9.282896062359213829e-04
9.282896062359213829e-04
