7.091370224952697754e-01
6.055482849478721619e-02
2.597402594983577728e-02
1.844309456646442413e-02
1.191116590052843094e-02
8.837316185235977173e-03
9.067854844033718109e-03
7.684622891247272491e-03
6.685622036457061768e-03
4.610773641616106033e-03
5.994006060063838959e-03
5.532928742468357086e-03
4.687619861215353012e-03
3.611772786825895309e-03
4.226542543619871140e-03
4.226542543619871140e-03
3.765465226024389267e-03
2.997003030031919479e-03
2.997003030031919479e-03
2.766464371234178543e-03
2.535925712436437607e-03
3.073849249631166458e-03
2.997003030031919479e-03
3.150695469230413437e-03
2.689618151634931564e-03
3.073849249631166458e-03
2.459079492837190628e-03
1.536924624815583229e-03
2.228540601208806038e-03
1.613770844414830208e-03
8.453085320070385933e-04
2.074848162010312080e-03
1.844309503212571144e-03
1.460078405216336250e-03
2.074848162010312080e-03
1.998001942411065102e-03
1.460078405216336250e-03
1.690617064014077187e-03
2.305386820808053017e-03
1.998001942411065102e-03
1.613770844414830208e-03
1.536924624815583229e-03
1.536924624815583229e-03
1.536924624815583229e-03
1.998001942411065102e-03
1.921155722811818123e-03
1.229539746418595314e-03
9.990009712055325508e-04
2.074848162010312080e-03
1.767463283613324165e-03
7.684623124077916145e-04
1.536924624815583229e-03
8.453085320070385933e-04
1.152693410404026508e-03
9.221547516062855721e-04
1.152693410404026508e-03
8.453085320070385933e-04
9.990009712055325508e-04
1.229539746418595314e-03
1.306385966017842293e-03
9.990009712055325508e-04
5.379235954023897648e-04
1.152693410404026508e-03
6.147698732092976570e-04
1.229539746418595314e-03
1.152693410404026508e-03
1.075847190804779530e-03
5.379235954023897648e-04
1.460078405216336250e-03
1.152693410404026508e-03
1.306385966017842293e-03
9.221547516062855721e-04
8.453085320070385933e-04
5.379235954023897648e-04
6.147698732092976570e-04
5.379235954023897648e-04
7.684623124077916145e-04
9.990009712055325508e-04
5.379235954023897648e-04
4.610773758031427860e-04
8.453085320070385933e-04
4.610773758031427860e-04
8.453085320070385933e-04
6.147698732092976570e-04
3.073849366046488285e-04
7.684623124077916145e-04
4.610773758031427860e-04
6.916160928085446358e-04
2.305386879015713930e-04
4.610773758031427860e-04
7.684623124077916145e-04
2.305386879015713930e-04
5.379235954023897648e-04
1.536924683023244143e-04
2.305386879015713930e-04
3.842311562038958073e-04
7.684623415116220713e-05
2.305386879015713930e-04
3.842311562038958073e-04
