5.816209912300109863e-01
9.360730648040771484e-02
4.851598292589187622e-02
3.652967885136604309e-02
2.168949693441390991e-02
1.655251160264015198e-02
1.141552533954381943e-02
1.027397252619266510e-02
1.198630128055810928e-02
7.990867830812931061e-03
5.136986263096332550e-03
6.849315017461776733e-03
5.707762669771909714e-03
5.136986263096332550e-03
5.707762669771909714e-03
5.136986263096332550e-03
3.424657508730888367e-03
5.136986263096332550e-03
4.566209856420755386e-03
2.853881334885954857e-03
6.278538610786199570e-03
5.707762669771909714e-03
2.283104928210377693e-03
2.283104928210377693e-03
4.566209856420755386e-03
1.141552464105188847e-03
2.853881334885954857e-03
3.424657508730888367e-03
5.707762320525944233e-04
5.707762320525944233e-04
2.283104928210377693e-03
1.141552464105188847e-03
3.424657508730888367e-03
2.283104928210377693e-03
1.712328754365444183e-03
1.712328754365444183e-03
1.712328754365444183e-03
2.283104928210377693e-03
2.283104928210377693e-03
5.707762320525944233e-04
5.707762320525944233e-04
1.712328754365444183e-03
5.707762320525944233e-04
5.707762320525944233e-04
1.141552464105188847e-03
5.707762320525944233e-04
1.141552464105188847e-03
1.712328754365444183e-03
5.707762320525944233e-04
5.707762320525944233e-04
1.712328754365444183e-03
1.141552464105188847e-03
1.712328754365444183e-03
1.141552464105188847e-03
0.000000000000000000e+00
0.000000000000000000e+00
5.707762320525944233e-04
1.712328754365444183e-03
1.712328754365444183e-03
1.141552464105188847e-03
0.000000000000000000e+00
2.283104928210377693e-03
2.283104928210377693e-03
1.141552464105188847e-03
3.995433915406465530e-03
1.141552464105188847e-03
5.707762320525944233e-04
1.141552464105188847e-03
1.141552464105188847e-03
5.707762320525944233e-04
1.141552464105188847e-03
1.141552464105188847e-03
1.141552464105188847e-03
5.707762320525944233e-04
1.712328754365444183e-03
5.707762320525944233e-04
0.000000000000000000e+00
5.707762320525944233e-04
5.707762320525944233e-04
1.141552464105188847e-03
0.000000000000000000e+00
1.712328754365444183e-03
1.141552464105188847e-03
1.141552464105188847e-03
1.141552464105188847e-03
1.141552464105188847e-03
2.283104928210377693e-03
0.000000000000000000e+00
5.707762320525944233e-04
5.707762320525944233e-04
1.712328754365444183e-03
0.000000000000000000e+00
5.707762320525944233e-04
1.141552464105188847e-03
0.000000000000000000e+00
5.707762320525944233e-04
0.000000000000000000e+00
2.283104928210377693e-03
5.707762320525944233e-04
