7.181624667795108508e+01
4.376556936724681525e-03
4.251473893098503543e-03
4.177307135340108807e-03
4.082847596176822878e-03
3.991774591687692782e-03
3.904006225453572274e-03
3.819135631877744116e-03
3.737272965568708572e-03
3.658193730911042316e-03
3.581769719453046456e-03
3.507880048940262112e-03
3.436407238566949011e-03
3.367248459921847337e-03
3.300298268094681992e-03
3.235461684171235097e-03
3.172646345736303622e-03
3.111824779550238177e-03
3.052742400258950765e-03
2.995497849875278836e-03
2.939958210249298768e-03
2.886053097557526263e-03
2.833718930873915538e-03
2.782892390922320474e-03
2.733514344825019923e-03
2.685528276203305413e-03
2.638881070127187083e-03
2.593520919916182926e-03
2.549441807622560355e-03
2.506472352560885474e-03
2.464693666200599900e-03
2.424021497273444372e-03
2.384417644893810882e-03
2.345842338276683033e-03
