3.562532851955744554e+05
8.683098237997632532e+04
1.161555832359144460e+03
5.560999766611873838e+02
1.079056818923398851e+03
4.942184908857258279e+02
9.039732147124509538e+02
4.828596468886973980e+02
1.008046349103016041e+03
4.913528324912419407e+02
9.230633645580945768e+02
4.209528267365840861e+02
7.302145726834991137e+02
3.704929788600396137e+02
7.620861645768725339e+02
4.247419646194588267e+02
9.480184175996494105e+02
4.661085781597598157e+02
9.128830858279015956e+02
4.248743172626093951e+02
7.464980202978695161e+02
3.566642847286848337e+02
6.898073783353844419e+02
3.176945163238958685e+02
5.719515477677472290e+02
3.179485133286108862e+02
6.866023228876681515e+02
3.388900614424380251e+02
6.754908391023825516e+02
3.646690872218589448e+02
7.718626944989622416e+02
3.194275916859936615e+02
5.368163867161430289e+02
2.430950698152479106e+02
4.301377319632955505e+02
2.638129439834604000e+02
6.183926532332038732e+02
2.979041297640214907e+02
5.640437723243488790e+02
2.847533708830558794e+02
5.642036294990676879e+02
2.487457659417243576e+02
4.196247432033954965e+02
2.175942561124130634e+02
4.325342097241502302e+02
1.752786427886881881e+02
2.936778784898768890e+02
1.271810924173818194e+02
2.237856143596165452e+02
