5.751921039155576665e+01
1.455057499975737656e+01
2.575250088609068122e+00
1.128184728368111456e+00
1.873841456892215485e+00
1.109514367640023647e+00
2.571799194289864587e+00
1.315939438166567887e+00
2.630186525401916331e+00
1.651048282429324665e+00
3.818851097694898389e+00
1.825685020490460886e+00
3.301170365195333911e+00
1.867384028736109425e+00
4.097154693322235808e+00
1.950995494565591404e+00
3.671768724041327925e+00
1.850889035792654402e+00
3.981007043490776276e+00
1.989970827201241521e+00
3.962781844192309055e+00
2.477810180898620818e+00
5.888651744530748466e+00
2.826623839455582932e+00
5.362838140095304240e+00
3.119572681496835198e+00
6.928236992012149820e+00
3.460435316711969911e+00
6.794127708687313749e+00
3.690963246297955358e+00
7.560776585749535705e+00
4.277153898452761283e+00
9.050938839435003658e+00
4.681348852172712682e+00
1.015775219216557446e+01
5.800857515994147562e+00
1.304068902670487873e+01
7.420245691189544246e+00
1.647052893697201625e+01
9.122386372426943169e+00
1.965285422822513084e+01
1.155394792012249994e+01
2.656009118216127263e+01
1.526021148693007667e+01
3.406326017916517657e+01
2.219525073185281272e+01
5.481463048351807998e+01
5.920489177426416916e+01
1.785726060548739724e+02
