2.017700788732719047e+03
4.941556468621973295e+02
5.208036400865073690e-01
2.441501946002139767e-01
4.701930335276222617e-01
2.314204063074277173e-01
4.438633684955435865e-01
2.242769659282324024e-01
4.329820321912105641e-01
2.103287826405526861e-01
3.970881739085895812e-01
1.916457386423360276e-01
3.830910924267466044e-01
1.832723119423204650e-01
3.558404012091883617e-01
1.752907379266137322e-01
3.454006511381368938e-01
1.670075578983183373e-01
3.227558795295500382e-01
1.566253120229101348e-01
3.164059112816190455e-01
1.533043103869967394e-01
2.907201734448084385e-01
1.477169555308831261e-01
2.843771469746535496e-01
1.399750649053284890e-01
2.651741690338310087e-01
1.338955994470031885e-01
2.612196013633890090e-01
1.252671729187574134e-01
2.439480666097436357e-01
1.230178402725148473e-01
2.320918662944194133e-01
1.164961857154198088e-01
2.262037148318870594e-01
1.122342467320426723e-01
2.133043554302412326e-01
1.072071653578800521e-01
2.063036764999270356e-01
1.034995266968613964e-01
1.999229912559781497e-01
9.713786327257888098e-02
1.937401937831073062e-01
9.694698501466335328e-02
1.893302781524552059e-01
9.376732769005563517e-02
1.811031821025871624e-01
8.693251112822232562e-02
1.745670831925510702e-01
