6.846548450648958450e+00
1.763625529187622831e+00
2.068714309075181113e-01
1.017439531477544318e-01
2.117830447148291995e-01
1.352725673970804898e-01
3.207875825541438575e-01
1.545285282567156471e-01
3.061393859948474128e-01
1.875241631219323468e-01
4.519251641545548592e-01
1.910245239119923999e-01
3.263330933087530417e-01
1.547120794752735173e-01
2.791616571937302060e-01
1.672872088537962765e-01
3.806339588524361717e-01
2.069913240445734326e-01
4.678058200814304013e-01
2.376750020554443954e-01
4.667934251859657824e-01
2.628070432743855322e-01
6.029181779167167576e-01
3.107353435851999413e-01
6.297752548401867045e-01
3.152082454466357819e-01
6.199979328535965006e-01
3.419413861722409576e-01
7.169169261791384917e-01
4.235485455256649545e-01
9.471445998306077252e-01
5.267986119134692169e-01
1.115798025295674956e+00
6.192898012341537806e-01
1.298802050295189359e+00
7.310016371893476306e-01
1.661790489136367954e+00
9.061940053600099354e-01
2.062296247308202268e+00
1.226319269110622834e+00
2.941364222406515072e+00
1.950500241926129696e+00
4.752940663217439798e+00
2.961709504628935452e+00
7.344081156675217770e+00
5.411664013580783639e+00
1.433972071367989187e+01
1.777110641901002808e+01
5.822557400142074613e+01
