3.041198868098268449e+00
7.881420630008565409e-01
1.046957248369236732e-01
4.399788496770146856e-02
7.674053035592161287e-02
4.371732101460046316e-02
1.041739672736644862e-01
3.755076525966198620e-02
5.064484442150821164e-02
5.151184031506061967e-02
1.535471286441812966e-01
1.132732070493755044e-01
3.021193182033027891e-01
1.160255504266744508e-01
1.569494200322865129e-01
1.097439758641533536e-01
2.793920716986625918e-01
1.704595102102923476e-01
3.899899993700562950e-01
1.385106987274811463e-01
1.769514569925241254e-01
1.483018387116337433e-01
4.021608482939130758e-01
1.963729968136536941e-01
3.825976606334991481e-01
1.932106421789555328e-01
3.792014564875950122e-01
2.490156561521346124e-01
6.020332325602018031e-01
3.018554046282054260e-01
6.185993197433825586e-01
3.284075128328185489e-01
7.244705124714408973e-01
3.361573119527529463e-01
6.172032401632184806e-01
4.308625906549733986e-01
1.142773492230434451e+00
6.237407503108016726e-01
1.330204637842771875e+00
8.330486796781927383e-01
1.982453656105430007e+00
1.293883385214888104e+00
3.222762697921390806e+00
2.111342366810235571e+00
5.174044003901427047e+00
4.275225917422606159e+00
1.145564134784557986e+01
2.601940434868494378e+01
9.415855003998977679e+01
