7.620305754244327545e-03
5.481237545609474182e-03
5.202717613428831100e-03
4.366876557469367981e-03
5.480762571096420288e-03
5.666477605700492859e-03
4.180931486189365387e-03
4.458747804164886475e-03
5.015647504478693008e-03
4.644111264497041702e-03
4.366946406662464142e-03
5.201960913836956024e-03
5.758683662861585617e-03
5.294519010931253433e-03
5.015893839299678802e-03
6.037609651684761047e-03
4.922507796436548233e-03
7.522573694586753845e-03
6.595986429601907730e-03
6.686732172966003418e-03
6.129181943833827972e-03
6.780187133699655533e-03
7.338036317378282547e-03
6.688139401376247406e-03
8.265311829745769501e-03
7.058057002723217010e-03
1.003231573849916458e-02
6.781296338886022568e-03
9.009579196572303772e-03
8.825043216347694397e-03
8.546699769794940948e-03
8.268074132502079010e-03
9.011110290884971619e-03
9.198814630508422852e-03
1.105591282248497009e-02
1.402821764349937439e-02
1.217066124081611633e-02
1.374820247292518616e-02
1.755805686116218567e-02
1.765267364680767059e-02
1.830096915364265442e-02
2.155427448451519012e-02
2.425035089254379272e-02
2.592571079730987549e-02
2.880867756903171539e-02
3.634233772754669189e-02
4.713157564401626587e-02
5.681571364402770996e-02
9.772489964962005615e-02
3.354786932468414307e-01
