6.730768680572509766e-01
9.409772604703903198e-02
4.148524254560470581e-02
2.848330885171890259e-02
1.983551122248172760e-02
1.384857296943664551e-02
1.106676366180181503e-02
1.082486752420663834e-02
9.433962404727935791e-03
8.224479854106903076e-03
5.805515218526124954e-03
6.228833459317684174e-03
4.656506702303886414e-03
4.414611030369997025e-03
3.628446953371167183e-03
4.172713961452245712e-03
4.475085064768791199e-03
3.326076548546552658e-03
3.447024617344141006e-03
2.418964868411421776e-03
2.963231643661856651e-03
2.237542532384395599e-03
2.539912937209010124e-03
2.237542299553751945e-03
2.237542299553751945e-03
2.298016566783189774e-03
2.298016566783189774e-03
1.814223593100905418e-03
1.935171661898493767e-03
1.874697627499699593e-03
1.753749325871467590e-03
1.995645929127931595e-03
1.632801024243235588e-03
1.935171661898493767e-03
1.330430735833942890e-03
1.753749325871467590e-03
1.451378804631531239e-03
2.237542532384395599e-03
1.572326989844441414e-03
1.028059981763362885e-03
1.390904653817415237e-03
1.390904653817415237e-03
9.675858309492468834e-04
8.466376457363367081e-04
1.088534248992800713e-03
6.652153097093105316e-04
4.837929445784538984e-04
6.047411588951945305e-04
3.628447302617132664e-04
1.209482361446134746e-04
