6.383658037520945072e-04
5.745292291976511478e-04
5.745292291976511478e-04
5.106926546432077885e-04
3.830194764304906130e-04
5.106926546432077885e-04
3.191829018760472536e-04
1.915097382152453065e-04
6.383658037520945072e-04
7.022023783065378666e-04
2.553463273216038942e-04
3.191829018760472536e-04
3.830194764304906130e-04
6.383658037520945072e-04
6.383658037520945072e-04
3.191829018760472536e-04
6.383658183040097356e-05
3.191829018760472536e-04
3.191829018760472536e-04
3.830194764304906130e-04
2.553463273216038942e-04
5.106926546432077885e-04
1.915097382152453065e-04
2.553463273216038942e-04
3.191829018760472536e-04
4.468560509849339724e-04
3.830194764304906130e-04
3.191829018760472536e-04
3.830194764304906130e-04
3.830194764304906130e-04
3.830194764304906130e-04
2.553463273216038942e-04
5.745292291976511478e-04
3.191829018760472536e-04
1.915097382152453065e-04
4.468560509849339724e-04
3.191829018760472536e-04
3.191829018760472536e-04
2.553463273216038942e-04
3.830194764304906130e-04
3.191829018760472536e-04
3.191829018760472536e-04
4.468560509849339724e-04
3.830194764304906130e-04
1.276731636608019471e-04
4.468560509849339724e-04
1.276731636608019471e-04
3.830194764304906130e-04
1.915097382152453065e-04
1.915097382152453065e-04
3.191829018760472536e-04
5.106926546432077885e-04
5.745292291976511478e-04
3.191829018760472536e-04
1.915097382152453065e-04
4.468560509849339724e-04
5.106926546432077885e-04
6.383658037520945072e-04
3.830194764304906130e-04
1.915097382152453065e-04
3.830194764304906130e-04
6.383658037520945072e-04
7.022023783065378666e-04
1.915097382152453065e-04
6.383658037520945072e-04
5.106926546432077885e-04
9.575486183166503906e-04
5.106926546432077885e-04
5.745292291976511478e-04
4.468560509849339724e-04
8.298755274154245853e-04
3.830194764304906130e-04
6.383658037520945072e-04
1.021385309286415577e-03
6.383658037520945072e-04
1.149058458395302296e-03
8.298755274154245853e-04
9.575486183166503906e-04
1.149058458395302296e-03
1.212894916534423828e-03
6.383658037520945072e-04
9.575486183166503906e-04
1.723587629385292530e-03
1.212894916534423828e-03
2.234280342236161232e-03
1.851260662078857422e-03
1.851260662078857422e-03
2.489626640453934669e-03
2.489626640453934669e-03
3.702521324157714844e-03
3.127992153167724609e-03
5.489945877343416214e-03
7.022023666650056839e-03
9.447813965380191803e-03
1.219278667122125626e-02
1.525694131851196289e-02
2.444940991699695587e-02
3.536546602845191956e-02
9.549951553344726562e-02
