6.281081438064575195e-01
8.162162452936172485e-02
4.810810834169387817e-02
2.702702581882476807e-02
2.324324287474155426e-02
1.837837882339954376e-02
1.891892030835151672e-02
1.027027051895856857e-02
1.135135162621736526e-02
8.648648858070373535e-03
7.567567750811576843e-03
4.864864982664585114e-03
8.108108304440975189e-03
5.405405536293983459e-03
7.567567750811576843e-03
4.864864982664585114e-03
4.864864982664585114e-03
4.324324429035186768e-03
4.324324429035186768e-03
2.702702768146991730e-03
0.000000000000000000e+00
6.486486643552780151e-03
2.702702768146991730e-03
2.702702768146991730e-03
3.783783875405788422e-03
1.081081107258796692e-03
4.324324429035186768e-03
1.081081107258796692e-03
2.702702768146991730e-03
2.702702768146991730e-03
4.864864982664585114e-03
1.081081107258796692e-03
3.243243321776390076e-03
2.702702768146991730e-03
2.702702768146991730e-03
3.243243321776390076e-03
5.405405536293983459e-04
3.243243321776390076e-03
1.621621660888195038e-03
2.162162214517593384e-03
4.324324429035186768e-03
5.405405536293983459e-04
2.702702768146991730e-03
2.162162214517593384e-03
1.081081107258796692e-03
1.081081107258796692e-03
1.081081107258796692e-03
2.162162214517593384e-03
0.000000000000000000e+00
1.621621660888195038e-03
