4.123240411281585693e-01
1.183781474828720093e-01
5.352187901735305786e-02
3.508499637246131897e-02
2.677717246115207672e-02
2.166275866329669952e-02
1.779959350824356079e-02
1.528479717671871185e-02
1.186549011617898941e-02
1.422045193612575531e-02
1.308556366711854935e-02
1.125619839876890182e-02
8.649072609841823578e-03
8.938332088291645050e-03
8.098351769149303436e-03
6.124616600573062897e-03
5.509364418685436249e-03
6.597859319299459457e-03
5.857759155333042145e-03
6.005778908729553223e-03
5.205977708101272583e-03
5.514760501682758331e-03
3.430918557569384575e-03
6.418140139430761337e-03
3.860851516947150230e-03
3.719612024724483490e-03
5.063354037702083588e-03
2.880763961002230644e-03
3.036130685359239578e-03
2.325213514268398285e-03
2.944729290902614594e-03
2.288117771968245506e-03
2.440967597067356110e-03
2.801539376378059387e-03
3.048307029530405998e-03
1.298167044296860695e-03
4.887331742793321609e-03
4.021047614514827728e-03
3.164627822116017342e-03
3.725007874891161919e-03
3.391872392967343330e-03
2.305690664798021317e-03
3.144538495689630508e-03
3.253512550145387650e-03
2.572547877207398415e-03
1.829364686273038387e-03
3.720178501680493355e-03
2.616423647850751877e-03
2.912463620305061340e-03
3.085402771830558777e-03
1.930425758473575115e-03
2.628600224852561951e-03
2.241158857941627502e-03
2.349566202610731125e-03
1.621642964892089367e-03
1.853717723861336708e-03
2.214289270341396332e-03
2.428791252896189690e-03
2.537765307351946831e-03
2.221635775640606880e-03
2.305690664798021317e-03
1.426664181053638458e-03
2.421444747596979141e-03
1.865894184447824955e-03
2.278254600241780281e-03
2.589554060250520706e-03
5.750735290348529816e-04
2.545111812651157379e-03
9.947805665433406830e-04
1.666085445322096348e-03
1.582030672580003738e-03
2.782016526907682419e-03
1.833628281019628048e-03
1.913419575430452824e-03
2.169847022742033005e-03
7.505295216105878353e-04
2.357479650527238846e-03
1.994391204789280891e-03
1.918249530717730522e-03
1.214678864926099777e-03
1.937772380188107491e-03
2.241158857941627502e-03
1.782405888661742210e-03
2.182023366913199425e-03
2.364826155826449394e-03
1.278644078411161900e-03
3.776797093451023102e-03
2.705308143049478531e-03
1.362698851153254509e-03
2.118058269843459129e-03
7.109171128831803799e-04
6.073394324630498886e-04
1.750140101648867130e-03
8.144947933033108711e-04
1.994391204789280891e-03
2.298344159498810768e-03
3.874411922879517078e-04
1.750140101648867130e-03
6.713047041557729244e-04
