4.122087359428405762e-01
1.473580598831176758e-01
7.909418642520904541e-02
5.743353813886642456e-02
4.233672469854354858e-02
2.691171690821647644e-02
2.461437508463859558e-02
1.444043219089508057e-02
1.706596650183200836e-02
1.214309036731719971e-02
8.861174806952476501e-03
1.247128285467624664e-02
8.532983250916004181e-03
8.532982319593429565e-03
1.017394103109836578e-02
8.532983250916004181e-03
5.251065827906131744e-03
4.922874737530946732e-03
2.625532913953065872e-03
2.953724935650825500e-03
3.281916724517941475e-03
3.281916724517941475e-03
3.938299603760242462e-03
5.251066759228706360e-03
1.969150034710764885e-03
6.563832983374595642e-03
4.266491625458002090e-03
3.281916724517941475e-03
3.938300069421529770e-03
2.953724935650825500e-03
1.312766689807176590e-03
2.297341823577880859e-03
9.845750173553824425e-04
2.625533379614353180e-03
2.953724935650825500e-03
1.969150034710764885e-03
2.953724935650825500e-03
3.938299603760242462e-03
1.640958362258970737e-03
3.938300069421529770e-03
1.640958362258970737e-03
3.281916724517941475e-03
2.297341823577880859e-03
2.297341823577880859e-03
2.625533379614353180e-03
4.266491159796714783e-03
2.953724935650825500e-03
4.594683181494474411e-03
2.953724935650825500e-03
3.281916724517941475e-03
