1.340508577413856983e-03
4.085137043148279190e-04
3.984636277891695499e-04
1.881173811852931976e-03
1.215944415889680386e-03
7.897933246567845345e-04
7.201507105492055416e-04
6.427935441024601460e-04
6.977150333113968372e-04
7.101006922312080860e-04
8.974278171081095934e-05
1.330458442680537701e-03
1.346141652902588248e-04
8.974278171081095934e-05
1.417865743860602379e-03
8.974278171081095934e-05
1.346141798421740532e-04
6.752792978659272194e-04
1.936095184646546841e-03
8.974278171081095934e-05
1.791430870071053505e-03
2.005737740546464920e-03
1.469998096581548452e-04
2.019212552113458514e-04
1.245641178684309125e-04
1.340508577413856983e-03
7.774077239446341991e-04
7.650221232324838638e-04
1.903609372675418854e-03
2.646195935085415840e-03
2.523967530578374863e-03
1.926045166328549385e-03
2.444274723529815674e-03
2.646195702254772186e-03
4.370319657027721405e-03
4.955856129527091980e-03
5.668292753398418427e-03
4.405140876770019531e-03
6.812259089201688766e-03
6.824644282460212708e-03
9.854454547166824341e-03
7.422566413879394531e-03
1.055450644344091415e-02
7.714230567216873169e-03
1.207450032234191895e-02
1.516928337514400482e-02
2.275357209146022797e-02
1.850269176065921783e-02
2.910458669066429138e-02
7.977761626243591309e-01
