2.126146854980695571e+04
1.869599163538558928e+00
1.824266922457737028e+00
1.783624790198675480e+00
1.742997075210732660e+00
1.703715902340387833e+00
1.665866224970146581e+00
1.629329139369385393e+00
1.594043875965216683e+00
1.558688696547343877e+00
1.527021238047433283e+00
1.495150852580917178e+00
1.464317580488420312e+00
1.434474759419333001e+00
1.405618048689877275e+00
1.377592113830581333e+00
1.349341548585791362e+00
1.324205268927051371e+00
1.298711502954336794e+00
1.274015027576925974e+00
1.249984304573913407e+00
1.226690722690999769e+00
1.203062598108365133e+00
1.182118023759057834e+00
1.160797437677510757e+00
1.140017809311754338e+00
1.119843241259719679e+00
1.100222652974808479e+00
1.081135581233497955e+00
1.065839709210920860e+00
1.044430216624142149e+00
1.026829441515628050e+00
1.009688701375335729e+00
9.929910210292056671e-01
