3.989977538585662842e-01
2.553666830062866211e-01
1.076725125312805176e-01
4.909595847129821777e-02
2.938985638320446014e-02
1.814857497811317444e-02
1.367914956063032150e-02
9.954628534615039825e-03
7.719915825873613358e-03
6.433263421058654785e-03
6.297826301306486130e-03
4.875736311078071594e-03
3.724520793184638023e-03
3.047335194423794746e-03
3.182772314175963402e-03
4.198550712317228317e-03
3.318209433928132057e-03
2.505586715415120125e-03
2.437868155539035797e-03
2.776460954919457436e-03
2.099275356158614159e-03
2.979616634547710419e-03
2.573305275291204453e-03
2.302431035786867142e-03
2.505586715415120125e-03
1.760682556778192520e-03
1.218934077769517899e-03
2.099275356158614159e-03
2.302431035786867142e-03
2.302431035786867142e-03
2.437868155539035797e-03
1.828401116654276848e-03
1.354371197521686554e-03
1.828401116654276848e-03
1.286652637645602226e-03
1.015778398141264915e-03
1.015778398141264915e-03
7.449041586369276047e-04
1.015778398141264915e-03
1.218934077769517899e-03
8.803412783890962601e-04
1.218934077769517899e-03
1.151215517893433571e-03
1.083496958017349243e-03
1.015778398141264915e-03
1.151215517893433571e-03
1.218934077769517899e-03
1.015778398141264915e-03
8.803412783890962601e-04
6.094670388847589493e-04
7.449041586369276047e-04
9.480598382651805878e-04
8.803412783890962601e-04
6.094670388847589493e-04
8.126227185130119324e-04
6.771855987608432770e-04
6.094670388847589493e-04
5.417484790086746216e-04
6.094670388847589493e-04
6.771855987608432770e-04
6.094670388847589493e-04
5.417484790086746216e-04
8.803412783890962601e-04
6.771855987608432770e-04
8.126227185130119324e-04
3.385927993804216385e-04
4.740299191325902939e-04
5.417484790086746216e-04
2.031556796282529831e-04
5.417484790086746216e-04
4.063113592565059662e-04
4.740299191325902939e-04
2.708742395043373108e-04
5.417484790086746216e-04
3.385927993804216385e-04
4.740299191325902939e-04
2.708742395043373108e-04
6.094670388847589493e-04
2.708742395043373108e-04
2.031556796282529831e-04
4.063113592565059662e-04
4.063113592565059662e-04
3.385927993804216385e-04
4.740299191325902939e-04
2.031556796282529831e-04
6.771855987608432770e-05
2.708742395043373108e-04
6.771855987608432770e-05
6.771855987608432770e-05
0.000000000000000000e+00
6.771855987608432770e-05
2.708742395043373108e-04
4.740299191325902939e-04
1.354371197521686554e-04
3.385927993804216385e-04
2.031556796282529831e-04
1.354371197521686554e-04
3.385927993804216385e-04
6.771855987608432770e-05
