3.778280615806579590e-01
1.187782809138298035e-01
5.769230797886848450e-02
4.298642650246620178e-02
2.262443490326404572e-02
2.714932151138782501e-02
1.583710499107837677e-02
6.787330377846956253e-03
1.131221745163202286e-02
1.470588240772485733e-02
6.787330377846956253e-03
3.393665188923478127e-03
1.357466075569391251e-02
1.018099579960107803e-02
4.524887073785066605e-03
6.787330377846956253e-03
4.524887073785066605e-03
6.787330377846956253e-03
1.018099579960107803e-02
6.787330377846956253e-03
1.131221745163202286e-02
7.918552495539188385e-03
5.656108725816011429e-03
9.049774147570133209e-03
3.393665188923478127e-03
6.787330377846956253e-03
3.393665188923478127e-03
2.262443536892533302e-03
3.393665188923478127e-03
4.524887073785066605e-03
2.262443536892533302e-03
3.393665188923478127e-03
2.262443536892533302e-03
3.393665188923478127e-03
3.393665188923478127e-03
2.262443536892533302e-03
0.000000000000000000e+00
6.787330377846956253e-03
1.131221768446266651e-03
2.262443536892533302e-03
3.393665188923478127e-03
4.524887073785066605e-03
3.393665188923478127e-03
2.262443536892533302e-03
1.131221768446266651e-03
1.131221768446266651e-03
3.393665188923478127e-03
2.262443536892533302e-03
3.393665188923478127e-03
3.393665188923478127e-03
1.131221768446266651e-03
4.524887073785066605e-03
1.131221768446266651e-03
4.524887073785066605e-03
1.131221768446266651e-03
2.262443536892533302e-03
1.131221768446266651e-03
1.131221768446266651e-03
5.656108725816011429e-03
4.524887073785066605e-03
3.393665188923478127e-03
4.524887073785066605e-03
3.393665188923478127e-03
3.393665188923478127e-03
0.000000000000000000e+00
2.262443536892533302e-03
0.000000000000000000e+00
2.262443536892533302e-03
3.393665188923478127e-03
2.262443536892533302e-03
2.262443536892533302e-03
4.524887073785066605e-03
1.131221768446266651e-03
1.131221768446266651e-03
7.918552495539188385e-03
1.131221768446266651e-03
2.262443536892533302e-03
1.131221768446266651e-03
0.000000000000000000e+00
5.656108725816011429e-03
0.000000000000000000e+00
1.131221768446266651e-03
2.262443536892533302e-03
0.000000000000000000e+00
0.000000000000000000e+00
1.131221768446266651e-03
4.524887073785066605e-03
2.262443536892533302e-03
3.393665188923478127e-03
1.131221768446266651e-03
3.393665188923478127e-03
4.524887073785066605e-03
0.000000000000000000e+00
1.131221768446266651e-03
1.131221768446266651e-03
2.262443536892533302e-03
1.131221768446266651e-03
2.262443536892533302e-03
2.262443536892533302e-03
