4.204939603805541992e-01
1.060430929064750671e-01
6.621124595403671265e-02
4.014713689684867859e-02
2.858644165098667145e-02
2.448765188455581665e-02
2.017866447567939758e-02
1.261166576296091080e-02
1.408302690833806992e-02
1.282186061143875122e-02
1.061481889337301254e-02
9.353651665151119232e-03
8.617972023785114288e-03
8.512874133884906769e-03
8.197582326829433441e-03
7.672096602618694305e-03
7.672096602618694305e-03
6.410930305719375610e-03
6.621124688535928726e-03
7.882291451096534729e-03
6.200735457241535187e-03
7.251707836985588074e-03
6.831319071352481842e-03
6.621124688535928726e-03
7.041513454169034958e-03
5.570152308791875839e-03
5.465055350214242935e-03
5.675249733030796051e-03
3.152916440740227699e-03
5.044666118919849396e-03
3.573305206373333931e-03
4.834471736103296280e-03
3.783499822020530701e-03
3.678402630612254143e-03
4.624277353286743164e-03
2.942722057923674583e-03
3.888597013428807259e-03
2.732527675107121468e-03
3.363110823556780815e-03
2.207041485235095024e-03
2.522333059459924698e-03
2.522333059459924698e-03
2.417235868051648140e-03
2.732527675107121468e-03
2.207041485235095024e-03
3.152916440740227699e-03
2.627430483698844910e-03
2.207041485235095024e-03
2.522333059459924698e-03
1.996847102418541908e-03
2.522333059459924698e-03
1.576458220370113850e-03
1.156069338321685791e-03
2.417235868051648140e-03
1.681555411778390408e-03
1.996847102418541908e-03
1.471361028961837292e-03
1.681555411778390408e-03
1.681555411778390408e-03
9.458749555051326752e-04
1.471361028961837292e-03
1.996847102418541908e-03
1.050972146913409233e-03
5.254860734567046165e-04
1.261166529729962349e-03
1.050972146913409233e-03
9.458749555051326752e-04
1.576458220370113850e-03
1.576458220370113850e-03
1.156069338321685791e-03
7.356805144809186459e-04
1.156069338321685791e-03
6.305832648649811745e-04
1.471361028961837292e-03
1.261166529729962349e-03
8.407777058891952038e-04
1.366263837553560734e-03
8.407777058891952038e-04
6.305832648649811745e-04
1.050972146913409233e-03
9.458749555051326752e-04
8.407777058891952038e-04
7.356805144809186459e-04
1.050972146913409233e-03
8.407777058891952038e-04
9.458749555051326752e-04
7.356805144809186459e-04
1.156069338321685791e-03
7.356805144809186459e-04
9.458749555051326752e-04
4.203888529445976019e-04
5.254860734567046165e-04
6.305832648649811745e-04
5.254860734567046165e-04
3.152916324324905872e-04
4.203888529445976019e-04
7.356805144809186459e-04
3.152916324324905872e-04
5.254860734567046165e-04
