4.306838382035493851e-04
5.024644779041409492e-04
3.828300687018781900e-04
3.110494290012866259e-04
2.871225588023662567e-04
1.674881496001034975e-04
9.570751717546954751e-05
7.178063970059156418e-05
1.196343946503475308e-04
1.914150343509390950e-04
3.110494290012866259e-04
1.196343946503475308e-04
1.914150343509390950e-04
2.153419191017746925e-04
1.435612794011831284e-04
9.570751717546954751e-05
3.349762992002069950e-04
1.674881496001034975e-04
7.178063970059156418e-05
2.153419191017746925e-04
4.785375858773477376e-05
1.914150343509390950e-04
7.178063970059156418e-05
9.570751717546954751e-05
9.570751717546954751e-05
2.631956594996154308e-04
1.674881496001034975e-04
1.674881496001034975e-04
1.914150343509390950e-04
1.914150343509390950e-04
1.435612794011831284e-04
1.914150343509390950e-04
1.674881496001034975e-04
2.631956594996154308e-04
2.153419191017746925e-04
2.392687929386738688e-05
1.196343946503475308e-04
1.435612794011831284e-04
1.674881496001034975e-04
1.196343946503475308e-04
1.914150343509390950e-04
1.435612794011831284e-04
2.392687893006950617e-04
1.196343946503475308e-04
7.178063970059156418e-05
1.914150343509390950e-04
1.674881496001034975e-04
2.871225588023662567e-04
1.914150343509390950e-04
2.631956594996154308e-04
2.631956594996154308e-04
1.435612794011831284e-04
2.392687893006950617e-04
7.178063970059156418e-05
4.546107084024697542e-04
1.196343946503475308e-04
1.914150343509390950e-04
1.914150343509390950e-04
2.153419191017746925e-04
9.570751717546954751e-05
2.631956594996154308e-04
2.871225588023662567e-04
3.110494290012866259e-04
3.349762992002069950e-04
9.570751717546954751e-05
4.306838382035493851e-04
3.110494290012866259e-04
4.306838382035493851e-04
2.153419191017746925e-04
2.392687893006950617e-04
3.110494290012866259e-04
4.546107084024697542e-04
4.546107084024697542e-04
4.067569389007985592e-04
6.699525984004139900e-04
7.656601374037563801e-04
6.220988580025732517e-04
6.938794977031648159e-04
3.828300687018781900e-04
6.460257573053240776e-04
6.699525984004139900e-04
8.374407771043479443e-04
7.656601374037563801e-04
8.852945175021886826e-04
9.331483161076903343e-04
1.339905196800827980e-03
1.172417076304554939e-03
1.315978355705738068e-03
1.268124557100236416e-03
1.938077271915972233e-03
1.674881554208695889e-03
2.416614908725023270e-03
3.206201829016208649e-03
4.139350261539220810e-03
4.833229817450046539e-03
5.574963055551052094e-03
8.541896007955074310e-03
1.361439470201730728e-02
3.467004746198654175e-02
