1.618122914806008339e-03
3.236246062442660332e-03
4.314994439482688904e-03
5.393743049353361130e-03
6.472492124885320663e-03
6.472491659224033356e-03
4.854368977248668671e-03
7.011866196990013123e-03
3.775620134547352791e-03
3.236245829612016678e-03
5.933117587119340897e-03
7.011866196990013123e-03
4.314994439482688904e-03
2.157497219741344452e-03
7.011866196990013123e-03
4.314994439482688904e-03
9.169363416731357574e-03
4.854368977248668671e-03
7.551240734755992889e-03
1.510248146951198578e-02
5.933117587119340897e-03
1.024811156094074249e-02
7.011866196990013123e-03
6.472492124885320663e-03
1.132686063647270203e-02
1.078748703002929688e-02
9.708737954497337341e-03
1.456310786306858063e-02
1.348435878753662109e-02
1.240560971200466156e-02
1.672060415148735046e-02
7.551240734755992889e-03
1.564185507595539093e-02
1.240560971200466156e-02
1.510248146951198578e-02
1.833872683346271515e-02
2.157497406005859375e-02
1.564185507595539093e-02
1.672060415148735046e-02
2.265372127294540405e-02
2.211434766650199890e-02
2.750809118151664734e-02
2.265372127294540405e-02
3.182308375835418701e-02
3.344120830297470093e-02
3.559870645403862000e-02
5.717367678880691528e-02
6.472492218017578125e-02
9.007550776004791260e-02
2.367853224277496338e-01
