4.206817746162414551e-01
8.270553499460220337e-02
3.504772111773490906e-02
3.592395409941673279e-02
4.365615919232368469e-02
1.865841262042522430e-02
3.384459018707275391e-02
5.463101901113986969e-03
1.657905615866184235e-02
6.597655825316905975e-03
1.996279880404472351e-02
3.642068011686205864e-03
4.776622168719768524e-03
1.180243398994207382e-02
9.981399402022361755e-03
9.981399402022361755e-03
4.776622168719768524e-03
4.776622168719768524e-03
4.776622168719768524e-03
0.000000000000000000e+00
2.994420006871223450e-02
1.996279880404472351e-02
1.821034005843102932e-03
1.821034005843102932e-03
0.000000000000000000e+00
0.000000000000000000e+00
1.821034005843102932e-03
6.597655825316905975e-03
4.776622168719768524e-03
0.000000000000000000e+00
0.000000000000000000e+00
2.178383432328701019e-02
0.000000000000000000e+00
4.776622168719768524e-03
0.000000000000000000e+00
1.821034005843102932e-03
0.000000000000000000e+00
0.000000000000000000e+00
1.821034005843102932e-03
0.000000000000000000e+00
0.000000000000000000e+00
0.000000000000000000e+00
0.000000000000000000e+00
0.000000000000000000e+00
9.981399402022361755e-03
1.475802250206470490e-02
1.821034005843102932e-03
1.821034005843102932e-03
0.000000000000000000e+00
0.000000000000000000e+00
0.000000000000000000e+00
0.000000000000000000e+00
0.000000000000000000e+00
0.000000000000000000e+00
0.000000000000000000e+00
0.000000000000000000e+00
0.000000000000000000e+00
0.000000000000000000e+00
1.657905615866184235e-02
1.821034005843102932e-03
0.000000000000000000e+00
0.000000000000000000e+00
0.000000000000000000e+00
4.776622168719768524e-03
0.000000000000000000e+00
0.000000000000000000e+00
9.981399402022361755e-03
0.000000000000000000e+00
0.000000000000000000e+00
1.180243398994207382e-02
0.000000000000000000e+00
0.000000000000000000e+00
0.000000000000000000e+00
0.000000000000000000e+00
0.000000000000000000e+00
9.981399402022361755e-03
0.000000000000000000e+00
1.821034005843102932e-03
0.000000000000000000e+00
0.000000000000000000e+00
0.000000000000000000e+00
0.000000000000000000e+00
0.000000000000000000e+00
0.000000000000000000e+00
0.000000000000000000e+00
9.981399402022361755e-03
9.981399402022361755e-03
0.000000000000000000e+00
4.776622168719768524e-03
0.000000000000000000e+00
0.000000000000000000e+00
0.000000000000000000e+00
0.000000000000000000e+00
0.000000000000000000e+00
9.981399402022361755e-03
9.553244337439537048e-03
0.000000000000000000e+00
0.000000000000000000e+00
0.000000000000000000e+00
