4.074790477752685547e-01
1.083172112703323364e-01
5.609284341335296631e-02
4.319793730974197388e-02
2.965828590095043182e-02
2.385557629168033600e-02
1.869761385023593903e-02
2.063184976577758789e-02
1.998710446059703827e-02
1.547388732433319092e-02
1.676337793469429016e-02
1.096067018806934357e-02
1.225016079843044281e-02
1.418439671397209167e-02
9.026434272527694702e-03
9.671179577708244324e-03
1.160541549324989319e-02
3.223726525902748108e-03
7.092198356986045837e-03
9.026434272527694702e-03
5.157962441444396973e-03
7.092198356986045837e-03
4.513217136263847351e-03
3.223726525902748108e-03
6.447453051805496216e-03
9.671179577708244324e-03
4.513217136263847351e-03
4.513217136263847351e-03
3.868471831083297729e-03
1.934235915541648865e-03
7.092198356986045837e-03
4.513217136263847351e-03
1.934235915541648865e-03
7.092198356986045837e-03
1.289490610361099243e-03
7.092198356986045837e-03
2.578981220722198486e-03
4.513217136263847351e-03
4.513217136263847351e-03
7.092198356986045837e-03
5.802707746624946594e-03
2.578981220722198486e-03
6.447453051805496216e-03
4.513217136263847351e-03
5.802707746624946594e-03
2.578981220722198486e-03
3.868472063913941383e-03
4.513217136263847351e-03
7.736944127827882767e-03
1.031592488288879395e-02
