1.374885468976572156e-04
9.165903611574321985e-05
4.582951805787160993e-05
4.582951805787160993e-05
4.582951805787160993e-05
9.165903611574321985e-05
4.582951805787160993e-05
4.582951805787160993e-05
9.165903611574321985e-05
0.000000000000000000e+00
0.000000000000000000e+00
0.000000000000000000e+00
9.165903611574321985e-05
9.165903611574321985e-05
0.000000000000000000e+00
0.000000000000000000e+00
4.582951805787160993e-05
4.582951805787160993e-05
0.000000000000000000e+00
4.582951805787160993e-05
4.582951805787160993e-05
9.165903611574321985e-05
9.165903611574321985e-05
4.582951805787160993e-05
4.582951805787160993e-05
0.000000000000000000e+00
1.374885468976572156e-04
0.000000000000000000e+00
4.582951805787160993e-05
4.582951805787160993e-05
0.000000000000000000e+00
0.000000000000000000e+00
0.000000000000000000e+00
4.582951805787160993e-05
0.000000000000000000e+00
9.165903611574321985e-05
4.582951805787160993e-05
0.000000000000000000e+00
0.000000000000000000e+00
0.000000000000000000e+00
9.165903611574321985e-05
9.165903611574321985e-05
0.000000000000000000e+00
1.374885468976572156e-04
0.000000000000000000e+00
0.000000000000000000e+00
4.582951805787160993e-05
4.582951805787160993e-05
0.000000000000000000e+00
0.000000000000000000e+00
0.000000000000000000e+00
0.000000000000000000e+00
4.582951805787160993e-05
4.582951805787160993e-05
0.000000000000000000e+00
0.000000000000000000e+00
4.582951805787160993e-05
1.374885468976572156e-04
4.582951805787160993e-05
4.582951805787160993e-05
0.000000000000000000e+00
1.374885468976572156e-04
4.582951805787160993e-05
4.582951805787160993e-05
9.165903611574321985e-05
4.582951805787160993e-05
1.374885468976572156e-04
0.000000000000000000e+00
4.582951805787160993e-05
9.165903611574321985e-05
4.582951805787160993e-05
4.582951805787160993e-05
9.165903611574321985e-05
0.000000000000000000e+00
1.374885468976572156e-04
9.165903611574321985e-05
9.165903611574321985e-05
0.000000000000000000e+00
9.165903611574321985e-05
1.833180722314864397e-04
1.374885468976572156e-04
9.165903611574321985e-05
2.291475684614852071e-04
9.165903611574321985e-05
9.165903611574321985e-05
3.666361444629728794e-04
2.291475684614852071e-04
4.582951805787160993e-05
2.291475684614852071e-04
2.749770937953144312e-04
3.208066045772284269e-04
3.666361444629728794e-04
5.041246768087148666e-04
5.499541875906288624e-04
1.145737827755510807e-03
1.099908375181257725e-03
2.016498707234859467e-03
4.720440134406089783e-03
1.507791038602590561e-02
