3.467406495474278927e-04
6.934812990948557854e-04
5.201109452173113823e-04
1.733703247737139463e-04
8.668516238685697317e-05
9.535367717035114765e-04
3.467406495474278927e-04
4.334258264862000942e-04
5.201109452173113823e-04
4.334257973823696375e-04
1.733703247737139463e-04
6.067961221560835838e-04
3.467406495474278927e-04
2.600554726086556911e-04
3.467406495474278927e-04
4.334257973823696375e-04
4.334257973823696375e-04
6.067961221560835838e-04
2.600554726086556911e-04
4.334257973823696375e-04
6.067961221560835838e-04
1.733703247737139463e-04
6.934812990948557854e-04
5.201109452173113823e-04
1.733703247737139463e-04
1.733703247737139463e-04
3.467406495474278927e-04
7.801664760336279869e-04
7.801664760336279869e-04
7.801664178259670734e-04
7.801664760336279869e-04
6.934812990948557854e-04
9.535367134958505630e-04
8.668515947647392750e-04
6.067961221560835838e-04
9.535367717035114765e-04
6.934812990948557854e-04
6.934812990948557854e-04
1.126907067373394966e-03
1.560332952067255974e-03
2.080443780869245529e-03
1.647018129006028175e-03
2.427184488624334335e-03
2.253814134746789932e-03
4.507628269493579865e-03
4.160887561738491058e-03
7.194868288934230804e-03
9.795423597097396851e-03
2.167128957808017731e-02
9.218966960906982422e-01
