6.434541344642639160e-01
7.687118649482727051e-02
4.002848640084266663e-02
2.736029401421546936e-02
1.742813363671302795e-02
1.435478497296571732e-02
1.394250616431236267e-02
1.056931912899017334e-02
8.358007296919822693e-03
8.020689710974693298e-03
6.933772936463356018e-03
6.184176076203584671e-03
5.209700204432010651e-03
5.059780552983283997e-03
4.235223866999149323e-03
4.647501744329929352e-03
5.172220058739185333e-03
4.197743721306324005e-03
3.448146861046552658e-03
3.747985232621431351e-03
3.598066046833992004e-03
3.523106686770915985e-03
2.885948866605758667e-03
2.623589942231774330e-03
3.373187035322189331e-03
2.998388372361660004e-03
2.810989040881395340e-03
2.885948866605758667e-03
2.848469186574220657e-03
2.548630116507411003e-03
2.548630116507411003e-03
2.023912267759442329e-03
2.136351773515343666e-03
3.035868285223841667e-03
2.473670523613691330e-03
2.136351773515343666e-03
2.211311366409063339e-03
2.136351540684700012e-03
2.736029447987675667e-03
2.623589942231774330e-03
2.173831686377525330e-03
2.586110029369592667e-03
2.361231017857789993e-03
2.810989040881395340e-03
3.148308023810386658e-03
3.598066046833992004e-03
3.972864709794521332e-03
4.160264041274785995e-03
4.872381221503019333e-03
6.933772936463356018e-03
