4.572211635056836615e-04
1.249106008341673534e-04
3.723373425748762995e-05
1.496839819280025378e-05
2.190079699940464144e-05
9.471899975739395721e-06
1.625666194687682686e-05
8.142757539548535589e-06
1.597016318988583742e-05
5.472301267756290880e-06
5.415589517282153727e-06
6.697502335531397487e-06
2.144195088306882787e-05
9.474249442207253986e-06
1.578826924306086569e-05
1.328266975039543020e-05
3.775984131960025180e-05
1.321869562728705659e-05
1.580187417589363615e-05
1.356425877054918739e-05
3.810313364924139748e-05
1.314802689214806631e-05
1.581407369740565902e-05
8.257749330357721233e-06
1.648796898954104780e-05
1.331137705904260411e-05
3.686903402236841411e-05
1.605166520685412111e-05
2.732027780031223319e-05
1.499925704850405549e-05
3.239947023291941529e-05
2.041338391226014940e-05
4.823664546700192680e-05
2.255234321027595814e-05
4.298322972301668306e-05
1.986413580501172831e-05
3.772775068512631083e-05
3.506782131991469548e-05
1.004868812590853995e-04
6.511476215390057877e-05
1.618863379445367495e-04
9.338942223923178861e-05
2.124984174644792560e-04
1.365321193162509711e-04
3.325591282608993636e-04
2.832887337515859415e-04
8.065853749074147544e-04
1.731953371212441306e-02
6.926619802919016522e-02
