3.404808011836633796e+03
8.596957367378398658e+02
9.265430411486423878e+00
8.710379330010125543e+00
2.564822448446518521e+01
7.518252123261215836e+00
4.641599550819488051e+00
2.870484808147544697e+00
6.891631859935867688e+00
5.830817075415155593e+00
1.586430102930394348e+01
6.335587435344411489e+00
8.981082166461350269e+00
6.999690313365535488e+00
1.806921246162156791e+01
7.969069805544775953e+00
1.347735163022830740e+01
7.869893439474547669e+00
1.832198018990649757e+01
7.502618983812245013e+00
1.143718077808734357e+01
6.240723052396705661e+00
1.381109266131186253e+01
4.664088634598932970e+00
4.687484967634393485e+00
5.153744077470674867e+00
1.637665941862265484e+01
8.013142835263735719e+00
1.629818624190843934e+01
7.996795318446404011e+00
1.588010769198836769e+01
9.111621913539984519e+00
2.055804033113401985e+01
8.792717905774317444e+00
1.371986410736963080e+01
6.166974883365035964e+00
1.140758686833632751e+01
6.221688297474900153e+00
1.388570008139530110e+01
8.563729867947174057e+00
2.061381781242003441e+01
1.153861940262560992e+01
2.564984488916699590e+01
1.410089888936821367e+01
3.180978236172796159e+01
1.699669873337882819e+01
3.514511240824268867e+01
2.525395627972703494e+01
6.983411579011202264e+01
