1.553716037801157468e-02
3.902918030349573995e-03
2.913902280645795255e-06
2.785980848826414614e-04
1.114920914749709937e-03
2.674379251647924670e-04
2.911156183023755622e-06
8.171781684550188159e-04
3.270691338647952612e-03
1.658833849726804727e-03
3.275845202702755508e-03
2.506132630748920433e-03
6.524658244065002603e-03
2.469887353238371316e-03
3.228021408803237978e-03
2.246946144669127472e-03
5.428618354809537291e-03
2.226612973572962909e-03
3.261342542752742463e-03
1.675651359764484052e-03
3.297232111775634522e-03
2.479221895868269094e-03
6.457464240205841761e-03
2.714935667460526870e-03
4.453553624682391604e-03
1.936546912921515654e-03
3.348828400358720009e-03
2.762548080876701256e-03
7.612413675352851065e-03
4.485653639637976302e-03
9.900659838415874076e-03
4.852353169231549135e-03
9.796402889082581056e-03
6.282963053730762810e-03
1.522154941046116421e-02
8.342609064968671898e-03
1.861151239726325027e-02
7.720502539780223737e-03
1.180046484437549323e-02
1.067121203481035015e-02
2.931320289640446802e-02
1.411090029698233890e-02
2.631376216478134925e-02
1.826086358457644498e-02
4.819523948039314970e-02
2.904138230056595854e-02
7.020120137771798663e-02
1.239474367730142995e-01
4.113559970040580049e-01
