1.562409526301045647e-02
3.938714933012503472e-03
3.510079681439017127e-05
2.902843299424039927e-04
1.151256430508800074e-03
2.900034690275945896e-04
1.785463948359743212e-05
8.388435606741579580e-04
3.366166890201591124e-03
1.636329172837755995e-03
3.282100227133256682e-03
2.438591155221184366e-03
6.659180227906011558e-03
2.484462274690944251e-03
3.265200417171288186e-03
2.235272299811148517e-03
5.514883118125135479e-03
2.195704166897658599e-03
3.387420163714800758e-03
1.684978797665290760e-03
3.358062021554586440e-03
2.498237714390907915e-03
6.717629772718111854e-03
2.817166647533986355e-03
4.458929344265860975e-03
1.913305529462660691e-03
3.425429488046455046e-03
2.715335002545087115e-03
7.766376093829675115e-03
4.460308137866981354e-03
1.020910147192131447e-02
5.027599487110934705e-03
9.967054447742061674e-03
6.442196057109564333e-03
1.525425936876973095e-02
8.563625930084228441e-03
1.865823613067492739e-02
7.825681543513329091e-03
1.212625075936418946e-02
1.056235122172609862e-02
2.943954519774158798e-02
1.433627971994855602e-02
2.622918649080688280e-02
1.884048206204754633e-02
4.984378609297601681e-02
3.071078879446484042e-02
7.214285894302349678e-02
1.529706452648239567e-01
5.346616226456558651e-01
