5.490740537643432617e-01
1.016291826963424683e-01
3.186160326004028320e-02
3.611455485224723816e-02
2.631068229675292969e-02
2.393748611211776733e-02
3.429241944104433060e-03
4.494875669479370117e-03
6.209496408700942993e-03
9.396811947226524353e-03
1.389168761670589447e-02
0.000000000000000000e+00
4.494875669479370117e-03
9.396811947226524353e-03
0.000000000000000000e+00
1.389168761670589447e-02
0.000000000000000000e+00
0.000000000000000000e+00
1.714620972052216530e-03
6.209496874362230301e-03
0.000000000000000000e+00
3.429241944104433060e-03
3.429241944104433060e-03
0.000000000000000000e+00
0.000000000000000000e+00
9.396811947226524353e-03
0.000000000000000000e+00
9.396811947226524353e-03
9.396811947226524353e-03
9.396811947226524353e-03
0.000000000000000000e+00
4.494875669479370117e-03
0.000000000000000000e+00
1.714620972052216530e-03
1.714620972052216530e-03
4.494875669479370117e-03
0.000000000000000000e+00
0.000000000000000000e+00
9.396811947226524353e-03
2.328849956393241882e-02
9.396811947226524353e-03
9.396811947226524353e-03
0.000000000000000000e+00
4.494875669479370117e-03
1.714620972052216530e-03
6.209496874362230301e-03
4.494875669479370117e-03
9.396811947226524353e-03
9.396811947226524353e-03
1.389168761670589447e-02
