2.035527078441410822e+02
1.041183630337158030e-02
1.019114238137860777e-02
9.955194441415366607e-03
9.711669909168751599e-03
9.446630049446722022e-03
9.273800854396708343e-03
9.055188104195440943e-03
8.851357827518580371e-03
8.625707498889500710e-03
8.464996847813629002e-03
8.287729500164703680e-03
8.103432729730899661e-03
7.899307367064335034e-03
7.772034110585579469e-03
7.604840464801240763e-03
7.454279140642594212e-03
7.267927889612133506e-03
7.152071791815410411e-03
7.015713149110949960e-03
6.844171062799946255e-03
6.744849418913736842e-03
6.609916530878121380e-03
6.483739096240527348e-03
6.340689860643887801e-03
6.243863843494721656e-03
6.133454232332078912e-03
6.016537530243216275e-03
5.882950323291300486e-03
5.806364016920850628e-03
5.699084689799739992e-03
5.598854803859793297e-03
5.482484159136299766e-03
5.406625929253008715e-03
