2.808712166108745078e+04
6.956475951711556263e+03
7.292891787659536362e+01
3.503659883423240018e+01
6.753504356269962727e+01
3.084084535812147010e+01
5.426289284917857003e+01
3.269715778705766240e+01
7.511115029778359542e+01
3.123170692890140643e+01
5.070436397088627700e+01
2.764751726605757298e+01
6.226055051452495093e+01
2.832994817781758456e+01
5.123308822776535720e+01
2.297637500753033279e+01
3.929099833561323152e+01
2.270582196552289389e+01
5.254122222856611302e+01
2.751466784084738038e+01
5.854140289086670634e+01
2.475400828335837389e+01
3.887161800087402241e+01
1.624701304678016811e+01
2.505885694497990812e+01
1.826126293543650192e+01
4.894971086435581498e+01
2.406613857673967516e+01
4.669314371870063951e+01
1.993712197748579129e+01
3.536980506387753564e+01
1.546442553060436254e+01
2.754116518644555711e+01
1.412340704392004120e+01
2.727358598103227649e+01
1.556230113593123399e+01
3.432835471114576364e+01
1.726850305305880084e+01
3.508449944908985429e+01
1.525220919250309315e+01
2.503244195802029637e+01
1.526198617875093433e+01
3.489208252262901055e+01
1.866979525602168266e+01
3.894868356217033067e+01
1.880694154360010728e+01
3.721714769393889810e+01
1.836850670439888944e+01
3.733327072979937356e+01
