1.015950920973612316e-03
3.921213799352161501e-04
2.495318121913791404e-04
1.604133033116230073e-04
2.673555055193716878e-04
1.425895994236821176e-04
1.425895994236821176e-04
2.138844044154973340e-04
2.851792199672609739e-04
1.425896099836304869e-04
2.851792199672609739e-04
1.782370177595122662e-04
1.425895994236821176e-04
1.782369966396155547e-04
2.138844044154973340e-04
2.138844044154973340e-04
1.247658955357412009e-04
1.069422022077486670e-04
1.960606899676080751e-04
1.960606899676080751e-04
2.138844044154973340e-04
1.425895994236821176e-04
2.495317910714824018e-04
1.247658955357412009e-04
1.782370177595122662e-04
1.782369966396155547e-04
2.495318121913791404e-04
1.960606899676080751e-04
2.495317910714824018e-04
2.495318121913791404e-04
2.138844044154973340e-04
3.564740355190245324e-04
3.742977077271203413e-04
3.030028921753567285e-04
5.881821121426177024e-04
3.030028921753567285e-04
5.168872965908541438e-04
4.099451366228989133e-04
5.703583976947284705e-04
5.347110110387433756e-04
1.087245694285582506e-03
8.198901887662108723e-04
1.158540552077139650e-03
1.800193765323631571e-03
2.049725514155320821e-03
2.530965508569776607e-03
5.186696891555397405e-03
1.334995092792379268e-02
3.238031576855287530e-01
