1.273639633277670491e+00
5.218384436420583361e-01
5.439502626805847729e-01
5.749067890983898810e-01
5.483726669605539783e-01
5.682732332687659982e-01
5.461614648205693756e-01
6.124968207554890576e-01
6.235527302747523315e-01
6.589316609725267559e-01
6.876769852503472613e-01
7.252669663171165126e-01
6.699874693111301793e-01
6.545092566925574395e-01
7.783353623637780938e-01
8.756273458971627344e-01
8.336148087794345019e-01
8.911055585157353631e-01
9.154285796942465137e-01
9.110061754142771973e-01
8.933167606557199658e-01
9.485962070713763739e-01
9.242731858928652233e-01
1.092322929641138751e+00
1.001664552527707919e+00
1.070211110602612425e+00
1.136546466537531996e+00
1.180770104614585092e+00
1.379776374780663728e+00
1.408521597877824494e+00
1.470434650713434710e+00
1.386409880019957797e+00
1.525714198309750858e+00
1.698186245157333962e+00
1.795478329871378342e+00
1.742409883234386836e+00
1.859602382485653571e+00
1.932571243659867211e+00
2.129366210505301726e+00
2.346061996610597333e+00
2.509689336078901878e+00
2.748496536500084630e+00
3.111130247315127662e+00
3.597590063801391125e+00
4.473217207337233603e+00
5.516894094621350497e+00
6.876769447780833211e+00
1.053848376655781927e+01
2.593271967525041433e+01
