1.413456369819335872e+06
7.791780564816090919e+04
6.014708312506341463e+04
5.331218796433013631e+04
4.921124760468414024e+04
5.467916128586624109e+04
3.964239764286357240e+04
1.503676976151396957e+04
2.733958064293312054e+04
3.554145728321757633e+04
3.144051896307534844e+04
1.777072864160878817e+04
2.050468548219984223e+04
2.187166696175101970e+04
1.366979134121844436e+04
2.050468548219984223e+04
2.323864640179842900e+04
1.230281190117103506e+04
2.050468548219984223e+04
1.093583348087550985e+04
5.467916230561812881e+03
9.568854040828098732e+03
1.093583246112362576e+04
1.230281190117103506e+04
9.568854040828098732e+03
9.568854040828098732e+03
1.777072864160878817e+04
8.201875110656632387e+03
5.467916740437754925e+03
8.201874600780689434e+03
2.733958115280906441e+03
8.201875110656632387e+03
9.568854040828098732e+03
2.733958115280906441e+03
9.568854040828098732e+03
1.230281292092291915e+04
1.366979057640453220e+03
5.467916740437754925e+03
1.366979057640453220e+03
2.733958115280906441e+03
4.100937300390344717e+03
5.467916230561812881e+03
4.100937555328316193e+03
1.366979057640453220e+03
0.000000000000000000e+00
2.733958115280906441e+03
0.000000000000000000e+00
0.000000000000000000e+00
0.000000000000000000e+00
