2.526442189455437529e+03
1.067997296409002733e-01
1.040664739176418579e-01
1.016015360379258492e-01
9.914641488907870170e-02
9.670427537777231963e-02
9.450430642872498233e-02
9.230269062417105486e-02
9.018717132146426840e-02
8.833640934229403108e-02
8.615854873839937089e-02
8.425458136596326864e-02
8.240747190989980431e-02
8.056768590067012181e-02
7.890622950196649055e-02
7.723524158200688328e-02
7.556687575042367322e-02
7.405936354034552138e-02
7.254838741351748999e-02
7.108133816722687903e-02
6.960369476386454868e-02
6.828161020354897581e-02
6.694164024041325545e-02
6.564656779052972790e-02
6.433801688636045513e-02
6.316278307558889638e-02
6.197750252619615985e-02
6.096227130824610069e-02
5.970029237376588138e-02
5.861047424189460425e-02
5.754884586014724634e-02
5.647714313884842630e-02
5.551652496160840861e-02
5.454274574078083609e-02
