1.732130900713200617e+03
2.553445498491313265e+04
3.586411327252454939e+05
4.773405724046252544e+03
4.574281322674714465e+04
1.693226072174701374e+06
4.321784484567589288e+02
6.431711782194835905e+03
9.083474042921641376e+04
1.203450085618239200e+03
1.174140025272818275e+04
4.285310557869688491e+05
1.315299206203125459e+00
3.105598415090296882e+01
7.622997806736711937e+02
4.788874075564791610e+00
6.847287858615092659e+01
3.919718226927715477e+03
1.262631998599375693e+00
1.353541185743189246e+01
3.651765292295391987e+02
1.910911668572683020e+00
3.978337285934641443e+01
1.905196607077815997e+03
3.667718993092325963e+00
2.453216990165803324e+01
6.951712550734595197e+02
2.853572411657133934e+00
8.824113688225286012e+01
3.796218928815949766e+03
1.929713167446824862e+00
1.180978210349636548e+01
4.042826283807627874e+02
1.423576105544688497e+00
4.549052585967174167e+01
1.815486008870639353e+03
4.058719159435644208e+00
2.160123871384929473e+01
9.434999506827751929e+02
2.776756419068438397e+00
9.852390708166622346e+01
3.684967953407720415e+03
1.328369540359557899e+00
1.213423086797328665e+01
4.243259408564915134e+02
9.438355770092778929e-01
3.739611427681386857e+01
1.557994789228623631e+03
1.324282245646793754e+00
2.716519676358324631e+01
7.391059827060751104e+02
9.288788900956312933e-01
5.040366798953359506e+01
2.463933487976637934e+03
8.494991611702659151e-01
1.474490533231407596e+01
3.633566729929684129e+02
4.708077814732378741e-01
3.487231633328820379e+01
1.175699864220164955e+03
2.021794194256311794e+00
3.145914302548151653e+01
6.817122667354390160e+02
9.282400536514611167e-01
9.049406987167633076e+01
2.379302398855465526e+03
1.330401984474367527e+00
1.350994795211019905e+01
3.284190242676259004e+02
9.231143743727828754e-01
3.513001249537758497e+01
1.337586394989396240e+03
3.358223721400472872e+00
2.177007843942325493e+01
5.987078812078549390e+02
2.777116476708858528e+00
5.031828762144989753e+01
2.973297795489428154e+03
1.276350912954034245e+00
1.306577799540518292e+01
3.133077088199371474e+02
9.422554381132650647e-01
3.012070198268379428e+01
1.399015254908594216e+03
1.639210092121829554e+00
2.986790665362208586e+01
6.719004929986423349e+02
9.544811819540147679e-01
6.757141178771399836e+01
2.650333467469259176e+03
7.459119360198155357e-01
1.305158056336584771e+01
3.092687010772791609e+02
9.556155370886553202e-01
3.955158931414324996e+01
1.153054099455763435e+03
1.356124839492553358e+00
2.180071496817165055e+01
5.655839174922300572e+02
2.792830847116112736e+00
9.075923011468516677e+01
2.003917900458639451e+03
6.648589267807597514e-01
1.121080012731462361e+01
2.796700055167374899e+02
1.621938270177419206e+00
3.239942495217121632e+01
1.132714969882061268e+03
1.328927007365831470e+00
2.276612773130964484e+01
5.478841570699448766e+02
3.792617845287368894e+00
3.667049200421760702e+01
2.436843318263517176e+03
9.277033662988871665e-01
1.086899916401055499e+01
2.976767467997542553e+02
1.410099674686362103e+00
1.922949486989604750e+01
1.216867542956877514e+03
2.287069784015583362e+00
2.037821842118804128e+01
6.662524881900940272e+02
1.904153168157535214e+00
3.961388401110691149e+01
2.352619095930941057e+03
1.410348434292284958e+00
1.037138215722468182e+01
3.407987218783486583e+02
1.636123184564909794e+00
2.245369691103121923e+01
1.181841428033195825e+03
3.328397046301287077e+00
2.140469711303359546e+01
7.213261527493916674e+02
4.798351591996479648e+00
4.824155218017261149e+01
2.438262841923000906e+03
1.220968133631370467e+00
1.286862745912193695e+01
2.884635213641143991e+02
1.160363014915907209e+00
1.957693373002151205e+01
9.614830020264749919e+02
1.638775969255117371e+00
3.011214739716054467e+01
4.396013232800394235e+02
1.959652138038078112e-02
3.117716847629237620e+01
1.407738426315600236e+03
8.967188434317167056e-01
1.319362183867289851e+01
2.319947255967743445e+02
4.771924858338765230e-01
1.792656531329630809e+01
8.264119457544953775e+02
1.999502388811672970e+00
2.314634336901550782e+01
4.583859535821030704e+02
1.911511396919031158e+00
3.980479040390758172e+01
1.887384934337871073e+03
7.631678002991493237e-01
1.280214711589997378e+01
2.437186121913943282e+02
4.632215687717929353e-01
2.100110818872058616e+01
1.004160591984050029e+03
9.880567277975431661e-01
2.886440397613007391e+01
4.805217354971954364e+02
1.931084425129300439e-02
4.341407246839906975e+01
2.113631010314619289e+03
5.918854847363695937e-01
1.069210304482905727e+01
2.377895214573406975e+02
7.199399727412474359e-01
1.965346159271030402e+01
7.568767366812792261e+02
1.311940843210771312e+00
1.419839464128354045e+01
4.353041701222937832e+02
2.832736649909517901e+00
3.426786915307198456e+01
9.402270636560685944e+02
8.497300824238368522e-01
1.043270762188940637e+01
2.784207918697399577e+02
7.146273448803840411e-01
1.889619577507199466e+01
7.359115010643214418e+02
1.999059289528008154e+00
2.790444835912436261e+01
6.819452845152363807e+02
1.987190820605732808e-02
3.934189390091026439e+01
1.982888608977031254e+03
6.753497173788901575e-01
1.345123204535746986e+01
2.833265819302138766e+02
1.169594094364969417e+00
1.578820777630428296e+01
7.553597897953284246e+02
6.631960413907393992e-01
2.722767301963714104e+01
4.156881172032398126e+02
4.762118252843943189e+00
2.249153710655974692e+01
1.069027461415702874e+03
3.407603625689502591e-01
1.115979291898458570e+01
2.265099507934512246e+02
2.402503923093318061e+00
1.389063582765418303e+01
5.685326649692651699e+02
6.715212408810748990e-01
1.736340896584065874e+01
4.819628605371144658e+02
4.752216462635816541e+00
3.484898028892856559e+01
1.183101739166584821e+03
8.384757877533028925e-01
1.096305332356050677e+01
1.752326684351012318e+02
1.648123564450496348e+00
1.272899582851263922e+01
6.077782046583782858e+02
2.679894575876884844e+00
2.600673744905143181e+01
2.207346995068212436e+02
1.846284544989418075e+00
1.675032404878619730e+01
1.269959118857456133e+03
8.253641669460843877e-01
1.110495559733927706e+01
1.379745261216463348e+02
6.933182825355739265e-01
9.179389868962408272e+00
4.922061897690086880e+02
6.679290061134361967e-01
1.756197539659724427e+01
3.310589124964847656e+02
9.347491149110631614e-01
2.008921516839748023e+01
7.122052013211391568e+02
6.789877459980501184e-01
1.127571402385805577e+01
1.904063181272883867e+02
4.823641888152403467e-01
1.007814040168182679e+01
4.087445855465191471e+02
2.008926126733719286e+00
2.760784190118864956e+01
4.188433086243722983e+02
9.352737948418531344e-01
2.005804798813644041e+01
9.392974174540263448e+02
8.256497959278633614e-01
1.258389337693714971e+01
1.328233108869394528e+02
1.423158018843655670e+00
1.047631155450163121e+01
3.725928494471736485e+02
1.318865148158550271e+00
2.332948664936569472e+01
1.085026556884439373e+02
4.730869401163207755e+00
2.287079895151189746e+01
5.865931079626892597e+02
8.493082403684618642e-01
1.396148062670020451e+01
3.901238932923422453e+01
2.776408306164962259e+00
7.910001230504948744e+00
2.580982453134498087e+02
1.988706567473222275e+00
3.395314603347954119e+01
4.433966469974809144e+01
6.599800125132817996e+00
8.484587558905632321e+00
4.781557666417520522e+02
1.167944199079520962e+00
2.118419235291769809e+01
6.174352572916835413e+01
3.081061844779751979e+00
4.364909020406668283e+00
2.676663268860302196e+02
2.694747916310045621e+00
5.284701983573269501e+01
2.040504678542015427e+02
5.567237999290980177e+00
8.499338956567472181e+00
5.824734717641895259e+02
