4.190718953683382486e-02
1.214837596239056600e-01
1.577405366451319346e-01
5.179540536044763277e-02
2.966463965503342015e-01
2.007464166427106733e-01
2.668248037972728928e-03
6.278230563495393671e-03
1.192863738652636535e-02
3.453026983845024211e-03
2.338640990967434663e-02
1.130081458718241484e-02
2.040424959724129912e-03
5.650407682201284698e-03
1.506775275416185646e-02
1.883469171624977496e-03
2.511292141251686427e-02
1.491079643493060242e-02
2.982159666264663951e-03
7.533876909601713509e-03
1.946251376360729271e-02
4.394761569657513502e-03
3.248984258042587892e-02
1.804991357214155365e-02
4.080850276118800149e-03
6.749097578586449493e-03
1.867773555325373189e-02
4.237805763055623766e-03
3.594286893932548826e-02
2.401423283945789203e-02
5.179540350967125860e-03
1.130081536440256940e-02
2.479900963596550281e-02
5.650408022472629653e-03
4.740063883080412183e-02
2.966463709966866980e-02
6.592141875772114697e-03
1.349819515717289899e-02
3.688460367505107945e-02
5.650408022472629653e-03
6.074187916950735122e-02
3.908198331122078595e-02
8.789523452150930019e-03
1.506775381920342702e-02
4.159327293717243745e-02
1.020212489113433464e-02
8.946478420869861947e-02
5.101062184585346271e-02
1.396906451645913740e-02
2.668248091601210098e-02
6.953140046699468613e-02
1.569557659940737718e-02
1.448701632188671984e-01
7.910570817703775626e-02
3.986676413127152041e-02
5.085366797277535850e-02
1.433006078170968312e-01
3.421635670245337657e-02
2.815786558163117514e-01
1.648035379018390478e-01
1.403812335196464867e+00
4.747283989850142660e+00
2.173523416890038362e+00
2.042936198038428852e+00
6.163338867101034069e+00
3.089674201037956980e+00
