6.360888987059514875e+03
1.619701464281990957e+04
1.143712742011643786e+04
5.521341197193790140e+04
1.352418027203188394e+05
8.319910968743947160e+04
1.613530250071874889e+03
4.006380524013616196e+03
2.807761513074472987e+03
1.428408549947652864e+04
3.307672622187184606e+04
2.173942458789045850e+04
2.899695589757580194e+01
4.778635132525147355e+01
3.605251340938637838e+01
1.711609836935375597e+02
5.493558003262104421e+02
3.647971012873520067e+02
1.304214240730360963e+01
2.379190475049592379e+01
1.844307146099734851e+01
8.591786914432874767e+01
2.673066357803875235e+02
1.786042489193792733e+02
2.265357627802326590e+01
4.590415457102918140e+01
3.785542194551982931e+01
1.772484707792283132e+02
5.433335291747420115e+02
3.692485397853721452e+02
1.202930872110542637e+01
2.057509990365383601e+01
1.743236005202691530e+01
8.820744955445950097e+01
2.570496852610467045e+02
1.578750533504198472e+02
2.722918509511401197e+01
3.604732906196609576e+01
3.095347222558321221e+01
1.708509642738145828e+02
4.846622453022713444e+02
2.423742338483451704e+02
1.169717019606847508e+01
1.862799547560333835e+01
1.803976304360544702e+01
8.020598829910778704e+01
2.392959218502666658e+02
1.406817773685114616e+02
2.031968617021703238e+01
3.793482340665789820e+01
4.057097283509713037e+01
1.545635519966974414e+02
4.678333019456604802e+02
3.132054668604656058e+02
7.382009162009070202e+00
2.149648426635356557e+01
1.855291873874016062e+01
7.867593885898976680e+01
2.309956671546561893e+02
1.394097687296449237e+02
9.059811079642232201e+00
4.810101928700153451e+01
3.525768473415926962e+01
1.547096802281919565e+02
4.525434908386518487e+02
2.516644884764229744e+02
6.028828716658166442e+00
2.078190954838198934e+01
1.160487493336122000e+01
6.860286838400860177e+01
2.287059781939461516e+02
1.236165196821952037e+02
1.544338118782406966e+01
3.323352753149899286e+01
1.097903465439219062e+01
1.252889238461459200e+02
4.653196694206345114e+02
2.471554873799720724e+02
5.441019222942227174e+00
1.365316839630972900e+01
1.246038416456702613e+01
6.354443616361394476e+01
2.064943219586512555e+02
1.155927643129005560e+02
6.634930135705664256e+00
2.025184671491138744e+01
3.708491410410029943e+01
1.282739983954932939e+02
3.789320313540385996e+02
2.223572746450622049e+02
6.113410094127961436e+00
1.398723316952620976e+01
1.592822746748205986e+01
7.996062794551326647e+01
1.962367414424140861e+02
1.142487594719875403e+02
1.752838407678319399e+01
3.651437372546350701e+01
2.486508022867735335e+01
1.857218702559883923e+02
3.927083931784485458e+02
2.364200021119587802e+02
9.251942058071396247e+00
1.881455893996054130e+01
1.412885193608606649e+01
8.533125765879928792e+01
1.897266054144304235e+02
1.205720846216828051e+02
2.003657319801700964e+01
3.906508580860790403e+01
3.114436845337442961e+01
1.526048928060480705e+02
3.653669541264135319e+02
2.558584519998103133e+02
8.481049905274545608e+00
1.855978735544408309e+01
1.516021089061748306e+01
7.085574654642256576e+01
1.926023615315622521e+02
1.221910233011737006e+02
1.324551856008237927e+01
3.375885062306018369e+01
3.092460302744098755e+01
1.306221096874274394e+02
3.907293556277715538e+02
2.363456062161998545e+02
8.324161493449560467e+00
1.665647182640340063e+01
1.917743308970162275e+01
6.488539345494000088e+01
1.841043754548318816e+02
1.204412717324606916e+02
1.967023253074687617e+01
3.107340800813079440e+01
4.423050189323592463e+01
1.352328340122374186e+02
3.632433703949158712e+02
2.368796661730330015e+02
1.192423328116093195e+01
1.940561552458003192e+01
1.890482682815789062e+01
6.558902040493667585e+01
1.676994139432283646e+02
1.070727106896190008e+02
2.701823906397477870e+01
4.596797167849340582e+01
3.080639577742202562e+01
1.273861334540428487e+02
3.128160189164005374e+02
1.859062971785891705e+02
9.286769552260334848e+00
1.942180589682205749e+01
1.521016313433503875e+01
7.278758893380990003e+01
1.523150823017552682e+02
9.652399440792379437e+01
1.121877135454558783e+01
3.327964692454093409e+01
2.842121645460832724e+01
1.670485511441602853e+02
3.006583454492381975e+02
1.962160202979303278e+02
9.418065647995305767e+00
1.789576853800878808e+01
1.714848224421497491e+01
8.330981588895942025e+01
1.452760879343172178e+02
1.003156058339157397e+02
2.659405053108287120e+01
3.929296346817146457e+01
3.915526304004735181e+01
1.594446603752707290e+02
2.741329520014983245e+02
2.057498905428762441e+02
9.393967074060787681e+00
1.523573999232256071e+01
1.825521842513127879e+01
7.227752755485245473e+01
1.486650895530588059e+02
9.758481401528646870e+01
1.109866759482537191e+01
2.217788833749630584e+01
3.319851611235648647e+01
1.298013879757078257e+02
3.208617641252558883e+02
1.858133510360362664e+02
8.281269020518461588e+00
1.235493061844128526e+01
1.537281560162720417e+01
7.275888373226551664e+01
1.487213623723013995e+02
9.845355801141830909e+01
2.244996670174657538e+01
2.754897574749146472e+01
2.834956071264071298e+01
1.598684550958275281e+02
2.749997879966205119e+02
2.076086317580240177e+02
9.436151813789630083e+00
1.768879288449047849e+01
1.520013670209026557e+01
7.385347664391873934e+01
1.414704651582895281e+02
9.177121966726986102e+01
1.554438389648851881e+01
4.589452766561753805e+01
3.142967108358163486e+01
1.460828714725187467e+02
3.049813332635067127e+02
1.582108595906605615e+02
7.586917067990627928e+00
2.384369733251543622e+01
1.489321128071401290e+01
7.697027582309188176e+01
1.425028701993101947e+02
8.032193886911002778e+01
1.544993722425119742e+01
5.214942809229216181e+01
2.851152010005263193e+01
1.716801346405677862e+02
2.772698433409797758e+02
1.597813101614167692e+02
8.346798870646773949e+00
2.396745377458648818e+01
1.126118710391303068e+01
9.151446675390283758e+01
1.289395601992727904e+02
8.820201104189926866e+01
1.797010334278600396e+01
4.385242008539361791e+01
1.527182235084508477e+01
1.877096656589086194e+02
2.254220397232089681e+02
1.948709592171839802e+02
1.193002336982472933e+01
2.304548230999603931e+01
1.013249720999879422e+01
1.036862544380453954e+02
1.103587379640527644e+02
9.446697444157291557e+01
2.912262532751430300e+01
4.760769604871056515e+01
2.399537503228503610e+01
2.150350092996801266e+02
2.087339146644699497e+02
1.818437858415686890e+02
1.195781309358125633e+01
2.645943210224170272e+01
1.519760378708313375e+01
1.154495840590692950e+02
9.699252701188896708e+01
9.338823949187577966e+01
2.043555580778266290e+01
5.908578059076340594e+01
3.710382514850912372e+01
2.371312065023425077e+02
1.742844030633220882e+02
1.933906988078884126e+02
1.290143518365264619e+01
2.744080309423231157e+01
1.496710975777483377e+01
1.265335120372775890e+02
9.257722909391327448e+01
9.407868386551277240e+01
3.084021749412298519e+01
5.167544849280003660e+01
2.207398408093727582e+01
2.541127046576283419e+02
1.951384490673371204e+02
1.763760526553509749e+02
1.270936135880238105e+01
2.919924707565111888e+01
1.696876800600690061e+01
1.337659139106051498e+02
8.447184016233707382e+01
8.604808013639369335e+01
2.021736968716114191e+01
6.429871212098942124e+01
4.600100948914766263e+01
2.984504443707357950e+02
1.412150855479404470e+02
1.562104949400703333e+02
1.052342550216996386e+01
6.362288766590684475e+01
2.772868963500047101e+01
1.794994165045065131e+02
6.342002689712987262e+01
8.638636718604116993e+01
2.267977736772801123e+01
1.852384837543041272e+02
6.198032198583626240e+01
4.239082905806996564e+02
1.041108583456534831e+02
1.817443136903075072e+02
