8.197628647180303652e-02
3.249720337203006792e+00
5.163514826516650835e+00
6.831321686799628201e-02
2.373435319922787556e+00
5.216436989449237949e+00
2.101531793239149945e-02
8.435415546519915431e-01
1.304403810511420181e+00
1.783416998943324061e-02
6.121397096374149305e-01
1.372246376101752041e+00
2.942470784731643363e-03
6.386760438349961544e-02
2.006378826819273375e-01
3.004938778834160325e-03
1.130827824418106226e-01
3.808689122706620522e-01
1.474980736605932584e-03
3.806611180555630886e-02
1.114887422575846915e-01
7.731776743221625619e-04
6.161584726351336527e-02
1.836847943764249314e-01
2.949530473125979921e-03
9.105972648013122006e-02
2.401614573090191940e-01
6.870710953220043439e-06
1.320848009164064529e-01
3.602520132834522437e-01
2.905625121385684712e-03
3.668934934003748732e-02
1.332403655907921924e-01
7.412607377893344965e-04
7.271307001096993794e-02
1.928520869863658838e-01
8.623779466827262430e-03
5.886114545381417040e-02
2.900017518433518071e-01
2.976127849671789376e-03
1.573216884879669319e-01
4.256544126036396203e-01
5.167985196938620733e-03
3.592843541986594225e-02
1.401032470732589685e-01
7.591226784743122010e-04
7.531942537174024510e-02
2.094588230095752457e-01
1.167486673539352808e-02
8.501151023461665790e-02
2.568833691884443438e-01
6.746787308468767145e-06
1.522026944610339882e-01
4.406505403801613263e-01
5.875062867428503498e-03
4.039329316457691832e-02
1.170683963835589675e-01
7.395237829720061700e-06
7.920333314228432398e-02
2.417335469160116490e-01
1.160862933469092653e-02
7.625372551224988971e-02
2.061586162513950604e-01
7.338936994655638539e-06
1.586479592463392596e-01
5.217251682673093027e-01
5.160893154148531344e-03
3.943732047671791308e-02
1.320517614568246789e-01
6.829743783112824069e-06
7.918452320829302837e-02
2.352342191348180955e-01
8.673358211579353799e-03
8.162899924847234756e-02
3.104389639256559530e-01
6.853935693150292784e-06
1.589657160486147025e-01
4.460768147397669581e-01
5.148678389713734656e-03
3.811912729114745602e-02
1.618749806899400234e-01
7.518701342801844883e-04
8.954317365965921982e-02
2.245854923427204886e-01
1.133987366424115718e-02
6.911005089559608960e-02
3.408371753874351318e-01
3.062900792721454362e-03
1.913163227993233406e-01
4.448930841168056705e-01
5.819827081984515170e-03
3.247438172736064749e-02
1.693548749586423485e-01
7.656938150882618751e-04
8.911025354355257833e-02
2.228473722302746207e-01
1.143601668568727803e-02
6.033001026753889717e-02
3.243681639329028532e-01
7.005038779005308372e-06
1.715612888718230089e-01
4.712406310958570099e-01
7.786077713646612046e-03
3.496022336352419546e-02
1.803842055955820478e-01
7.707263253719042308e-04
8.934406724765642238e-02
2.804682484477679094e-01
2.057830794631012455e-02
8.115046304636241992e-02
3.842472201948558541e-01
3.038707252686029519e-03
1.850714218600371386e-01
6.494710653593763761e-01
1.097953225618101929e-02
4.416201896137676719e-02
2.019177380398354815e-01
1.535659476407592611e-03
9.767605985621154174e-02
2.821930380846592867e-01
2.292945700701306405e-02
9.747371639651231101e-02
4.029842668194159594e-01
2.993842846433072101e-03
2.012806153228693107e-01
4.991069596762803262e-01
1.207032428027500492e-02
5.036581226376941889e-02
2.191467414267055103e-01
1.493138931097327685e-03
1.070927637121592696e-01
2.821028434311351751e-01
2.661574491397052447e-02
1.031062454381617005e-01
5.003357762036668710e-01
3.025315335488595880e-03
2.244920726054911997e-01
6.302148725183090994e-01
1.150211618679323512e-02
5.365348104742773822e-02
2.370132230401033879e-01
3.114544301913165381e-03
1.064154967368538679e-01
3.261718023112092912e-01
2.040683289665856312e-02
1.113402542374072601e-01
4.566788071705597529e-01
8.999787604107880451e-03
2.171101693626496798e-01
6.598737597440830216e-01
1.295447241072224427e-02
5.251057838678788170e-02
2.577595916417338429e-01
4.469328356613220567e-03
1.109509230698691729e-01
3.403613574038802381e-01
3.236016455220436239e-02
9.589232552022754208e-02
5.602711178809656190e-01
9.151351913567839710e-03
2.361169011394358419e-01
7.147879558136535083e-01
1.604763193750591635e-02
4.898208358180514838e-02
2.722452388911829613e-01
8.494439414574993588e-03
1.226188477856727660e-01
3.371512333607301071e-01
3.158877132414007055e-02
9.694264946930457316e-02
5.367950047476240938e-01
2.459134325836316928e-02
2.693300623728845378e-01
6.358976897932411276e-01
1.992229775126527769e-02
5.358745485772768713e-02
2.761631039907619378e-01
1.074771150726539642e-02
1.457108611644570006e-01
3.630711934522281581e-01
4.730782203889584425e-02
1.153340802343650051e-01
5.493232861352077556e-01
1.845108674867607101e-02
3.116731473873438629e-01
7.866898348938430319e-01
1.987433601130805458e-02
4.394754821693751257e-02
3.089544730849384524e-01
1.070090085280183886e-02
1.645434168746259251e-01
3.997993231305287942e-01
3.442560300956241937e-02
6.098977232078541671e-02
6.911000215055229656e-01
2.415173303976420396e-02
3.470802351779609940e-01
7.987419893575468111e-01
2.089056784901755642e-02
4.942488204560208098e-02
3.777110903010351128e-01
1.505327766927747925e-02
1.917685464296210174e-01
4.284964153727433556e-01
4.899857446054078913e-02
1.350862279351837114e-01
8.015259657145805683e-01
3.704491737521165701e-02
4.080391603678646950e-01
8.952831114155492820e-01
2.137371331350407591e-02
7.962849308422707828e-02
4.739950496474631403e-01
1.991252023420923487e-02
2.272128293377221608e-01
4.595466275640372467e-01
3.460081165316863938e-02
1.739663688237818306e-01
1.042415239266143212e+00
4.344668886706352234e-02
4.772714446980464431e-01
9.167817934908273347e-01
2.271227624877830698e-02
1.030199367891478507e-01
5.576206799737631892e-01
2.468757530504413211e-02
2.342367005916953515e-01
5.558564390058183813e-01
5.599038127977219031e-02
2.292681828331879224e-01
1.146545851595563770e+00
5.526658922999629076e-02
4.905044809811611173e-01
1.252607034850634848e+00
3.065411746035063070e-02
1.355210086422431182e-01
6.717758014248540466e-01
3.113588207155746843e-02
2.715148324833461246e-01
6.910506703114450699e-01
7.032921586710554063e-02
3.020061586038286228e-01
1.530493927578928659e+00
6.707376757597008354e-02
5.985700297866262121e-01
1.433864229371397236e+00
4.394766183279812805e-02
1.700902469411487150e-01
8.655111162196954533e-01
3.691204939975641086e-02
3.195221573906165125e-01
8.895687570868469063e-01
1.044696214888588548e-01
3.713178405865457665e-01
1.922017845604038655e+00
7.906839898627135432e-02
6.737136626402412398e-01
2.111523088516709112e+00
4.554895242445263642e-02
2.306652937450655583e-01
1.032012042365875182e+00
5.292125141419172507e-02
4.030848672373362751e-01
1.166297174868004438e+00
7.849811320359320610e-02
5.455399262059170695e-01
2.283858094318959253e+00
1.345387398430497872e-01
9.058297533777308619e-01
2.529473742274306769e+00
4.566377143554133100e-02
3.227593146843124594e-01
1.332252647052029060e+00
8.218376731495907750e-02
5.716482904927430164e-01
1.498224684770809167e+00
1.058414912798033847e-01
7.478900704196465021e-01
2.885448672225539024e+00
1.825049810009263529e-01
1.355569345354883160e+00
3.475353258829782632e+00
1.151722096459675132e-01
1.416062295078842181e+00
2.279728582034610262e+00
2.892840942463356657e-01
1.239866224357074165e+00
3.425393472649478799e+00
3.450933460116177853e-01
4.739158162682661768e+00
6.433497992349462180e+00
9.941546625910951951e-01
3.487525203763580883e+00
1.011089265553828298e+01
