4.832244267680350092e-01
6.051003298106773620e+00
1.442967309498342132e+01
2.445462861172826852e-01
7.229920748747749926e+00
1.757864846486626220e+01
6.893984906259330303e-02
1.631556367638963556e-01
7.834946251048112709e-01
2.924884359234523890e-02
4.530557050102076988e-01
1.099256361252743286e+00
5.192683225445874490e-02
8.928162768234633451e-02
9.919360332889880505e-01
3.538467833664359075e-02
5.068609765044613802e-01
1.124078578299792852e+00
7.383727609258484981e-02
1.889891009805169941e-01
1.159939228667346223e+00
5.525558652421321687e-02
6.224469487304837845e-01
1.251324767863812637e+00
5.396725799408891994e-02
2.407253800750982775e-01
1.483005586665242737e+00
6.353483265464970886e-02
6.984153610329588702e-01
1.305226672791228504e+00
8.447085789926413180e-02
3.248120512052388720e-01
1.641420834602858925e+00
8.303785785333984981e-02
7.349831084675774173e-01
1.817888702629592901e+00
1.061213587484447773e-01
4.130317383141297594e-01
2.199288594121145746e+00
9.796142922389478036e-02
9.066634310615524495e-01
2.041288233475289093e+00
1.591795688043522450e-01
5.056942793102955358e-01
2.779229665379292946e+00
1.203599706799620417e-01
1.065339893009347616e+00
2.963326473313504295e+00
1.294412360548423124e-01
7.553815751707898540e-01
3.265024054248659713e+00
2.039267242255734802e-01
1.434346332912310507e+00
3.674086613781782251e+00
2.036100327907464924e-01
1.069018455321823602e+00
4.314578032291136012e+00
2.974888465136793503e-01
2.250073576855009971e+00
5.002649931539214556e+00
5.581087007283462853e+00
1.474231690593496502e+01
1.215579365621134933e+01
8.658631221395541644e+00
1.593076514630596385e+01
1.885965175289914697e+01
