5.102925300598144531e-01
8.342362195253372192e-02
5.362946912646293640e-02
4.387865588068962097e-02
2.491874247789382935e-02
2.329360693693161011e-02
1.787648908793926239e-02
1.354279555380344391e-02
1.029252447187900543e-02
1.029252447187900543e-02
1.300108339637517929e-02
1.083423662930727005e-02
1.029252447187900543e-02
4.333694465458393097e-03
7.583965547382831573e-03
5.417118314653635025e-03
4.333694465458393097e-03
5.958830006420612335e-03
7.042253389954566956e-03
5.958830006420612335e-03
5.958830006420612335e-03
4.333694465458393097e-03
7.042253389954566956e-03
4.333694465458393097e-03
4.875406157225370407e-03
4.875406157225370407e-03
3.791982773691415787e-03
2.708559157326817513e-03
3.791982773691415787e-03
5.958830006420612335e-03
1.625135424546897411e-03
2.166847232729196548e-03
3.250270849093794823e-03
2.166847232729196548e-03
2.166847232729196548e-03
3.250270849093794823e-03
2.166847232729196548e-03
1.083423616364598274e-03
2.708559157326817513e-03
5.958830006420612335e-03
5.417118081822991371e-04
5.417118081822991371e-04
1.625135424546897411e-03
1.083423616364598274e-03
1.083423616364598274e-03
1.083423616364598274e-03
3.250270849093794823e-03
5.417118081822991371e-04
1.625135424546897411e-03
3.250270849093794823e-03
3.250270849093794823e-03
2.708559157326817513e-03
1.625135424546897411e-03
2.708559157326817513e-03
3.250270849093794823e-03
0.000000000000000000e+00
1.083423616364598274e-03
1.083423616364598274e-03
5.417118081822991371e-04
1.083423616364598274e-03
5.417118081822991371e-04
1.625135424546897411e-03
0.000000000000000000e+00
5.417118081822991371e-04
5.417118081822991371e-04
1.083423616364598274e-03
0.000000000000000000e+00
5.417118081822991371e-04
1.625135424546897411e-03
0.000000000000000000e+00
1.625135424546897411e-03
0.000000000000000000e+00
1.083423616364598274e-03
1.625135424546897411e-03
5.417118081822991371e-04
1.083423616364598274e-03
1.083423616364598274e-03
1.083423616364598274e-03
1.083423616364598274e-03
5.417118081822991371e-04
1.083423616364598274e-03
0.000000000000000000e+00
5.417118081822991371e-04
1.083423616364598274e-03
0.000000000000000000e+00
0.000000000000000000e+00
5.417118081822991371e-04
5.417118081822991371e-04
0.000000000000000000e+00
0.000000000000000000e+00
5.417118081822991371e-04
0.000000000000000000e+00
0.000000000000000000e+00
1.625135424546897411e-03
0.000000000000000000e+00
1.083423616364598274e-03
0.000000000000000000e+00
1.083423616364598274e-03
1.625135424546897411e-03
