6.411900394596159458e-04
7.053090375848114491e-04
7.694280357100069523e-04
6.411900394596159458e-04
5.770710413344204426e-04
3.205950197298079729e-04
4.488330450840294361e-04
8.335470920428633690e-04
6.411900394596159458e-04
5.129520432092249393e-04
4.488330450840294361e-04
3.847140178550034761e-04
3.847140178550034761e-04
5.770710413344204426e-04
3.205950197298079729e-04
1.282380108023062348e-04
3.847140178550034761e-04
5.770710413344204426e-04
2.564760216046124697e-04
2.564760216046124697e-04
3.205950197298079729e-04
6.411900394596159458e-04
5.129520432092249393e-04
2.564760216046124697e-04
1.923570089275017381e-04
5.770710413344204426e-04
7.053090375848114491e-04
4.488330450840294361e-04
3.847140178550034761e-04
8.335470920428633690e-04
6.411900394596159458e-04
6.411900540115311742e-05
2.564760216046124697e-04
3.847140178550034761e-04
2.564760216046124697e-04
4.488330450840294361e-04
4.488330450840294361e-04
7.053090375848114491e-04
5.770710413344204426e-04
4.488330450840294361e-04
5.770710413344204426e-04
8.335470920428633690e-04
2.564760216046124697e-04
7.053090375848114491e-04
5.770710413344204426e-04
6.411900394596159458e-04
3.847140178550034761e-04
4.488330450840294361e-04
4.488330450840294361e-04
2.564760216046124697e-04
3.205950197298079729e-04
8.976660901680588722e-04
5.129520432092249393e-04
7.053090375848114491e-04
3.847140178550034761e-04
3.847140178550034761e-04
3.847140178550034761e-04
4.488330450840294361e-04
5.129520432092249393e-04
9.617850882932543755e-04
5.770710413344204426e-04
6.411900394596159458e-04
7.694280357100069523e-04
6.411900394596159458e-04
1.090023084543645382e-03
1.154142082668840885e-03
9.617850882932543755e-04
5.770710413344204426e-04
8.335470920428633690e-04
1.538856071420013905e-03
1.410618075169622898e-03
1.667094184085726738e-03
1.218261080794036388e-03
1.025904086418449879e-03
1.474737073294818401e-03
1.667094184085726738e-03
1.859451178461313248e-03
1.859451178461313248e-03
2.051808172836899757e-03
3.205950139090418816e-03
2.180046169087290764e-03
3.270069137215614319e-03
3.013593144714832306e-03
3.077712142840027809e-03
3.654783358797430992e-03
4.744806326925754547e-03
5.065401550382375717e-03
4.231854341924190521e-03
8.463708683848381042e-03
7.694280706346035004e-03
1.038727909326553345e-02
1.179789658635854721e-02
1.391382422298192978e-02
1.493972819298505783e-02
1.846627332270145416e-02
2.462169714272022247e-02
4.437035322189331055e-02
6.604257225990295410e-02
1.597845554351806641e-01
