5.444590449333190918e-01
9.548839181661605835e-02
4.292597621679306030e-02
3.241349011659622192e-02
2.190100774168968201e-02
1.576872542500495911e-02
1.576872542500495911e-02
1.138852350413799286e-02
9.636443108320236206e-03
7.446342613548040390e-03
8.322383277118206024e-03
6.132282316684722900e-03
6.570302415639162064e-03
7.446342613548040390e-03
4.380201455205678940e-03
9.198423475027084351e-03
5.256241653114557266e-03
3.942181356251239777e-03
4.818221554160118103e-03
3.504161257296800613e-03
3.504161257296800613e-03
2.628120826557278633e-03
2.190100727602839470e-03
3.066141158342361450e-03
2.628120826557278633e-03
2.190100727602839470e-03
5.694261752068996429e-03
2.190100727602839470e-03
4.380201455205678940e-03
3.504161257296800613e-03
3.066141158342361450e-03
2.628120826557278633e-03
1.752080628648400307e-03
2.190100727602839470e-03
2.190100727602839470e-03
4.380201571621000767e-04
2.190100727602839470e-03
1.314060413278639317e-03
1.314060413278639317e-03
1.752080628648400307e-03
2.190100727602839470e-03
1.314060413278639317e-03
2.190100727602839470e-03
1.752080628648400307e-03
1.752080628648400307e-03
3.066141158342361450e-03
1.314060413278639317e-03
2.628120826557278633e-03
1.314060413278639317e-03
1.752080628648400307e-03
1.314060413278639317e-03
1.314060413278639317e-03
4.380201455205678940e-03
3.066141158342361450e-03
8.760403143242001534e-04
3.066141158342361450e-03
1.314060413278639317e-03
0.000000000000000000e+00
1.314060413278639317e-03
8.760403143242001534e-04
2.628120826557278633e-03
3.066141158342361450e-03
1.752080628648400307e-03
3.066141158342361450e-03
1.752080628648400307e-03
8.760403143242001534e-04
1.314060413278639317e-03
4.380201571621000767e-04
1.752080628648400307e-03
2.190100727602839470e-03
2.628120826557278633e-03
0.000000000000000000e+00
1.752080628648400307e-03
1.314060413278639317e-03
2.190100727602839470e-03
8.760403143242001534e-04
1.752080628648400307e-03
8.760403143242001534e-04
8.760403143242001534e-04
8.760403143242001534e-04
2.190100727602839470e-03
2.628120826557278633e-03
8.760403143242001534e-04
1.314060413278639317e-03
1.752080628648400307e-03
2.190100727602839470e-03
1.752080628648400307e-03
8.760403143242001534e-04
4.380201571621000767e-04
8.760403143242001534e-04
4.380201571621000767e-04
4.380201571621000767e-04
1.752080628648400307e-03
1.314060413278639317e-03
0.000000000000000000e+00
0.000000000000000000e+00
4.380201571621000767e-04
8.760403143242001534e-04
2.190100727602839470e-03
