5.685906410217285156e-01
1.072012633085250854e-01
5.263157933950424194e-02
3.312942758202552795e-02
2.192477695643901825e-02
1.659499667584896088e-02
1.283992454409599304e-02
1.144691463559865952e-02
9.448247030377388000e-03
1.017503440380096436e-02
8.903155103325843811e-03
6.359396968036890030e-03
6.480528041720390320e-03
5.148082971572875977e-03
5.996002815663814545e-03
5.269214510917663574e-03
4.300163593143224716e-03
4.118466284126043320e-03
3.452243981882929802e-03
4.663557745516300201e-03
2.664890140295028687e-03
3.391678212210536003e-03
3.391678212210536003e-03
3.633941058069467545e-03
2.786021446809172630e-03
2.725455677136778831e-03
2.604324370622634888e-03
3.452243981882929802e-03
2.240930218249559402e-03
2.059233142063021660e-03
2.483193064108490944e-03
2.725455677136778831e-03
2.664890140295028687e-03
2.119798911735415459e-03
1.816970529034733772e-03
1.816970529034733772e-03
1.938101835548877716e-03
1.635273452848196030e-03
1.816970529034733772e-03
1.756404875777661800e-03
1.998667605221271515e-03
1.393010723404586315e-03
1.332445070147514343e-03
1.695839106105268002e-03
1.453576376661658287e-03
1.393010723404586315e-03
1.453576376661658287e-03
1.029616571031510830e-03
9.690509177744388580e-04
1.816970529034733772e-03
1.695839106105268002e-03
1.635273452848196030e-03
7.267881883308291435e-04
1.332445070147514343e-03
9.690509177744388580e-04
9.690509177744388580e-04
1.453576376661658287e-03
1.090182340703904629e-03
9.084852645173668861e-04
1.090182340703904629e-03
1.029616571031510830e-03
8.479195530526340008e-04
7.267881883308291435e-04
9.084852645173668861e-04
7.873538997955620289e-04
1.029616571031510830e-03
8.479195530526340008e-04
7.267881883308291435e-04
6.662225350737571716e-04
8.479195530526340008e-04
1.090182340703904629e-03
7.267881883308291435e-04
9.690509177744388580e-04
9.690509177744388580e-04
4.239597765263170004e-04
7.873538997955620289e-04
7.267881883308291435e-04
5.450911703519523144e-04
5.450911703519523144e-04
7.873538997955620289e-04
6.662225350737571716e-04
5.450911703519523144e-04
9.084852645173668861e-04
9.690509177744388580e-04
7.267881883308291435e-04
4.239597765263170004e-04
6.662225350737571716e-04
6.662225350737571716e-04
4.239597765263170004e-04
1.816970470827072859e-04
3.633940941654145718e-04
5.450911703519523144e-04
3.633940941654145718e-04
7.873538997955620289e-04
6.056568236090242863e-05
2.422627294436097145e-04
1.211313647218048573e-04
0.000000000000000000e+00
1.816970470827072859e-04
