5.931884050369262695e-03
3.971346188336610794e-03
5.102425348013639450e-03
4.775669425725936890e-03
4.599723499268293381e-03
3.694859798997640610e-03
4.021616186946630478e-03
3.468643873929977417e-03
4.247832112014293671e-03
4.474048037081956863e-03
4.097021650522947311e-03
3.946210723370313644e-03
4.021616186946630478e-03
3.468643873929977417e-03
3.569184336811304092e-03
3.544049337506294250e-03
3.443508874624967575e-03
3.895940724760293961e-03
3.091617487370967865e-03
3.745130030438303947e-03
3.518914105370640755e-03
3.770265262573957443e-03
4.172426648437976837e-03
3.292698180302977562e-03
3.368103643879294395e-03
3.719995031133294106e-03
4.097021650522947311e-03
3.644589567556977272e-03
3.694859798997640610e-03
3.217292949557304382e-03
3.544049337506294250e-03
3.368103643879294395e-03
3.644589567556977272e-03
3.141887718811631203e-03
3.996481187641620636e-03
2.664320636540651321e-03
3.694859798997640610e-03
3.870805492624640465e-03
3.544049337506294250e-03
3.996481187641620636e-03
3.845670493319630623e-03
4.247832112014293671e-03
4.172426648437976837e-03
4.071886185556650162e-03
3.921075724065303802e-03
3.694859798997640610e-03
4.172426648437976837e-03
4.147291649132966995e-03
3.996481187641620636e-03
4.448913037776947021e-03
4.624858498573303223e-03
4.298102110624313354e-03
3.845670493319630623e-03
4.876209422945976257e-03
4.272967111319303513e-03
4.474048037081956863e-03
4.348372574895620346e-03
4.097021650522947311e-03
5.027020350098609924e-03
4.649993497878313065e-03
5.152695812284946442e-03
5.353776738047599792e-03
5.177830811589956284e-03
6.032424513250589371e-03
5.755938123911619186e-03
5.755938123911619186e-03
5.881613586097955704e-03
5.102425348013639450e-03
6.736207287758588791e-03
6.610531825572252274e-03
7.188639137893915176e-03
7.917556911706924438e-03
7.590800523757934570e-03
7.867286913096904755e-03
8.872690610587596893e-03
8.847556076943874359e-03
8.847556076943874359e-03
9.274852462112903595e-03
9.903229773044586182e-03
1.178836263716220856e-02
1.093376893550157547e-02
1.234133448451757431e-02
1.369863003492355347e-02
1.400025095790624619e-02
1.487998012453317642e-02
1.636295020580291748e-02
1.834862306714057922e-02
1.932889223098754883e-02
2.101294510066509247e-02
2.259645611047744751e-02
2.757320553064346313e-02
2.729672007262706757e-02
3.222319856286048889e-02
3.483724966645240784e-02
3.719994798302650452e-02
4.154832288622856140e-02
4.572074860334396362e-02
5.336181819438934326e-02
6.127937510609626770e-02
