0.000000000000000000e+00
0.000000000000000000e+00
0.000000000000000000e+00
0.000000000000000000e+00
2.002402907237410545e-04
0.000000000000000000e+00
2.002402907237410545e-04
0.000000000000000000e+00
4.004805814474821091e-04
0.000000000000000000e+00
4.004805814474821091e-04
2.002402907237410545e-04
0.000000000000000000e+00
0.000000000000000000e+00
0.000000000000000000e+00
0.000000000000000000e+00
2.002402907237410545e-04
0.000000000000000000e+00
2.002402907237410545e-04
0.000000000000000000e+00
0.000000000000000000e+00
0.000000000000000000e+00
0.000000000000000000e+00
0.000000000000000000e+00
0.000000000000000000e+00
2.002402907237410545e-04
2.002402907237410545e-04
2.002402907237410545e-04
2.002402907237410545e-04
2.002402907237410545e-04
2.002402907237410545e-04
0.000000000000000000e+00
0.000000000000000000e+00
2.002402907237410545e-04
0.000000000000000000e+00
0.000000000000000000e+00
0.000000000000000000e+00
2.002402907237410545e-04
0.000000000000000000e+00
0.000000000000000000e+00
2.002402907237410545e-04
0.000000000000000000e+00
2.002402907237410545e-04
0.000000000000000000e+00
2.002402907237410545e-04
4.004805814474821091e-04
4.004805814474821091e-04
4.004805814474821091e-04
2.002402907237410545e-04
0.000000000000000000e+00
0.000000000000000000e+00
2.002402907237410545e-04
0.000000000000000000e+00
4.004805814474821091e-04
2.002402907237410545e-04
4.004805814474821091e-04
2.002402907237410545e-04
0.000000000000000000e+00
2.002402907237410545e-04
2.002402907237410545e-04
2.002402907237410545e-04
0.000000000000000000e+00
2.002402907237410545e-04
0.000000000000000000e+00
8.009611628949642181e-04
2.002402907237410545e-04
0.000000000000000000e+00
6.007208721712231636e-04
4.004805814474821091e-04
2.002402907237410545e-04
0.000000000000000000e+00
2.002402907237410545e-04
4.004805814474821091e-04
1.001201453618705273e-03
2.002402907237410545e-04
0.000000000000000000e+00
6.007208721712231636e-04
6.007208721712231636e-04
2.002402907237410545e-04
8.009611628949642181e-04
4.004805814474821091e-04
8.009611628949642181e-04
8.009611628949642181e-04
8.009611628949642181e-04
4.004805814474821091e-04
1.001201453618705273e-03
1.001201453618705273e-03
6.007208721712231636e-04
1.401682035066187382e-03
8.009611628949642181e-04
1.201441744342446327e-03
1.802162616513669491e-03
4.805766977369785309e-03
3.003604244440793991e-03
4.205046221613883972e-03
6.207448896020650864e-03
6.207448896020650864e-03
1.501802168786525726e-02
3.263916820287704468e-02
