4.792243838310241699e-01
9.695290774106979370e-02
5.964912101626396179e-02
3.379501402378082275e-02
2.622345276176929474e-02
1.920590922236442566e-02
1.680517010390758514e-02
1.662049815058708191e-02
1.311172638088464737e-02
1.292705442756414413e-02
9.787626564502716064e-03
9.787626564502716064e-03
9.048937819898128510e-03
9.602954611182212830e-03
6.648199632763862610e-03
6.463527213782072067e-03
6.463527213782072067e-03
5.170821677893400192e-03
7.017544005066156387e-03
4.432132933288812637e-03
6.094182841479778290e-03
4.986149724572896957e-03
6.463527213782072067e-03
2.770083025097846985e-03
4.062788560986518860e-03
4.801477305591106415e-03
4.062788560986518860e-03
2.585410838946700096e-03
2.954755211248993874e-03
1.846722094342112541e-03
2.216066466644406319e-03
2.031394280493259430e-03
1.662049908190965652e-03
3.324099816381931305e-03
2.585410838946700096e-03
3.139427630230784416e-03
1.846722094342112541e-03
1.846722094342112541e-03
2.585410838946700096e-03
1.846722094342112541e-03
2.031394280493259430e-03
2.216066466644406319e-03
1.662049908190965652e-03
1.108033233322203159e-03
2.400738652795553207e-03
1.846722094342112541e-03
1.108033233322203159e-03
2.031394280493259430e-03
2.400738652795553207e-03
1.846722094342112541e-03
1.846722094342112541e-03
1.108033233322203159e-03
1.477377605624496937e-03
1.477377605624496937e-03
1.292705419473350048e-03
1.846722094342112541e-03
1.662049908190965652e-03
9.233610471710562706e-04
7.386888028122484684e-04
2.585410838946700096e-03
1.108033233322203159e-03
1.846722094342112541e-03
1.846722007030621171e-04
7.386888028122484684e-04
1.477377605624496937e-03
1.662049908190965652e-03
9.233610471710562706e-04
1.108033233322203159e-03
1.292705419473350048e-03
1.292705419473350048e-03
1.292705419473350048e-03
1.292705419473350048e-03
1.662049908190965652e-03
2.031394280493259430e-03
1.662049908190965652e-03
9.233610471710562706e-04
9.233610471710562706e-04
1.477377605624496937e-03
1.477377605624496937e-03
1.846722094342112541e-03
2.216066466644406319e-03
5.540166166611015797e-04
9.233610471710562706e-04
1.477377605624496937e-03
1.292705419473350048e-03
1.292705419473350048e-03
5.540166166611015797e-04
1.846722094342112541e-03
5.540166166611015797e-04
7.386888028122484684e-04
1.108033233322203159e-03
9.233610471710562706e-04
1.477377605624496937e-03
1.662049908190965652e-03
9.233610471710562706e-04
9.233610471710562706e-04
2.585410838946700096e-03
1.292705419473350048e-03
1.477377605624496937e-03
