9.122610782476799139e-06
0.000000000000000000e+00
0.000000000000000000e+00
4.561305391238399569e-06
0.000000000000000000e+00
4.561305391238399569e-06
4.561305391238399569e-06
0.000000000000000000e+00
4.561305391238399569e-06
0.000000000000000000e+00
0.000000000000000000e+00
0.000000000000000000e+00
0.000000000000000000e+00
0.000000000000000000e+00
0.000000000000000000e+00
0.000000000000000000e+00
0.000000000000000000e+00
0.000000000000000000e+00
0.000000000000000000e+00
0.000000000000000000e+00
0.000000000000000000e+00
0.000000000000000000e+00
0.000000000000000000e+00
4.561305391238399569e-06
0.000000000000000000e+00
0.000000000000000000e+00
0.000000000000000000e+00
4.561305391238399569e-06
0.000000000000000000e+00
0.000000000000000000e+00
4.561305391238399569e-06
0.000000000000000000e+00
0.000000000000000000e+00
0.000000000000000000e+00
0.000000000000000000e+00
9.122610782476799139e-06
0.000000000000000000e+00
4.561305391238399569e-06
1.368391617371520040e-05
9.122610782476799139e-06
0.000000000000000000e+00
4.561305391238399569e-06
4.561305391238399569e-06
9.122610782476799139e-06
1.368391617371520040e-05
3.649044312990719656e-05
2.736783234743040081e-05
1.185939316661486289e-04
1.166143338654666989e-01
