3.258059888006548135e+03
1.810033352362526102e+02
1.177958143801326969e+02
8.331899645545358624e+01
8.044592067808453351e+01
5.746137844175677145e+01
5.746136930138182208e+01
4.596909818321794461e+01
3.447682249486658890e+01
2.873068922087838573e+01
4.309603154622384125e+01
2.585761801369681123e+01
2.298454909160897230e+01
2.298454909160897230e+01
3.734989370204816339e+01
1.723841124743329445e+01
2.298455137670270787e+01
1.149227568835135393e+01
1.723841353252703357e+01
2.585761801369681123e+01
2.873068693578465016e+01
8.619206766263516784e+00
5.746137272902243076e+00
3.447682249486658890e+01
2.011148016952113338e+01
2.011148245461486894e+01
1.436534346789232508e+01
3.160375585787248909e+01
1.149227568835135393e+01
1.149227454580448615e+01
2.585762029879054680e+01
1.436534461043919286e+01
1.436534461043919286e+01
1.149227454580448615e+01
2.585762029879054680e+01
1.723841124743329445e+01
1.436534461043919286e+01
2.585761801369681123e+01
1.149227454580448615e+01
1.723841124743329445e+01
2.011148016952113338e+01
2.873068693578465016e+01
2.585762029879054680e+01
4.022296033904226675e+01
1.723841124743329445e+01
3.160375585787248909e+01
3.160375585787248909e+01
6.033444507875087481e+01
9.481126300342998547e+01
