4.643478048020811821e-02
1.768943980899790117e-02
1.768944093081347910e-02
1.547825941219232136e-02
6.633540068601159745e-03
4.422360232703369774e-03
8.844720465406739549e-03
8.844720465406739549e-03
8.844720465406739549e-03
1.105590086221231762e-02
8.844720465406739549e-03
4.422360232703369774e-03
6.633540068601159745e-03
8.844720465406739549e-03
1.768944093081347910e-02
2.211180116351684887e-03
4.422360232703369774e-03
6.633540068601159745e-03
1.768943980899790117e-02
1.105589974039673969e-02
4.422360232703369774e-03
6.633540068601159745e-03
6.633540068601159745e-03
6.633540068601159745e-03
4.422360232703369774e-03
1.768943980899790117e-02
1.768944093081347910e-02
1.326708013720231949e-02
2.432298099941463884e-02
2.211180172442463523e-02
1.547826053400789929e-02
2.653416027440463898e-02
2.211179948079347937e-02
3.316770258663695459e-02
2.211180172442463523e-02
2.874533954939463912e-02
5.085714127381927435e-02
5.306832054880927796e-02
9.729192399765855537e-02
8.844719792317391749e-02
8.623601864818392082e-02
1.083478203726085526e-01
1.437267067214978156e-01
1.614161409214178444e-01
1.768943958463478350e-01
2.653416206930956367e-01
2.985093098179456561e-01
4.886707633651842797e-01
2.292993626126601292e+00
