5.078107584267854691e-03
3.832650138065218925e-03
4.730769433081150055e-03
5.017196759581565857e-03
4.805953241884708405e-03
5.726668052375316620e-03
4.472864326089620590e-03
3.914915490895509720e-03
4.219260998070240021e-03
3.828421235084533691e-03
3.543755505234003067e-03
3.652905579656362534e-03
3.088396508246660233e-03
3.525180509313941002e-03
5.010004155337810516e-03
3.983551636338233948e-03
4.081355873495340347e-03
4.449079278856515884e-03
4.741446115076541901e-03
4.382737912237644196e-03
4.172163084149360657e-03
4.897234030067920685e-03
5.112097598612308502e-03
5.979154258966445923e-03
5.362104624509811401e-03
4.602411761879920959e-03
5.378200206905603409e-03
3.837932832539081573e-03
5.314995069056749344e-03
5.473745986819267273e-03
7.957555353641510010e-03
6.765099242329597473e-03
8.431317284703254700e-03
7.392341271042823792e-03
8.166963234543800354e-03
8.289963938295841217e-03
1.191774569451808929e-02
1.094562001526355743e-02
1.446659676730632782e-02
1.404285989701747894e-02
1.565008796751499176e-02
1.870203949511051178e-02
2.048412710428237915e-02
2.657958865165710449e-02
3.350229561328887939e-02
3.968929871916770935e-02
5.424034222960472107e-02
7.024231553077697754e-02
1.138111948966979980e-01
3.725073635578155518e-01
