3.768767695873975754e-03
4.133487120270729065e-03
3.160902066156268120e-03
3.282475285232067108e-03
2.978542586788535118e-03
1.884383847936987877e-03
1.823597354814410210e-03
2.066743792966008186e-03
1.884383847936987877e-03
2.370676491409540176e-03
2.735395915806293488e-03
2.005957299843430519e-03
2.188316779211163521e-03
2.005957067012786865e-03
2.066743560135364532e-03
1.762810745276510715e-03
1.337304711341857910e-03
2.917755860835313797e-03
1.884383847936987877e-03
1.702024135738611221e-03
2.370676491409540176e-03
2.309889998286962509e-03
3.100115340203046799e-03
2.431462984532117844e-03
2.431463217362761497e-03
2.005957067012786865e-03
1.945170573890209198e-03
1.945170457474887371e-03
2.978542586788535118e-03
2.856969367712736130e-03
4.133487120270729065e-03
3.039328847080469131e-03
2.613822929561138153e-03
3.525621723383665085e-03
4.315847065299749374e-03
4.376634024083614349e-03
5.531578790396451950e-03
5.774725228548049927e-03
5.896298214793205261e-03
6.564950570464134216e-03
8.996414020657539368e-03
1.051607728004455566e-02
1.227888930588960648e-02
1.537900418043136597e-02
1.902619935572147369e-02
2.747553586959838867e-02
4.431341588497161865e-02
6.874962151050567627e-02
1.329402476549148560e-01
5.422163009643554688e-01
