7.482629269361495972e-03
4.917156416922807693e-03
7.268839981406927109e-03
7.375734858214855194e-03
7.482629269361495972e-03
8.979155682027339935e-03
6.948156282305717468e-03
6.092998199164867401e-03
6.734366528689861298e-03
6.092998199164867401e-03
5.130945704877376556e-03
5.344735458493232727e-03
4.596472717821598053e-03
4.917156882584095001e-03
8.230892941355705261e-03
6.627472117543220520e-03
6.413682363927364349e-03
6.841261405497789383e-03
7.803313899785280228e-03
6.734366528689861298e-03
6.734366528689861298e-03
8.017103187739849091e-03
7.910208776593208313e-03
9.513629600405693054e-03
8.551577106118202209e-03
7.589524611830711365e-03
8.872261270880699158e-03
6.092998199164867401e-03
8.337787352502346039e-03
8.872261270880699158e-03
1.261357590556144714e-02
1.026189234107732773e-02
1.411010231822729111e-02
1.133083924651145935e-02
1.207910198718309402e-02
1.304115448147058487e-02
1.849278435111045837e-02
1.667557470500469208e-02
2.319615148007869720e-02
2.137894183397293091e-02
2.330304682254791260e-02
2.800641208887100220e-02
3.099946491420269012e-02
3.923035785555839539e-02
4.991982877254486084e-02
5.569214373826980591e-02
7.151255756616592407e-02
8.423303067684173584e-02
1.160876527428627014e-01
1.353287100791931152e-01
