4.554554751532503332e+01
1.188439927971345078e+01
1.307663284902003120e+00
7.756820710232353866e-01
1.714945188086987926e+00
8.552530671048924615e-01
1.792872715463184274e+00
9.083877068455591397e-01
1.807677010273252671e+00
8.770444929393446110e-01
1.705035577201045704e+00
8.110289059923393440e-01
1.588136580794603292e+00
9.022978709346295423e-01
2.037398687851231571e+00
9.605645506570127390e-01
1.764964664235284530e+00
9.269863551993571260e-01
1.932958947040070985e+00
1.004521312160469027e+00
2.114306031068841740e+00
1.110739400715963443e+00
2.410771623998842816e+00
1.296409194853742175e+00
2.634345874147947075e+00
1.406009551109945743e+00
2.982507469573846048e+00
1.592805932343578368e+00
3.444469584118133643e+00
1.697368259222343800e+00
3.393242891646124804e+00
1.700987955696522169e+00
3.292087675173565930e+00
1.874218895978683186e+00
3.987148001651415807e+00
2.287564202795910884e+00
5.037324048700028811e+00
2.798906517723103615e+00
5.846933778695588835e+00
3.346990408532298122e+00
7.175398326344559763e+00
4.444128004197177795e+00
1.087099016295310250e+01
6.123555486813452298e+00
1.426251684258819274e+01
9.846518579066735555e+00
2.462780841382005903e+01
1.475117775345780728e+02
5.669365602900658132e+02
