2.985419850464743831e+03
7.326525566645273102e+02
4.508151462654837793e+00
2.888989622666373602e+00
6.780761556372024934e+00
2.901233650898028316e+00
4.522091043526089926e+00
2.339652889521775858e+00
4.522009393602697713e+00
2.859774867777217455e+00
6.837755683214119529e+00
2.297282688436403486e+00
2.333887973076844258e+00
1.696764305372281401e+00
4.544846727862053903e+00
1.687050000627394297e+00
2.311795734367758648e+00
1.176319705113548553e+00
2.286187060979532504e+00
2.303866335420150513e+00
6.879269891345358268e+00
3.526281550584081881e+00
6.753688626377983617e+00
2.321951298986144607e+00
2.328492717922519439e+00
5.690459106248875187e-01
1.242581526193214242e-02
1.141445046888071246e+00
4.600658383393379403e+00
1.723795060971831994e+00
2.251388008092722437e+00
5.686166267267653840e-01
1.285724099717110158e-02
1.290039410648404286e-02
1.283732758131189006e-02
1.256061991282241171e-02
1.193604532759592711e-02
5.834479619632713110e-01
2.281099292186585359e+00
1.127862451208673678e+00
2.315480219342518353e+00
1.688352945379480330e+00
4.492340949658580662e+00
1.143291330891350377e+00
1.187069716292496295e-02
1.160403041733994112e+00
4.490142969697652475e+00
4.590987302082522703e+00
1.354272592109241202e+01
