1.430535398352370066e+04
1.135661654316569866e+03
7.713391956385833055e+02
5.977167159560972323e+02
4.554032160398108999e+02
3.728614121806761545e+02
3.557837497907158877e+02
2.561643243108572960e+02
2.220090810694096604e+02
1.935463647784578143e+02
2.077777229239337373e+02
1.394672364410384660e+02
1.679299323473720733e+02
1.451597633915342271e+02
1.309284256306765428e+02
1.110045405347048302e+02
1.394672364410384660e+02
1.110045405347048302e+02
1.110045201500865915e+02
1.223896148203146339e+02
1.053119931995908161e+02
7.684928710094807514e+01
1.024657297243429213e+02
8.823437157886699822e+01
7.684928710094807514e+01
8.254183443606208925e+01
7.969556076850508930e+01
7.684928710094807514e+01
6.261793914778126435e+01
7.684928710094807514e+01
5.977167567253336955e+01
6.546421281533827141e+01
7.115674995814316617e+01
5.407912833741935543e+01
3.130897212196791202e+01
6.261793914778126435e+01
6.831048138674071879e+01
8.823437157886699822e+01
2.561643243108573031e+01
4.269404895565499203e+01
2.846270100248818125e+01
5.692540200497636249e+01
4.838659119461445357e+01
4.269405405180955171e+01
5.123285976601690095e+01
3.415524324144764279e+01
3.984778038425254465e+01
5.123286486217146063e+01
8.538810300746453663e+01
