1.624669704129514685e+02
4.091214908608463929e+01
2.044079013821925236e-02
1.008379480025681403e-02
1.874532945817195331e-02
9.166563585852582560e-03
1.790791831901670031e-02
8.658935005026492659e-03
1.699430402158254652e-02
8.229892422292250584e-03
1.607304690970720942e-02
7.824440896886547883e-03
1.515723106861715380e-02
7.399324351720211641e-03
1.438038870097193243e-02
6.970775853955458665e-03
1.398061068555730806e-02
6.719128269078051933e-03
1.314311922486798533e-02
6.416205026899904525e-03
1.232944358319503636e-02
5.971315113601415210e-03
1.169060604246549041e-02
5.894481289575604840e-03
1.110950889235830241e-02
5.449625558952213115e-03
1.079754492843996126e-02
5.283280281345367584e-03
1.021455449593001649e-02
5.020387414887700003e-03
9.766854166317407923e-03
4.768210347645334551e-03
9.505731299008338825e-03
4.667223229138547404e-03
9.255165408241505798e-03
4.512187271596534294e-03
8.853135221908319669e-03
4.346399014331905376e-03
8.388333814203841055e-03
4.183953115382357986e-03
8.228691540747727629e-03
4.019253504812819559e-03
7.772973326016432462e-03
3.791756251101725209e-03
7.439269104787167748e-03
3.713712466711490291e-03
7.108263533523959468e-03
3.530431282028114511e-03
6.887327510630570325e-03
