9.099266312876911830e-03
2.895220774045378573e-03
3.170956274000834990e-03
1.516544262011553391e-03
1.240808885524029249e-03
2.481617771048058498e-03
1.930147265008873682e-03
2.068015014986602108e-03
1.792279761967009591e-03
1.378676758969689300e-03
8.272059442606747703e-04
1.378676635501757241e-03
1.516544385479485450e-03
1.516544508947417508e-03
1.654411888521349541e-03
1.516544262011553391e-03
8.272059442606747703e-04
1.516544385479485450e-03
1.516544385479485450e-03
1.516544262011553391e-03
1.240809008991961091e-03
1.102941382482164941e-03
2.343750514942058091e-03
1.102941382482164941e-03
1.516544262011553391e-03
2.068015014986602108e-03
2.343750514942058091e-03
2.481618017983922182e-03
2.068015138454533733e-03
2.481618017983922182e-03
1.792279761967009591e-03
1.378676635501757241e-03
2.068015014986602108e-03
2.481618017983922182e-03
3.170956274000834990e-03
3.584559276998155498e-03
1.654412011989281599e-03
3.446691773956291407e-03
4.411765036056932397e-03
4.549633279906387974e-03
6.893383054040854580e-03
6.617648047957126398e-03
8.547795559901863113e-03
1.006433932804168957e-02
1.461397260794807841e-02
2.219669342413411670e-02
4.466912136048023507e-02
1.073989184619145859e-01
3.932675189134581029e+00
