2.010610263590828506e+00
8.087296675087202180e-01
9.477453008145411140e-01
6.901073087036805331e-01
7.697979319954439958e-01
6.855088193102014671e-01
7.650754205607995795e-01
6.532299102549707914e-01
6.208614801103066183e-01
5.777586815617535843e-01
6.518375531164044556e-01
7.005658962250514987e-01
6.580146216529781933e-01
6.367457863070420387e-01
7.113623134380790969e-01
7.006279450341902360e-01
7.479640065813831784e-01
6.846195034306211680e-01
6.205100087498928163e-01
8.714605600853077005e-01
6.629234306692631806e-01
7.108109028272676655e-01
7.496321446024674096e-01
6.681975038689433877e-01
8.127629156798502619e-01
8.024905501630077431e-01
7.867578138648443353e-01
8.993337769603515497e-01
8.027936899601519904e-01
9.363836423791643826e-01
1.031745028737064640e+00
9.459530651751794084e-01
1.074785740687922875e+00
1.197855056776425453e+00
9.639053501052384787e-01
1.113503819704932063e+00
1.255649705844989361e+00
1.241736639677926357e+00
1.328080165004847490e+00
1.493638631279172513e+00
1.405495161447442465e+00
1.698707753746436122e+00
1.929864886120818968e+00
2.198795156878031509e+00
2.545540529309970879e+00
3.177604615822971379e+00
4.290470337969367165e+00
6.464617077773987752e+00
2.244713754569976061e+01
