3.403531154617667198e-04
3.828972694464027882e-04
4.254413943272083998e-04
2.552648365963250399e-04
2.127206971636041999e-04
1.276324182981625199e-04
6.807062309235334396e-04
1.701765577308833599e-04
2.552648365963250399e-04
2.978089905809611082e-04
3.403531154617667198e-04
2.552648365963250399e-04
2.127206971636041999e-04
4.254413943272083998e-05
8.508827886544167995e-05
1.276324182981625199e-04
1.701765577308833599e-04
3.403531154617667198e-04
2.127206971636041999e-04
2.127206971636041999e-04
0.000000000000000000e+00
1.701765577308833599e-04
1.701765577308833599e-04
1.701765577308833599e-04
2.978089905809611082e-04
1.701765577308833599e-04
2.552648365963250399e-04
2.127206971636041999e-04
8.508827886544167995e-05
2.127206971636041999e-04
1.276324182981625199e-04
2.552648365963250399e-04
3.403531154617667198e-04
2.127206971636041999e-04
1.701765577308833599e-04
2.127206971636041999e-04
1.701765577308833599e-04
1.276324182981625199e-04
1.276324182981625199e-04
2.978089905809611082e-04
3.828972694464027882e-04
3.403531154617667198e-04
5.105296731926500797e-04
1.701765577308833599e-04
2.978089905809611082e-04
3.403531154617667198e-04
1.701765577308833599e-04
3.403531154617667198e-04
1.276324182981625199e-04
3.828972694464027882e-04
4.679855483118444681e-04
3.403531154617667198e-04
4.679855483118444681e-04
2.978089905809611082e-04
1.701765577308833599e-04
4.679855483118444681e-04
3.403531154617667198e-04
5.105296731926500797e-04
5.105296731926500797e-04
4.254413943272083998e-04
2.552648365963250399e-04
6.381620769388973713e-04
4.254413943272083998e-04
4.254413943272083998e-04
5.105296731926500797e-04
5.530738271772861481e-04
7.657945388928055763e-04
7.657945388928055763e-04
4.679855483118444681e-04
8.083386346697807312e-04
6.807062309235334396e-04
6.807062309235334396e-04
5.105296731926500797e-04
9.785152506083250046e-04
7.657945388928055763e-04
9.359710966236889362e-04
9.359710966236889362e-04
9.359710966236889362e-04
1.616677269339561462e-03
9.359710966236889362e-04
1.191235962323844433e-03
1.021059346385300159e-03
1.659221481531858444e-03
1.531589077785611153e-03
2.127206884324550629e-03
1.914486289024353027e-03
2.169751096516847610e-03
2.807913115248084068e-03
3.360986942425370216e-03
3.233354538679122925e-03
3.275898750871419907e-03
4.254413768649101257e-03
6.424164865165948868e-03
7.360136136412620544e-03
9.955328889191150665e-03
1.289087440818548203e-02
1.991065777838230133e-02
3.446075320243835449e-02
7.338864356279373169e-02
