1.152700162492692471e-03
1.174449222162365913e-03
1.587681355886161327e-03
1.391939818859100342e-03
1.304943580180406570e-03
1.370190759189426899e-03
1.152700162492692471e-03
9.787076851353049278e-04
1.043954864144325256e-03
7.394680287688970566e-04
9.787076851353049278e-04
8.047152077779173851e-04
7.394680287688970566e-04
9.134605061262845993e-04
7.394680287688970566e-04
8.264642674475908279e-04
6.742208497598767281e-04
6.524717900902032852e-04
8.699623867869377136e-04
7.829661481082439423e-04
8.482133271172642708e-04
7.612170884385704994e-04
8.047152077779173851e-04
9.134605061262845993e-04
9.787076851353049278e-04
6.089736707508563995e-04
8.917114464566111565e-04
6.524717900902032852e-04
9.352095657959580421e-04
6.307227304205298424e-04
8.699623867869377136e-04
6.524717900902032852e-04
6.089736707508563995e-04
8.482133271172642708e-04
7.612170884385704994e-04
7.612170884385704994e-04
6.742208497598767281e-04
8.047152077779173851e-04
1.043954864144325256e-03
8.047152077779173851e-04
8.917114464566111565e-04
7.394680287688970566e-04
1.065703923813998699e-03
9.352095657959580421e-04
1.130951102823019028e-03
6.959699094295501709e-04
1.065703923813998699e-03
8.699623867869377136e-04
1.043954864144325256e-03
1.065703923813998699e-03
9.352095657959580421e-04
9.569586254656314850e-04
1.152700162492692471e-03
1.152700162492692471e-03
1.239696401171386242e-03
1.304943580180406570e-03
1.283194520510733128e-03
1.217947341501712799e-03
1.000456744804978371e-03
1.261445460841059685e-03
9.787076851353049278e-04
9.569586254656314850e-04
1.217947341501712799e-03
1.217947341501712799e-03
1.457186997868120670e-03
1.609430415555834770e-03
1.696426654234528542e-03
1.457186997868120670e-03
2.174905966967344284e-03
1.761673833243548870e-03
1.913917250931262970e-03
2.174905966967344284e-03
2.218404086306691170e-03
2.414145506918430328e-03
2.109658671543002129e-03
2.153156790882349014e-03
2.522890921682119370e-03
2.783879637718200684e-03
3.284107893705368042e-03
3.197111655026674271e-03
3.131864592432975769e-03
3.327606013044714928e-03
3.719089087098836899e-03
4.045324865728616714e-03
4.523804411292076111e-03
4.828291013836860657e-03
5.502512212842702866e-03
5.828747991472482681e-03
6.829204503446817398e-03
7.372931111603975296e-03
9.004110470414161682e-03
1.033080276101827621e-02
1.209247671067714691e-02
1.422388479113578796e-02
1.889993250370025635e-02
2.431544847786426544e-02
3.318906575441360474e-02
5.074055492877960205e-02
1.054394394159317017e-01
