3.369314363226294518e-03
5.116366315633058548e-03
5.116366315633058548e-03
3.182130167260766029e-03
2.994945971295237541e-03
3.182130167260766029e-03
2.807762008160352707e-03
2.246209420263767242e-03
2.308604307472705841e-03
1.747051835991442204e-03
2.370998961851000786e-03
1.497472985647618771e-03
3.057340625673532486e-03
2.495788270607590675e-03
2.620577812194824219e-03
2.870156662538647652e-03
2.682972466573119164e-03
3.057340625673532486e-03
3.119735512882471085e-03
3.119735512882471085e-03
3.182130167260766029e-03
3.244524821639060974e-03
3.868472063913941383e-03
3.306919476017355919e-03
4.741997923702001572e-03
3.806077176705002785e-03
3.868472063913941383e-03
4.866787232458591461e-03
3.868472063913941383e-03
4.617208614945411682e-03
4.866787232458591461e-03
3.556498326361179352e-03
4.430024418979883194e-03
4.866787232458591461e-03
3.930866718292236328e-03
4.554813727736473083e-03
4.991576541215181351e-03
5.178760737180709839e-03
4.617208614945411682e-03
4.305235110223293304e-03
5.116366315633058548e-03
4.492418840527534485e-03
5.178760737180709839e-03
5.553129129111766815e-03
4.679603036493062973e-03
4.929182119667530060e-03
4.741997923702001572e-03
4.866787232458591461e-03
4.866787232458591461e-03
5.303550045937299728e-03
5.740313325077295303e-03
6.239471025764942169e-03
4.991576541215181351e-03
5.927497521042823792e-03
4.554813727736473083e-03
5.927497521042823792e-03
6.239471025764942169e-03
7.736944127827882767e-03
6.301865447312593460e-03
5.428339820355176926e-03
6.301865447312593460e-03
6.551444530487060547e-03
7.674549240618944168e-03
5.927497521042823792e-03
5.865102633833885193e-03
7.674549240618944168e-03
6.676233839243650436e-03
7.175391539931297302e-03
8.111312054097652435e-03
8.298496715724468231e-03
8.236101828515529633e-03
8.610470220446586609e-03
7.612154353410005569e-03
9.546390734612941742e-03
8.610470220446586609e-03
9.546390734612941742e-03
8.735259063541889191e-03
8.485680446028709412e-03
8.111312054097652435e-03
9.109627455472946167e-03
1.048231124877929688e-02
1.254133693873882294e-02
1.179260015487670898e-02
1.285331044346094131e-02
1.416359934955835342e-02
1.316528394818305969e-02
1.497473008930683136e-02
1.790728233754634857e-02
1.965433359146118164e-02
1.921757124364376068e-02
2.177575416862964630e-02
2.551943622529506683e-02
2.782803960144519806e-02
2.776564471423625946e-02
3.394272178411483765e-02
3.475385159254074097e-02
4.710800573229789734e-02
5.515692383050918579e-02
6.320583820343017578e-02
