4.489361643791198730e-01
1.351063847541809082e-01
9.893617033958435059e-02
4.680851101875305176e-02
2.659574523568153381e-02
2.446808479726314545e-02
1.170212775468826294e-02
1.276595704257488251e-02
7.446808740496635437e-03
8.510638028383255005e-03
5.319148767739534378e-03
7.446808740496635437e-03
3.191489260643720627e-03
9.574468247592449188e-03
6.382978521287441254e-03
6.382978521287441254e-03
6.382978521287441254e-03
6.382978521287441254e-03
1.063829753547906876e-03
4.255319014191627502e-03
6.382978521287441254e-03
5.319148767739534378e-03
1.063829753547906876e-03
1.063829753547906876e-03
2.127659507095813751e-03
3.191489260643720627e-03
2.127659507095813751e-03
2.127659507095813751e-03
4.255319014191627502e-03
2.127659507095813751e-03
2.127659507095813751e-03
0.000000000000000000e+00
4.255319014191627502e-03
5.319148767739534378e-03
2.127659507095813751e-03
3.191489260643720627e-03
0.000000000000000000e+00
4.255319014191627502e-03
0.000000000000000000e+00
2.127659507095813751e-03
1.063829753547906876e-03
1.063829753547906876e-03
0.000000000000000000e+00
0.000000000000000000e+00
1.063829753547906876e-03
0.000000000000000000e+00
3.191489260643720627e-03
2.127659507095813751e-03
0.000000000000000000e+00
1.063829753547906876e-03
2.127659507095813751e-03
1.063829753547906876e-03
1.063829753547906876e-03
1.063829753547906876e-03
1.063829753547906876e-03
3.191489260643720627e-03
0.000000000000000000e+00
3.191489260643720627e-03
0.000000000000000000e+00
2.127659507095813751e-03
3.191489260643720627e-03
1.063829753547906876e-03
2.127659507095813751e-03
1.063829753547906876e-03
2.127659507095813751e-03
1.063829753547906876e-03
2.127659507095813751e-03
1.063829753547906876e-03
2.127659507095813751e-03
1.063829753547906876e-03
0.000000000000000000e+00
0.000000000000000000e+00
1.063829753547906876e-03
2.127659507095813751e-03
2.127659507095813751e-03
0.000000000000000000e+00
0.000000000000000000e+00
0.000000000000000000e+00
0.000000000000000000e+00
1.063829753547906876e-03
3.191489260643720627e-03
0.000000000000000000e+00
0.000000000000000000e+00
1.063829753547906876e-03
1.063829753547906876e-03
1.063829753547906876e-03
0.000000000000000000e+00
3.191489260643720627e-03
1.063829753547906876e-03
1.063829753547906876e-03
0.000000000000000000e+00
1.063829753547906876e-03
1.063829753547906876e-03
0.000000000000000000e+00
0.000000000000000000e+00
3.191489260643720627e-03
1.063829753547906876e-03
2.127659507095813751e-03
0.000000000000000000e+00
