4.570405781269073486e-01
1.133651584386825562e-01
5.847255513072013855e-02
4.653938114643096924e-02
3.579952195286750793e-02
1.789976097643375397e-02
1.431980915367603302e-02
1.073985639959573746e-02
5.966586992144584656e-03
7.159904576838016510e-03
7.159904576838016510e-03
4.773269873112440109e-03
3.579952288419008255e-03
8.353222161531448364e-03
7.159904576838016510e-03
3.579952288419008255e-03
5.966586992144584656e-03
8.353222161531448364e-03
4.773269873112440109e-03
5.966586992144584656e-03
2.386634936556220055e-03
2.386634936556220055e-03
4.773269873112440109e-03
2.386634936556220055e-03
4.773269873112440109e-03
4.773269873112440109e-03
3.579952288419008255e-03
4.773269873112440109e-03
2.386634936556220055e-03
4.773269873112440109e-03
3.579952288419008255e-03
2.386634936556220055e-03
1.193317468278110027e-03
3.579952288419008255e-03
1.193317468278110027e-03
0.000000000000000000e+00
3.579952288419008255e-03
0.000000000000000000e+00
1.193317468278110027e-03
0.000000000000000000e+00
1.193317468278110027e-03
3.579952288419008255e-03
0.000000000000000000e+00
1.193317468278110027e-03
0.000000000000000000e+00
2.386634936556220055e-03
3.579952288419008255e-03
1.193317468278110027e-03
2.386634936556220055e-03
0.000000000000000000e+00
2.386634936556220055e-03
1.193317468278110027e-03
1.193317468278110027e-03
0.000000000000000000e+00
4.773269873112440109e-03
1.193317468278110027e-03
0.000000000000000000e+00
4.773269873112440109e-03
0.000000000000000000e+00
1.193317468278110027e-03
2.386634936556220055e-03
0.000000000000000000e+00
1.193317468278110027e-03
3.579952288419008255e-03
2.386634936556220055e-03
4.773269873112440109e-03
1.193317468278110027e-03
0.000000000000000000e+00
0.000000000000000000e+00
2.386634936556220055e-03
2.386634936556220055e-03
2.386634936556220055e-03
1.193317468278110027e-03
1.193317468278110027e-03
1.193317468278110027e-03
3.579952288419008255e-03
1.193317468278110027e-03
1.193317468278110027e-03
1.193317468278110027e-03
2.386634936556220055e-03
1.193317468278110027e-03
0.000000000000000000e+00
0.000000000000000000e+00
1.193317468278110027e-03
3.579952288419008255e-03
1.193317468278110027e-03
1.193317468278110027e-03
3.579952288419008255e-03
4.773269873112440109e-03
0.000000000000000000e+00
4.773269873112440109e-03
2.386634936556220055e-03
3.579952288419008255e-03
0.000000000000000000e+00
2.386634936556220055e-03
1.193317468278110027e-03
4.773269873112440109e-03
2.386634936556220055e-03
4.773269873112440109e-03
