7.405579090118408203e-04
9.874105453491210938e-04
9.874105453491210938e-04
1.974821090698242188e-03
1.234263181686401367e-03
9.874105453491210938e-04
1.234263181686401367e-03
1.481115818023681641e-03
7.405579090118408203e-04
1.481115818023681641e-03
9.874105453491210938e-04
1.234263181686401367e-03
1.481115818023681641e-03
1.234263181686401367e-03
2.221673727035522461e-03
1.234263181686401367e-03
2.962231636047363281e-03
9.874105453491210938e-04
1.234263181686401367e-03
1.234263181686401367e-03
1.234263181686401367e-03
1.727968454360961914e-03
1.727968454360961914e-03
3.702789545059204102e-03
2.962231636047363281e-03
3.702789545059204102e-03
1.481115818023681641e-03
1.727968454360961914e-03
3.702789545059204102e-03
3.455936908721923828e-03
2.468526363372802734e-03
3.702789545059204102e-03
3.949642181396484375e-03
5.677610635757446289e-03
2.715378999710083008e-03
3.209084272384643555e-03
3.455936908721923828e-03
4.443347454071044922e-03
4.443347454071044922e-03
3.702789545059204102e-03
4.690200090408325195e-03
2.221673727035522461e-03
4.196494817733764648e-03
3.209084272384643555e-03
4.196494817733764648e-03
4.196494817733764648e-03
4.937052726745605469e-03
5.677610635757446289e-03
3.702789545059204102e-03
7.899284362792968750e-03
6.911873817443847656e-03
5.183905363082885742e-03
4.443347454071044922e-03
5.183905363082885742e-03
6.665021181106567383e-03
6.171315908432006836e-03
5.430757999420166016e-03
7.899284362792968750e-03
6.665021181106567383e-03
5.677610635757446289e-03
7.899284362792968750e-03
5.924463272094726562e-03
6.418168544769287109e-03
8.886694908142089844e-03
6.171315908432006836e-03
9.133547544479370117e-03
8.146136999130249023e-03
8.146136999130249023e-03
7.405579090118408203e-03
8.392989635467529297e-03
7.158726453781127930e-03
7.899284362792968750e-03
8.392989635467529297e-03
8.886694908142089844e-03
9.874105453491210938e-03
1.061466336250305176e-02
8.886694908142089844e-03
1.036781072616577148e-02
1.258948445320129395e-02
1.061466336250305176e-02
1.407060027122497559e-02
1.382374763488769531e-02
1.135522127151489258e-02
1.678597927093505859e-02
1.135522127151489258e-02
1.382374763488769531e-02
1.653912663459777832e-02
1.234263181686401367e-02
1.851394772529602051e-02
1.999506354331970215e-02
2.048876881599426270e-02
2.814120054244995117e-02
2.838805317878723145e-02
3.011602163314819336e-02
3.604048490524291992e-02
3.727474808692932129e-02
5.109849572181701660e-02
6.171315908432006836e-02
6.714391708374023438e-02
