9.804358705878257751e-04
4.456526658032089472e-04
8.021747926250100136e-04
6.239137146621942520e-04
5.347831756807863712e-04
3.565221268218010664e-04
2.673915878403931856e-04
4.010873963125050068e-04
5.793484742753207684e-04
3.565221268218010664e-04
3.119568573310971260e-04
4.010873963125050068e-04
3.565221268218010664e-04
2.228263329016044736e-04
4.456526658032089472e-04
4.902179352939128876e-04
3.565221268218010664e-04
5.347831756807863712e-04
2.228263329016044736e-04
6.684790132567286491e-04
2.673915878403931856e-04
2.673915878403931856e-04
4.902179352939128876e-04
2.673915878403931856e-04
2.673915878403931856e-04
2.673915878403931856e-04
3.565221268218010664e-04
1.782610634109005332e-04
3.565221268218010664e-04
4.902179352939128876e-04
5.793484742753207684e-04
4.010873963125050068e-04
4.010873963125050068e-04
3.565221268218010664e-04
4.456526658032089472e-04
5.793484742753207684e-04
3.119568573310971260e-04
3.119568573310971260e-04
4.456526658032089472e-04
2.228263329016044736e-04
3.119568573310971260e-04
5.793484742753207684e-04
2.673915878403931856e-04
3.565221268218010664e-04
4.902179352939128876e-04
2.673915878403931856e-04
5.347831756807863712e-04
3.119568573310971260e-04
6.239137146621942520e-04
2.673915878403931856e-04
3.565221268218010664e-04
5.793484742753207684e-04
2.673915878403931856e-04
4.902179352939128876e-04
6.684790132567286491e-04
5.793484742753207684e-04
5.793484742753207684e-04
4.456526658032089472e-04
7.130442536436021328e-04
5.793484742753207684e-04
5.793484742753207684e-04
3.565221268218010664e-04
6.684790132567286491e-04
6.684790132567286491e-04
5.347831756807863712e-04
8.467400330118834972e-04
5.793484742753207684e-04
6.239137146621942520e-04
8.913053316064178944e-04
9.804358705878257751e-04
1.292392727918922901e-03
8.913053316064178944e-04
1.203262130729854107e-03
9.804358705878257751e-04
1.114131649956107140e-03
9.804358705878257751e-04
9.358705719932913780e-04
1.292392727918922901e-03
1.470653805881738663e-03
1.470653805881738663e-03
1.381523208692669868e-03
1.604349585250020027e-03
1.960871741175651550e-03
2.005436923354864120e-03
2.228263299912214279e-03
2.406524261459708214e-03
2.763046417385339737e-03
3.788047702983021736e-03
2.673916053026914597e-03
5.125005729496479034e-03
4.679352976381778717e-03
5.258701276034116745e-03
7.264138199388980865e-03
7.888051681220531464e-03
1.096305530518293381e-02
1.363697089254856110e-02
1.983154378831386566e-02
3.493916988372802734e-02
8.146530389785766602e-02
