3.837526440620422363e-01
1.083156540989875793e-01
6.102859601378440857e-02
4.051733016967773438e-02
3.192886710166931152e-02
2.445185370743274689e-02
1.707588136196136475e-02
1.566131226718425751e-02
1.323633454740047455e-02
1.060927566140890121e-02
1.071031671017408371e-02
9.901990182697772980e-03
9.396786801517009735e-03
9.901990182697772980e-03
8.689502254128456116e-03
1.020511239767074585e-02
7.881175726652145386e-03
8.184297941625118256e-03
7.679094560444355011e-03
6.466606166213750839e-03
7.578053977340459824e-03
6.769728381186723709e-03
8.689502254128456116e-03
5.557239521294832230e-03
5.658280104398727417e-03
7.477013394236564636e-03
5.961402319371700287e-03
5.254117306321859360e-03
5.456198938190937042e-03
5.052036140114068985e-03
4.445791710168123245e-03
4.950995091348886490e-03
5.658280104398727417e-03
4.546832293272018433e-03
3.334343666210770607e-03
3.839547280222177505e-03
4.445791710168123245e-03
4.041628912091255188e-03
4.142669495195150375e-03
4.344751127064228058e-03
3.637465881183743477e-03
3.031221684068441391e-03
2.121855039149522781e-03
3.536425065249204636e-03
2.121855039149522781e-03
3.536425065249204636e-03
3.031221684068441391e-03
4.142669495195150375e-03
3.233303083106875420e-03
2.424977254122495651e-03
2.627058653160929680e-03
2.526018070057034492e-03
2.526018070057034492e-03
2.728099469095468521e-03
1.919773640111088753e-03
1.818732940591871738e-03
1.111447927542030811e-03
1.313529326580464840e-03
2.930180868133902550e-03
1.313529326580464840e-03
8.083257707767188549e-04
1.414570026099681854e-03
2.424977254122495651e-03
1.111447927542030811e-03
1.414570026099681854e-03
1.717692241072654724e-03
1.919773640111088753e-03
1.717692241072654724e-03
1.919773640111088753e-03
1.616651541553437710e-03
8.083257707767188549e-04
1.212488627061247826e-03
8.083257707767188549e-04
1.515610842034220695e-03
8.083257707767188549e-04
7.072850130498409271e-04
1.515610842034220695e-03
1.212488627061247826e-03
1.313529326580464840e-03
1.010407228022813797e-03
9.093664702959358692e-04
1.111447927542030811e-03
9.093664702959358692e-04
5.052036140114068985e-04
1.616651541553437710e-03
1.212488627061247826e-03
1.414570026099681854e-03
8.083257707767188549e-04
4.041628853883594275e-04
4.041628853883594275e-04
8.083257707767188549e-04
1.010407228022813797e-03
3.031221567653119564e-04
1.111447927542030811e-03
4.041628853883594275e-04
6.062443135306239128e-04
5.052036140114068985e-04
1.313529326580464840e-03
1.313529326580464840e-03
