7.651487248949706554e-04
9.379242546856403351e-04
1.209428650327026844e-03
8.638775907456874847e-04
6.664198590442538261e-04
6.170553970150649548e-04
5.923731951043009758e-04
9.872886585071682930e-04
5.183265311643481255e-04
6.417376571334898472e-04
6.664198590442538261e-04
6.417376571334898472e-04
6.417376571334898472e-04
5.183265311643481255e-04
5.676909931935369968e-04
7.651487248949706554e-04
7.898309268057346344e-04
9.379242546856403351e-04
4.936443292535841465e-04
7.651487248949706554e-04
6.417376571334898472e-04
4.195976944174617529e-04
6.911020609550178051e-04
7.651487248949706554e-04
6.664198590442538261e-04
5.430087912827730179e-04
4.689621273428201675e-04
4.689621273428201675e-04
5.183265311643481255e-04
5.430087912827730179e-04
6.417376571334898472e-04
6.664198590442538261e-04
6.417376571334898472e-04
6.664198590442538261e-04
6.911020609550178051e-04
5.923731951043009758e-04
8.391953888349235058e-04
4.689621273428201675e-04
7.651487248949706554e-04
5.430087912827730179e-04
9.379242546856403351e-04
7.157842628657817841e-04
6.664198590442538261e-04
8.391953888349235058e-04
5.183265311643481255e-04
7.898309268057346344e-04
6.664198590442538261e-04
9.626064565964043140e-04
8.391953888349235058e-04
8.391953888349235058e-04
7.898309268057346344e-04
8.638775907456874847e-04
7.898309268057346344e-04
8.638775907456874847e-04
9.379242546856403351e-04
9.626064565964043140e-04
1.308157457970082760e-03
8.885597926564514637e-04
1.110699726268649101e-03
9.626064565964043140e-04
1.184746390208601952e-03
8.145131287164986134e-04
1.209428650327026844e-03
1.086017582565546036e-03
1.283475314266979694e-03
1.258793054148554802e-03
1.308157457970082760e-03
1.332839718088507652e-03
1.382204121910035610e-03
1.851166249252855778e-03
1.382204121910035610e-03
1.505615189671516418e-03
1.629026257432997227e-03
2.023941837251186371e-03
2.418857300654053688e-03
2.122670644894242287e-03
1.777119585312902927e-03
2.690361579880118370e-03
2.468221588060259819e-03
2.616314915940165520e-03
2.887819427996873856e-03
2.739726100116968155e-03
3.332099178805947304e-03
3.677650354802608490e-03
4.023201297968626022e-03
4.294705577194690704e-03
4.714303184300661087e-03
5.602863151580095291e-03
5.750956479460000992e-03
6.466740742325782776e-03
7.997037842869758606e-03
8.712822571396827698e-03
1.123040821403264999e-02
1.261261291801929474e-02
1.777119562029838562e-02
2.241145260632038116e-02
3.228433802723884583e-02
5.195606499910354614e-02
1.019375547766685486e-01
