4.255319237709045410e-01
1.276595741510391235e-01
0.000000000000000000e+00
2.127659507095813751e-02
0.000000000000000000e+00
2.127659507095813751e-02
2.127659507095813751e-02
2.127659507095813751e-02
0.000000000000000000e+00
0.000000000000000000e+00
0.000000000000000000e+00
2.127659507095813751e-02
0.000000000000000000e+00
0.000000000000000000e+00
0.000000000000000000e+00
0.000000000000000000e+00
0.000000000000000000e+00
2.127659507095813751e-02
0.000000000000000000e+00
0.000000000000000000e+00
0.000000000000000000e+00
2.127659507095813751e-02
0.000000000000000000e+00
2.127659507095813751e-02
0.000000000000000000e+00
2.127659507095813751e-02
0.000000000000000000e+00
0.000000000000000000e+00
0.000000000000000000e+00
0.000000000000000000e+00
0.000000000000000000e+00
2.127659507095813751e-02
0.000000000000000000e+00
2.127659507095813751e-02
0.000000000000000000e+00
0.000000000000000000e+00
0.000000000000000000e+00
0.000000000000000000e+00
0.000000000000000000e+00
0.000000000000000000e+00
0.000000000000000000e+00
2.127659507095813751e-02
0.000000000000000000e+00
2.127659507095813751e-02
0.000000000000000000e+00
0.000000000000000000e+00
0.000000000000000000e+00
0.000000000000000000e+00
0.000000000000000000e+00
0.000000000000000000e+00
4.255319014191627502e-02
0.000000000000000000e+00
0.000000000000000000e+00
2.127659507095813751e-02
0.000000000000000000e+00
0.000000000000000000e+00
0.000000000000000000e+00
0.000000000000000000e+00
0.000000000000000000e+00
0.000000000000000000e+00
0.000000000000000000e+00
0.000000000000000000e+00
0.000000000000000000e+00
0.000000000000000000e+00
0.000000000000000000e+00
0.000000000000000000e+00
0.000000000000000000e+00
2.127659507095813751e-02
0.000000000000000000e+00
0.000000000000000000e+00
0.000000000000000000e+00
0.000000000000000000e+00
0.000000000000000000e+00
0.000000000000000000e+00
0.000000000000000000e+00
0.000000000000000000e+00
0.000000000000000000e+00
0.000000000000000000e+00
0.000000000000000000e+00
0.000000000000000000e+00
0.000000000000000000e+00
0.000000000000000000e+00
0.000000000000000000e+00
0.000000000000000000e+00
0.000000000000000000e+00
2.127659507095813751e-02
0.000000000000000000e+00
0.000000000000000000e+00
2.127659507095813751e-02
0.000000000000000000e+00
0.000000000000000000e+00
0.000000000000000000e+00
0.000000000000000000e+00
2.127659507095813751e-02
0.000000000000000000e+00
2.127659507095813751e-02
0.000000000000000000e+00
0.000000000000000000e+00
0.000000000000000000e+00
