4.994940161705017090e-01
9.133840352296829224e-02
5.580750480294227600e-02
3.463138639926910400e-02
2.739777415990829468e-02
2.087627910077571869e-02
1.825268939137458801e-02
1.694089360535144806e-02
1.296802982687950134e-02
1.105655729770660400e-02
1.068175863474607468e-02
1.034444011747837067e-02
7.683370262384414673e-03
8.283047936856746674e-03
7.233611773699522018e-03
5.584498401731252670e-03
6.371575407683849335e-03
4.984820727258920670e-03
4.909860901534557343e-03
5.359619390219449997e-03
4.310183227062225342e-03
3.822945058345794678e-03
3.710505552589893341e-03
4.047824069857597351e-03
3.448146628215909004e-03
4.535062238574028015e-03
3.485626541078090668e-03
2.998388372361660004e-03
3.185787703841924667e-03
2.923428546637296677e-03
2.548630116507411003e-03
3.148307790979743004e-03
2.173831453546881676e-03
3.073347965255379677e-03
1.948952442035079002e-03
2.286271192133426666e-03
2.136351773515343666e-03
2.173831453546881676e-03
1.686593401245772839e-03
1.649113604798913002e-03
2.248791279271245003e-03
1.911472529172897339e-03
2.098871860653162003e-03
1.761553110554814339e-03
1.873992732726037502e-03
1.536673982627689838e-03
1.349274767562747002e-03
1.574153895489871502e-03
1.649113604798913002e-03
1.611633691936731339e-03
1.274315058253705502e-03
1.911472529172897339e-03
1.424234476871788502e-03
1.536673982627689838e-03
1.536673982627689838e-03
1.761553110554814339e-03
1.461714273318648338e-03
1.649113604798913002e-03
1.424234476871788502e-03
1.161875436082482338e-03
1.311794854700565338e-03
1.236835145391523838e-03
1.199355348944664001e-03
1.311794854700565338e-03
1.199355348944664001e-03
1.386754564009606838e-03
1.536673982627689838e-03
1.686593401245772839e-03
9.744762210175395012e-04
8.620366570539772511e-04
8.620366570539772511e-04
6.371575291268527508e-04
7.870769477449357510e-04
1.386754564009606838e-03
7.121172384358942509e-04
1.274315058253705502e-03
1.086915726773440838e-03
1.274315058253705502e-03
1.311794854700565338e-03
1.086915726773440838e-03
8.995165117084980011e-04
1.049435930326581001e-03
1.199355348944664001e-03
7.495970930904150009e-04
1.349274767562747002e-03
1.274315058253705502e-03
9.744762210175395012e-04
1.274315058253705502e-03
1.686593401245772839e-03
1.011956017464399338e-03
1.049435930326581001e-03
1.161875436082482338e-03
1.311794854700565338e-03
1.011956017464399338e-03
1.349274767562747002e-03
1.536673982627689838e-03
1.236835145391523838e-03
1.049435930326581001e-03
1.574153895489871502e-03
