1.186239605885930359e-04
3.954131898353807628e-05
0.000000000000000000e+00
0.000000000000000000e+00
0.000000000000000000e+00
0.000000000000000000e+00
3.954131898353807628e-05
7.908263796707615256e-05
3.954131898353807628e-05
0.000000000000000000e+00
0.000000000000000000e+00
0.000000000000000000e+00
0.000000000000000000e+00
0.000000000000000000e+00
0.000000000000000000e+00
3.954131898353807628e-05
0.000000000000000000e+00
0.000000000000000000e+00
0.000000000000000000e+00
3.954131898353807628e-05
0.000000000000000000e+00
3.954131898353807628e-05
0.000000000000000000e+00
0.000000000000000000e+00
0.000000000000000000e+00
3.954131898353807628e-05
0.000000000000000000e+00
0.000000000000000000e+00
0.000000000000000000e+00
0.000000000000000000e+00
0.000000000000000000e+00
0.000000000000000000e+00
0.000000000000000000e+00
0.000000000000000000e+00
0.000000000000000000e+00
0.000000000000000000e+00
3.954131898353807628e-05
3.954131898353807628e-05
3.954131898353807628e-05
0.000000000000000000e+00
0.000000000000000000e+00
3.954131898353807628e-05
0.000000000000000000e+00
0.000000000000000000e+00
0.000000000000000000e+00
0.000000000000000000e+00
0.000000000000000000e+00
3.954131898353807628e-05
0.000000000000000000e+00
0.000000000000000000e+00
0.000000000000000000e+00
0.000000000000000000e+00
0.000000000000000000e+00
0.000000000000000000e+00
0.000000000000000000e+00
0.000000000000000000e+00
0.000000000000000000e+00
3.954131898353807628e-05
0.000000000000000000e+00
3.954131898353807628e-05
0.000000000000000000e+00
0.000000000000000000e+00
0.000000000000000000e+00
0.000000000000000000e+00
0.000000000000000000e+00
0.000000000000000000e+00
3.954131898353807628e-05
0.000000000000000000e+00
0.000000000000000000e+00
0.000000000000000000e+00
3.954131898353807628e-05
0.000000000000000000e+00
0.000000000000000000e+00
0.000000000000000000e+00
0.000000000000000000e+00
3.954131898353807628e-05
0.000000000000000000e+00
0.000000000000000000e+00
7.908263796707615256e-05
0.000000000000000000e+00
0.000000000000000000e+00
3.954131898353807628e-05
3.954131898353807628e-05
0.000000000000000000e+00
3.954131898353807628e-05
3.954131898353807628e-05
3.954131898353807628e-05
3.954131898353807628e-05
1.186239605885930359e-04
2.372479211771860719e-04
7.908263796707615256e-05
7.908263796707615256e-05
1.581652759341523051e-04
0.000000000000000000e+00
0.000000000000000000e+00
1.581652759341523051e-04
2.767892437987029552e-04
5.535784875974059105e-04
1.621194183826446533e-03
