4.888515412390082702e+02
1.232183968220324743e+02
4.340512154460760108e+00
3.332318516252888330e+00
8.735577868424124759e+00
3.340341617027918097e+00
4.445014815466130642e+00
1.630530307349015828e+00
2.185453607540233545e+00
1.689199023219746465e+00
4.318942924244220549e+00
2.763371381143433059e+00
6.669967452201060354e+00
2.177382486974752229e+00
2.250744229504948013e+00
1.688962308990748618e+00
4.503254205759697371e+00
2.246187288287586625e+00
4.423569704586622464e+00
1.694582411015392198e+00
2.178081425928144466e+00
2.228987510657512772e+00
6.670799519078029149e+00
1.677662139315608369e+00
2.547202083614729870e-03
3.802457192411268228e+00
1.552977602624441289e+01
5.044602186640434027e+00
4.363062319738575390e+00
2.713652882824230339e+00
6.583666977327910175e+00
3.294514661825743040e+00
6.772413196974326866e+00
3.832365073120107102e+00
8.805630252310532313e+00
2.712525385512643883e+00
2.244964264064020831e+00
1.620911613354670600e+00
4.333319894317203769e+00
3.337365882283998442e+00
8.976017545627509975e+00
4.379967916546982920e+00
8.857242275500768258e+00
2.165347561362839013e+00
2.561014040898077371e-03
1.654856502734226353e+00
6.669759155194106448e+00
7.162219867071548229e+00
2.244758784459171252e+01
