1.701694072484520348e+03
4.324128896380458400e+02
3.969703110341927133e+00
1.841527177068982057e+00
3.218748107649011647e+00
1.313077741486607053e+00
1.988741229196280935e+00
1.463157334195456905e+00
3.887434733982567003e+00
1.778951700851302942e+00
3.236804090756895125e+00
1.727388236572128477e+00
3.634373250614596706e+00
1.209988090601420208e+00
1.285156855629809414e+00
1.800067749261232697e+00
5.892706870977814759e+00
2.339073930037832927e+00
3.595088610619826319e+00
1.925151510552942202e+00
3.939552037258352790e+00
1.828950271927707094e+00
3.220775412848911223e+00
1.449213639644886698e+00
2.634196930699306272e+00
1.121223705751408284e+00
1.991899646076582098e+00
1.126236887557076294e+00
2.593049774163054266e+00
1.414797449456126399e+00
2.896455651897753114e+00
1.238650430524245838e+00
1.956917348995141692e+00
1.037876317123140657e+00
2.262978163872110482e+00
1.138100046287257250e+00
2.255657887141018225e+00
1.224798768698275753e+00
2.643688107697426570e+00
1.545244300451645847e+00
3.514833506441963795e+00
1.243996156364843175e+00
1.288200747362284737e+00
5.687719563258794020e-01
9.741292591046261107e-01
6.502933524036780266e-01
1.620848702893976423e+00
9.804401310345199905e-01
2.300458046805299084e+00
