1.645176505798966105e+01
4.098744913932153899e+00
6.423577330980288725e-04
3.196221799331578207e-04
6.001989439469799636e-04
2.844093214135331657e-04
5.640822100273927596e-04
2.725351486043960060e-04
5.230440422729727354e-04
2.559726960980343927e-04
4.983296526048781698e-04
2.380753677819235953e-04
4.565307795787515639e-04
2.289108759166988752e-04
4.358818868791772445e-04
2.049073453819267481e-04
3.998214301243561281e-04
1.955388473174381474e-04
3.862199102794854522e-04
1.902209195788163922e-04
3.580302334754011345e-04
1.746470260086903424e-04
3.442269653267830210e-04
1.651780894109499808e-04
3.265966542515424433e-04
1.533051314231771744e-04
3.015765017761628435e-04
1.506611686862938148e-04
2.932305913381131430e-04
1.407678465522398505e-04
2.782907435357798685e-04
1.339256918508359147e-04
2.558624677909182902e-04
1.272969803390203527e-04
2.509332326072409277e-04
1.210177061279402963e-04
2.300161586330683660e-04
1.115853547662773053e-04
2.184840268817108777e-04
1.073381758112882924e-04
2.120423477337382481e-04
1.053943438269319601e-04
2.052073378775033489e-04
9.762455355859448315e-05
1.946546962111275910e-04
9.387561263772171310e-05
1.830888817212036239e-04
8.796998954460739874e-05
1.789481720486883472e-04
