2.490401298201864400e+00
6.651298503072752277e-01
1.313358775743630746e-01
7.423837229746084454e-02
1.611785199697601256e-01
7.694883250699047217e-02
1.432480046882791125e-01
6.265161921285558599e-02
1.094816841876367353e-01
8.898405854727474418e-02
2.368999613364014822e-01
9.542268274241136328e-02
1.524624190975693849e-01
1.063740962283967056e-01
2.648306214674429615e-01
1.264484805639765619e-01
2.194312820784245777e-01
1.114598890137091930e-01
2.225783982435478869e-01
1.344837777361878872e-01
3.007102103737707699e-01
1.739786599373067955e-01
3.803579932549357445e-01
1.907883817483055633e-01
3.694802207877992406e-01
1.917971181017819327e-01
3.759412329530837371e-01
2.255487937886515304e-01
5.208048716338944395e-01
2.304775075432707043e-01
3.818780737328796304e-01
2.369379742280670054e-01
5.714902616950641168e-01
3.104166892858841176e-01
6.866722211751828953e-01
3.517369451196253882e-01
7.520144302805624736e-01
4.667193318827192461e-01
1.126890935327090615e+00
6.834318753644644806e-01
1.612307598872020797e+00
8.813082771311793184e-01
1.947529371535224429e+00
1.174876064686475097e+00
2.768827633257214149e+00
2.011253140245800708e+00
5.234045393969611659e+00
1.142315264768647864e+01
4.041814342333731958e+01
