8.277193697910021797e+00
2.183556364378299364e+00
5.589203446971908740e-01
2.359567710893135384e-01
4.035814528801093259e-01
2.005731173403277889e-01
3.901152998205811295e-01
2.288121674014814144e-01
5.376441026180385219e-01
2.611334604713775320e-01
4.972217210732610693e-01
3.429452108746501304e-01
8.558124339785123658e-01
3.971966017009891381e-01
7.098291897209788592e-01
3.588301073069019020e-01
7.505983093574926102e-01
3.685564886945473795e-01
7.559700808431442098e-01
4.499306013987687258e-01
1.119617200042431371e+00
6.378445093483402495e-01
1.399709436350789815e+00
6.281208777161848555e-01
1.145846468506985794e+00
6.333689194217491103e-01
1.328289313569590790e+00
7.514120770870588162e-01
1.648456123095169312e+00
7.574875860198370114e-01
1.402991517932643317e+00
8.065400711903314424e-01
1.794958409844275238e+00
1.137426596243525712e+00
2.743874148702645233e+00
1.305617936519599898e+00
2.395050679015023665e+00
1.519082883354723634e+00
3.861714218742794191e+00
2.047221400932986324e+00
4.252509498963819468e+00
2.679938201305771095e+00
6.669437664678142141e+00
3.859387898142869311e+00
8.852029646116942985e+00
6.647763275752327061e+00
1.848630297198238281e+01
1.063113770214262672e+02
4.096937091657095493e+02
