6.177943811201937024e+03
1.539955717315465336e+03
2.906650311741656267e+01
1.581253423741323338e+01
3.358788335912159795e+01
1.493868378664943464e+01
2.699194746728784722e+01
1.470075207855794730e+01
3.340935446022963617e+01
1.688501174800932247e+01
3.514588624887993973e+01
1.914902607001481982e+01
4.054099206875538641e+01
1.796790922162706750e+01
3.076941023294271105e+01
1.647331852136931118e+01
3.352652826684445841e+01
1.780787690398215162e+01
3.740952980557529628e+01
1.976101613215915975e+01
4.142767998483702740e+01
1.571593534788113544e+01
2.201094482707706135e+01
1.099082752462064150e+01
2.219704443937553151e+01
1.015203267867277148e+01
1.772597123376128536e+01
9.815613417833594312e+00
2.247566969458686970e+01
9.921025899628922673e+00
1.788664023269425130e+01
9.541013010038794206e+00
1.991086377091313508e+01
1.014866918799588191e+01
1.995254494362623277e+01
1.088754742507435758e+01
2.428407069664304174e+01
1.222514524529973556e+01
2.449572442578500286e+01
1.033895304650918412e+01
1.773203412307366023e+01
8.420788131701316459e+00
1.578488557341944798e+01
1.150605661933816570e+01
3.126160688876041860e+01
1.301127286062606458e+01
2.027965049056012248e+01
1.110134939222490047e+01
2.431915619179426358e+01
