3.869695432686497849e+00
1.063130270975105596e+00
3.827394020264091035e-01
1.168460733818532521e-01
8.202134131344158974e-02
4.685585455292502755e-02
1.054871527276972643e-01
8.207445055886748719e-02
2.195367210978044492e-01
1.073313636866856935e-01
2.176256699055216237e-01
1.860164402369123005e-01
5.087474382751298041e-01
1.968511601055258353e-01
2.676854938327271061e-01
1.718387878754053799e-01
4.026190733533316912e-01
1.918840253077891134e-01
3.432444184606416315e-01
2.344005627672436087e-01
5.734130019695523606e-01
2.928006707991114288e-01
6.261892577927715697e-01
2.919099904877595630e-01
5.402678086410572789e-01
2.778176705152241022e-01
6.045065397432365373e-01
3.139176436347915211e-01
6.460495539616972760e-01
3.552337485030233055e-01
7.399531239605520172e-01
3.954218029433941295e-01
8.378889401039236740e-01
6.076869672667697397e-01
1.651563422621516786e+00
6.858193015246579760e-01
1.202715020625550801e+00
8.496506792191083068e-01
2.086352880230253337e+00
1.051232458847474627e+00
1.979173653450942316e+00
1.471338902198947585e+00
3.781587866070982074e+00
2.344536249885674550e+00
5.376204333767416799e+00
4.196344844796042750e+00
1.171065827568959961e+01
9.797888189875308740e+01
3.672707924618683819e+02
