4.153225719928741455e-01
1.250000000000000000e-01
6.048386916518211365e-02
1.612903177738189697e-02
2.016128972172737122e-02
2.822580561041831970e-02
1.612903177738189697e-02
4.032257944345474243e-03
2.016128972172737122e-02
1.612903177738189697e-02
8.064515888690948486e-03
1.209677383303642273e-02
8.064515888690948486e-03
0.000000000000000000e+00
8.064515888690948486e-03
8.064515888690948486e-03
1.209677383303642273e-02
4.032257944345474243e-03
4.032257944345474243e-03
4.032257944345474243e-03
8.064515888690948486e-03
4.032257944345474243e-03
8.064515888690948486e-03
0.000000000000000000e+00
1.612903177738189697e-02
0.000000000000000000e+00
8.064515888690948486e-03
0.000000000000000000e+00
1.209677383303642273e-02
4.032257944345474243e-03
0.000000000000000000e+00
4.032257944345474243e-03
0.000000000000000000e+00
4.032257944345474243e-03
8.064515888690948486e-03
4.032257944345474243e-03
4.032257944345474243e-03
0.000000000000000000e+00
4.032257944345474243e-03
1.209677383303642273e-02
0.000000000000000000e+00
1.209677383303642273e-02
0.000000000000000000e+00
1.209677383303642273e-02
0.000000000000000000e+00
0.000000000000000000e+00
4.032257944345474243e-03
0.000000000000000000e+00
4.032257944345474243e-03
8.064515888690948486e-03
0.000000000000000000e+00
0.000000000000000000e+00
4.032257944345474243e-03
4.032257944345474243e-03
4.032257944345474243e-03
0.000000000000000000e+00
0.000000000000000000e+00
4.032257944345474243e-03
4.032257944345474243e-03
4.032257944345474243e-03
0.000000000000000000e+00
4.032257944345474243e-03
8.064515888690948486e-03
0.000000000000000000e+00
0.000000000000000000e+00
0.000000000000000000e+00
4.032257944345474243e-03
0.000000000000000000e+00
4.032257944345474243e-03
0.000000000000000000e+00
0.000000000000000000e+00
0.000000000000000000e+00
0.000000000000000000e+00
0.000000000000000000e+00
0.000000000000000000e+00
0.000000000000000000e+00
4.032257944345474243e-03
0.000000000000000000e+00
0.000000000000000000e+00
0.000000000000000000e+00
0.000000000000000000e+00
0.000000000000000000e+00
0.000000000000000000e+00
0.000000000000000000e+00
4.032257944345474243e-03
0.000000000000000000e+00
0.000000000000000000e+00
0.000000000000000000e+00
4.032257944345474243e-03
0.000000000000000000e+00
0.000000000000000000e+00
0.000000000000000000e+00
0.000000000000000000e+00
0.000000000000000000e+00
0.000000000000000000e+00
4.032257944345474243e-03
4.032257944345474243e-03
0.000000000000000000e+00
4.032257944345474243e-03
