5.469078663736581802e-03
4.974139388650655746e-03
4.949392285197973251e-03
5.568066611886024475e-03
5.196861922740936279e-03
5.196861922740936279e-03
4.182236734777688980e-03
4.899898543953895569e-03
4.404959268867969513e-03
4.776163958013057709e-03
4.107995890080928802e-03
4.132742527872323990e-03
3.588309511542320251e-03
3.934767097234725952e-03
3.885273123160004616e-03
3.365586977452039719e-03
3.340839873999357224e-03
3.712044330313801765e-03
3.365586977452039719e-03
3.365586977452039719e-03
3.068623365834355354e-03
3.910019993782043457e-03
3.019129391759634018e-03
3.390333848074078560e-03
3.291345899924635887e-03
3.464574692770838737e-03
3.712044330313801765e-03
3.712044330313801765e-03
4.033755045384168625e-03
3.934767097234725952e-03
3.959514200687408447e-03
3.390333848074078560e-03
4.429706372320652008e-03
3.910019993782043457e-03
3.712044330313801765e-03
3.613056382164359093e-03
4.182236734777688980e-03
4.281224682927131653e-03
3.712044330313801765e-03
4.751416854560375214e-03
4.305971320718526840e-03
3.984260838478803635e-03
4.256477579474449158e-03
4.776163958013057709e-03
3.835779149085283279e-03
4.949392285197973251e-03
4.503947217017412186e-03
4.355465527623891830e-03
4.033755045384168625e-03
5.419584922492504120e-03
5.592813249677419662e-03
5.394837819039821625e-03
5.320596974343061447e-03
5.988765042275190353e-03
5.617560353130102158e-03
6.013511680066585541e-03
6.805414799600839615e-03
5.815536249428987503e-03
6.755920592695474625e-03
6.161993835121393204e-03
6.260981317609548569e-03
6.755920592695474625e-03
7.102378178387880325e-03
7.523076608777046204e-03
6.879655644297599792e-03
7.721052039414644241e-03
7.869534194469451904e-03
9.552327916026115417e-03
8.587195537984371185e-03
9.676062501966953278e-03
9.577074088156223297e-03
9.527580812573432922e-03
9.849291294813156128e-03
1.086391601711511612e-02
1.051745936274528503e-02
1.116088032722473145e-02
1.012150757014751434e-02
1.326437201350927353e-02
1.220025215297937393e-02
1.232398767024278641e-02
1.346234790980815887e-02
1.410576887428760529e-02
1.465020142495632172e-02
1.432849094271659851e-02
1.455121394246816635e-02
1.571432128548622131e-02
1.633299514651298523e-02
1.682793349027633667e-02
1.630824804306030273e-02
1.801578886806964874e-02
1.989655755460262299e-02
2.165359258651733398e-02
2.279195189476013184e-02
2.548937126994132996e-02
3.004281222820281982e-02
3.662550449371337891e-02
4.810809344053268433e-02
5.535895377397537231e-02
5.699225515127182007e-02
