2.029632596531882882e-04
2.029632596531882882e-04
0.000000000000000000e+00
2.029632596531882882e-04
2.029632596531882882e-04
0.000000000000000000e+00
2.029632596531882882e-04
0.000000000000000000e+00
4.059265193063765764e-04
0.000000000000000000e+00
4.059265193063765764e-04
0.000000000000000000e+00
0.000000000000000000e+00
2.029632596531882882e-04
0.000000000000000000e+00
0.000000000000000000e+00
0.000000000000000000e+00
2.029632596531882882e-04
0.000000000000000000e+00
0.000000000000000000e+00
0.000000000000000000e+00
0.000000000000000000e+00
0.000000000000000000e+00
4.059265193063765764e-04
0.000000000000000000e+00
4.059265193063765764e-04
0.000000000000000000e+00
0.000000000000000000e+00
2.029632596531882882e-04
0.000000000000000000e+00
2.029632596531882882e-04
0.000000000000000000e+00
2.029632596531882882e-04
2.029632596531882882e-04
0.000000000000000000e+00
2.029632596531882882e-04
0.000000000000000000e+00
0.000000000000000000e+00
4.059265193063765764e-04
0.000000000000000000e+00
0.000000000000000000e+00
0.000000000000000000e+00
2.029632596531882882e-04
2.029632596531882882e-04
0.000000000000000000e+00
2.029632596531882882e-04
0.000000000000000000e+00
0.000000000000000000e+00
0.000000000000000000e+00
2.029632596531882882e-04
0.000000000000000000e+00
0.000000000000000000e+00
0.000000000000000000e+00
0.000000000000000000e+00
4.059265193063765764e-04
0.000000000000000000e+00
2.029632596531882882e-04
0.000000000000000000e+00
0.000000000000000000e+00
0.000000000000000000e+00
0.000000000000000000e+00
2.029632596531882882e-04
0.000000000000000000e+00
4.059265193063765764e-04
2.029632596531882882e-04
2.029632596531882882e-04
2.029632596531882882e-04
0.000000000000000000e+00
4.059265193063765764e-04
2.029632596531882882e-04
2.029632596531882882e-04
2.029632596531882882e-04
0.000000000000000000e+00
2.029632596531882882e-04
2.029632596531882882e-04
4.059265193063765764e-04
6.088897935114800930e-04
0.000000000000000000e+00
2.029632596531882882e-04
2.029632596531882882e-04
8.118530386127531528e-04
0.000000000000000000e+00
0.000000000000000000e+00
1.014816341921687126e-03
2.029632596531882882e-04
1.217779587022960186e-03
8.118530386127531528e-04
8.118530386127531528e-04
1.217779587022960186e-03
3.247412154451012611e-03
1.217779587022960186e-03
8.118530386127531528e-04
2.029632683843374252e-03
1.623706077225506306e-03
5.682971328496932983e-03
4.059265367686748505e-03
9.336310438811779022e-03
1.177186891436576843e-02
2.618226036429405212e-02
