3.085554111748933792e-03
3.179055638611316681e-03
3.366058925166726112e-03
2.711547538638114929e-03
2.805049065500497818e-03
4.020570311695337296e-03
3.459560452029109001e-03
3.459560452029109001e-03
2.898550825193524361e-03
3.553062211722135544e-03
2.524544252082705498e-03
2.805049065500497818e-03
2.805049065500497818e-03
3.272557165473699570e-03
2.431042492389678955e-03
3.833567025139927864e-03
2.337540965527296066e-03
2.150537678971886635e-03
2.057035919278860092e-03
2.524544252082705498e-03
2.711547538638114929e-03
2.898550825193524361e-03
2.431042492389678955e-03
3.179055638611316681e-03
2.337540965527296066e-03
2.992052352055907249e-03
1.870032749138772488e-03
2.898550825193524361e-03
2.431042492389678955e-03
2.337540965527296066e-03
2.524544252082705498e-03
4.207573831081390381e-03
3.272557165473699570e-03
2.992052352055907249e-03
4.020570311695337296e-03
2.711547538638114929e-03
3.366058925166726112e-03
3.272557165473699570e-03
2.618045778945088387e-03
3.459560452029109001e-03
3.272557165473699570e-03
3.833567025139927864e-03
2.711547538638114929e-03
3.366058925166726112e-03
2.898550825193524361e-03
3.366058925166726112e-03
3.927068784832954407e-03
3.740065498277544975e-03
3.272557165473699570e-03
3.553062211722135544e-03
4.955586511641740799e-03
3.833567025139927864e-03
3.740065498277544975e-03
5.423095077276229858e-03
3.646563738584518433e-03
4.955586511641740799e-03
6.077606230974197388e-03
5.329593084752559662e-03
4.675081931054592133e-03
4.955586511641740799e-03
4.114071838557720184e-03
6.638616323471069336e-03
5.142590031027793884e-03
5.984104704111814499e-03
6.825619377195835114e-03
7.480130996555089951e-03
6.264609750360250473e-03
7.293127477169036865e-03
6.358111277222633362e-03
6.545114330947399139e-03
8.041140623390674591e-03
8.602150715887546539e-03
8.415147662162780762e-03
8.882655762135982513e-03
9.537166915833950043e-03
7.947638630867004395e-03
1.112669426947832108e-02
9.630668908357620239e-03
1.084619015455245972e-02
1.262272056192159653e-02
1.252921950072050095e-02
1.187470741569995880e-02
1.290322560817003250e-02
1.355773769319057465e-02
1.252921950072050095e-02
1.280972454696893692e-02
1.318373065441846848e-02
1.486676000058650970e-02
1.533426810055971146e-02
1.439925190061330795e-02
1.907433383166790009e-02
1.776531152427196503e-02
2.318840660154819489e-02
2.318840660154819489e-02
2.720897644758224487e-02
3.394109383225440979e-02
4.684431850910186768e-02
5.516596511006355286e-02
7.152875512838363647e-02
