4.794149398803710938e-01
1.105092093348503113e-01
6.229685992002487183e-02
3.846153989434242249e-02
2.654387801885604858e-02
1.462621893733739853e-02
1.841820217669010162e-02
1.462621893733739853e-02
8.667388930916786194e-03
1.354279555380344391e-02
7.042253389954566956e-03
8.667388930916786194e-03
9.209101088345050812e-03
9.209101088345050812e-03
1.137594785541296005e-02
7.583965547382831573e-03
5.958830006420612335e-03
6.500541698187589645e-03
1.625135424546897411e-03
4.333694465458393097e-03
3.250270849093794823e-03
4.875406157225370407e-03
5.958830006420612335e-03
6.500541698187589645e-03
3.250270849093794823e-03
4.333694465458393097e-03
3.250270849093794823e-03
4.875406157225370407e-03
4.333694465458393097e-03
2.708559157326817513e-03
2.708559157326817513e-03
1.083423616364598274e-03
2.708559157326817513e-03
3.250270849093794823e-03
2.708559157326817513e-03
1.083423616364598274e-03
1.625135424546897411e-03
3.250270849093794823e-03
1.083423616364598274e-03
2.708559157326817513e-03
3.250270849093794823e-03
1.625135424546897411e-03
3.250270849093794823e-03
3.250270849093794823e-03
1.625135424546897411e-03
2.166847232729196548e-03
0.000000000000000000e+00
1.625135424546897411e-03
1.083423616364598274e-03
1.625135424546897411e-03
1.625135424546897411e-03
2.708559157326817513e-03
1.083423616364598274e-03
5.417118081822991371e-04
1.625135424546897411e-03
2.166847232729196548e-03
3.791982773691415787e-03
2.166847232729196548e-03
1.083423616364598274e-03
2.166847232729196548e-03
1.625135424546897411e-03
1.625135424546897411e-03
1.625135424546897411e-03
0.000000000000000000e+00
3.791982773691415787e-03
1.083423616364598274e-03
1.625135424546897411e-03
5.417118081822991371e-04
0.000000000000000000e+00
1.625135424546897411e-03
0.000000000000000000e+00
2.166847232729196548e-03
0.000000000000000000e+00
5.417118081822991371e-04
0.000000000000000000e+00
1.083423616364598274e-03
5.417118081822991371e-04
1.083423616364598274e-03
1.625135424546897411e-03
2.708559157326817513e-03
1.083423616364598274e-03
5.417118081822991371e-04
1.083423616364598274e-03
1.083423616364598274e-03
5.417118081822991371e-04
5.417118081822991371e-04
5.417118081822991371e-04
1.625135424546897411e-03
1.083423616364598274e-03
5.417118081822991371e-04
0.000000000000000000e+00
5.417118081822991371e-04
5.417118081822991371e-04
1.625135424546897411e-03
0.000000000000000000e+00
0.000000000000000000e+00
0.000000000000000000e+00
1.625135424546897411e-03
0.000000000000000000e+00
