3.521046638488769531e-01
9.726962447166442871e-02
5.972696095705032349e-02
4.664391279220581055e-02
3.981797397136688232e-02
2.502844110131263733e-02
1.820250228047370911e-02
1.422070525586605072e-02
1.478953380137681961e-02
1.365187671035528183e-02
1.535836141556501389e-02
1.080773584544658661e-02
1.023890823125839233e-02
1.137656439095735550e-02
7.394766900688409805e-03
1.194539293646812439e-02
8.532423526048660278e-03
8.532423526048660278e-03
8.532423526048660278e-03
7.963594980537891388e-03
5.119454115629196167e-03
7.394766900688409805e-03
8.532423526048660278e-03
8.532423526048660278e-03
3.412969177588820457e-03
8.532423526048660278e-03
3.412969177588820457e-03
5.688282195478677750e-03
3.412969177588820457e-03
2.275312785059213638e-03
8.532423526048660278e-03
4.550625570118427277e-03
3.412969177588820457e-03
3.981797490268945694e-03
3.412969177588820457e-03
5.119454115629196167e-03
3.981797490268945694e-03
3.412969177588820457e-03
2.844141097739338875e-03
3.412969177588820457e-03
2.275312785059213638e-03
1.706484588794410229e-03
2.844141097739338875e-03
4.550625570118427277e-03
4.550625570118427277e-03
2.275312785059213638e-03
1.706484588794410229e-03
7.394766900688409805e-03
2.844141097739338875e-03
2.844141097739338875e-03
4.550625570118427277e-03
5.688281962648034096e-04
2.275312785059213638e-03
2.275312785059213638e-03
2.275312785059213638e-03
2.275312785059213638e-03
2.275312785059213638e-03
2.844141097739338875e-03
3.412969177588820457e-03
1.137656392529606819e-03
5.688281962648034096e-04
1.706484588794410229e-03
1.706484588794410229e-03
1.137656392529606819e-03
2.275312785059213638e-03
1.706484588794410229e-03
3.412969177588820457e-03
1.137656392529606819e-03
2.844141097739338875e-03
1.137656392529606819e-03
3.412969177588820457e-03
5.688281962648034096e-04
1.137656392529606819e-03
1.706484588794410229e-03
5.688281962648034096e-04
1.137656392529606819e-03
1.137656392529606819e-03
3.412969177588820457e-03
2.844141097739338875e-03
1.137656392529606819e-03
2.844141097739338875e-03
1.137656392529606819e-03
2.275312785059213638e-03
1.137656392529606819e-03
2.275312785059213638e-03
0.000000000000000000e+00
4.550625570118427277e-03
5.688281962648034096e-04
2.275312785059213638e-03
2.844141097739338875e-03
1.137656392529606819e-03
0.000000000000000000e+00
0.000000000000000000e+00
1.137656392529606819e-03
1.137656392529606819e-03
0.000000000000000000e+00
1.137656392529606819e-03
1.137656392529606819e-03
1.137656392529606819e-03
