1.025857061500713874e+00
2.654352650320211948e-01
1.962858996524759550e-02
1.299216841135148424e-02
3.200027373686648025e-02
1.362237304066638358e-02
2.146160804411419154e-02
1.213078183704999549e-02
2.781070638315109173e-02
1.276328848403248187e-02
2.309565206657305386e-02
1.149465310573711228e-02
2.325074187966162664e-02
1.130440965197143481e-02
2.185504046407921175e-02
1.355658332189358696e-02
3.213914694946287676e-02
1.450567447299763377e-02
2.586890011377228002e-02
1.560908477350710089e-02
3.490531048148949600e-02
1.567449137628364880e-02
2.773885109589391967e-02
1.622449821602622508e-02
3.631925754310133536e-02
1.690103694725501871e-02
3.243164439417817180e-02
1.691998090415409300e-02
3.502483972434281001e-02
1.688949851992405105e-02
3.459198046267207560e-02
1.735572862706458858e-02
3.409046647850637324e-02
1.785743118295755189e-02
3.946285672200267047e-02
2.139015926424947187e-02
4.581627065300256790e-02
2.771664787375009015e-02
6.653850869445084026e-02
3.984543350660478545e-02
9.226568197684058281e-02
5.479621778276753952e-02
1.199764940939346824e-01
7.585771001830048099e-02
1.826090979831790084e-01
1.141729339696644363e-01
2.696797035809415655e-01
6.130152043701607711e-01
2.275118966988098013e+00
