1.582217867155979747e-03
4.043201071566700981e-04
5.318890937845188093e-05
2.279751282966443096e-05
3.683762563521362533e-05
2.434372901510564139e-05
5.903202805672774453e-05
2.367335403360419603e-05
3.785174495466228222e-05
1.938589602536347926e-05
4.326155499821491825e-05
2.243762045892288941e-05
4.767877509613738560e-05
2.026030912585087909e-05
3.111421312682272284e-05
2.805285298773386361e-05
7.932489359615914662e-05
3.044647558939803610e-05
4.171509225661232568e-05
2.460068990483318100e-05
5.719899543425884908e-05
2.990242239995159729e-05
6.260161964339537024e-05
3.617380235729785826e-05
8.019134981579565270e-05
5.143598523055965008e-05
1.237882447403421701e-04
6.063045363981271291e-05
1.141462681104255856e-04
6.602703748406584233e-05
1.423751859025107296e-04
6.410004462155577171e-05
1.150511770010159289e-04
5.819434856350499637e-05
1.205682896457742993e-04
8.438792861017091257e-05
2.118412553660553078e-04
1.010205346427603667e-04
2.057612496712982815e-04
1.139872109346215404e-04
2.691215218400977048e-04
1.641814373626511198e-04
3.812624457535168307e-04
2.775961018912647565e-04
7.471286284563812344e-04
5.497532246729115073e-04
1.507875997823569314e-03
4.213177538499219416e-02
1.633683080594476034e-01
