1.041926493019788014e+00
2.612422704238575033e-01
2.012125909819013903e-02
1.285676446414103086e-02
3.209400014713769539e-02
1.315069550625364361e-02
2.086305461539118833e-02
1.235066036764766693e-02
2.739978501794226168e-02
1.273606362953461253e-02
2.317266308612130066e-02
1.148867252849417910e-02
2.317982493121666793e-02
1.138389117451953959e-02
2.250431945788681012e-02
1.353277269597179602e-02
3.152887026204896637e-02
1.466077247558455685e-02
2.490565765702655934e-02
1.539277792975253349e-02
3.495802704546935313e-02
1.587763150939619505e-02
2.727311282712516910e-02
1.569584810735512662e-02
3.558805331536522149e-02
1.717576526266856654e-02
3.260064417461019937e-02
1.644546167109694687e-02
3.491259537315009182e-02
1.705482181323939028e-02
3.403473168077374156e-02
1.666619892792424451e-02
3.309782964682043971e-02
1.772137095351871208e-02
3.946433389998963565e-02
2.145624052068912518e-02
4.571225831023436464e-02
2.746315557890302225e-02
6.591971965079915230e-02
4.029618049388866696e-02
9.471593121029953100e-02
5.389773794550396097e-02
1.220253521690324722e-01
7.747506336321088871e-02
1.839307492317142356e-01
1.159460122317611946e-01
2.727510550395738642e-01
6.869741098493706843e-01
2.448325846967484676e+00
