5.143043908479388620e+02
1.303707768979465413e+02
2.669590420053028716e-03
2.686350987247276660e-03
2.492046624055170318e-03
2.556473136113150343e-03
2.675160832002719969e-03
5.785135735386994771e-01
2.243982332006644320e+00
1.725365477597004427e+00
4.625841983646862943e+00
1.666604183966071906e+00
2.305771700888274101e+00
1.728742444986689053e+00
4.501499212516183235e+00
1.143353673678546123e+00
2.685899753521653766e-03
2.676187904698197444e-03
2.692607502775270709e-03
5.639876139630153329e-01
2.217695500445767465e+00
1.713428294291168941e+00
4.621220066863701348e+00
1.664322290020879169e+00
2.288634663035732153e+00
1.726536353980471228e+00
4.454834477546663507e+00
2.886387659679162887e+00
6.757496155197055820e+00
2.226955148114932115e+00
2.228909838131312604e+00
2.250903036967156545e+00
6.916608952335970173e+00
2.768863257497709895e+00
4.629229377250508648e+00
2.230320685783905521e+00
4.429767075286165756e+00
2.306705133715039935e+00
4.542430145993990642e+00
3.974397073555679061e+00
1.138221058910415273e+01
4.569197662512939573e+00
6.934290661373000653e+00
4.014008962836519423e+00
8.903714816335449811e+00
5.077509397728290352e+00
1.113891571300428751e+01
1.037349152488965309e+01
2.956176687886323862e+01
