1.647791281973904276e+01
4.074343194235453325e+00
5.074433896032670742e-04
2.409551939941259927e-04
4.696440530592511302e-04
2.287914615954342377e-04
4.461075911145900592e-04
2.152596169394201033e-04
4.115341949883235227e-04
2.017781058735789248e-04
3.937676262364151543e-04
1.895127287230320831e-04
3.752431070666691006e-04
1.795400018855676896e-04
3.517851451783225096e-04
1.736615831156301934e-04
3.414744133116586378e-04
1.622897850712425028e-04
3.268747526408485719e-04
1.588577079030833886e-04
3.084003750123992960e-04
1.520413948432125452e-04
3.001634835724787645e-04
1.472229245745556637e-04
2.841421697790173740e-04
1.378473223853644402e-04
2.670229344801463190e-04
1.331872399530565536e-04
2.615270982331273667e-04
1.271726512709683832e-04
2.499559013540199066e-04
1.191690955063400296e-04
2.341125115377424193e-04
1.181039212142334535e-04
2.320657047024055281e-04
1.144433351633526941e-04
2.252039152815047134e-04
1.095126376203874155e-04
2.160441052362337697e-04
1.025289407108716857e-04
2.027915036064408818e-04
1.007507038144539924e-04
1.990346285022569445e-04
9.820632820565208321e-05
1.920093823713679780e-04
9.541344542762757858e-05
1.839456476527063687e-04
8.933009383826437540e-05
1.765240657677259067e-04
