2.388669838923665467e-01
6.042081634346722213e-02
9.465838423083508188e-03
2.432436638148303357e-03
1.272279380936257222e-04
4.090203514301902436e-05
3.737090780794986866e-05
2.396100928260206948e-03
9.407919881385845215e-03
4.834968314687067455e-03
9.440455975845613024e-03
2.405420432515337908e-03
1.836533478705293777e-04
2.468573919935827983e-03
9.666216752550572250e-03
2.439111173640340705e-03
1.126135199290339634e-04
7.489779581655605744e-05
1.873020575176774461e-04
6.603129579393352802e-05
7.373403801911252570e-05
3.307221399430969691e-05
5.541650545103444034e-05
6.977035700404007716e-05
2.225545940872521817e-04
7.876620550032556207e-05
9.109316589043592663e-05
9.667584286371852238e-05
2.990009813649251993e-04
2.455155406067358222e-03
9.795571188870800389e-03
4.744028979278034491e-03
9.718958445500410631e-03
7.072052836084161652e-03
1.882089980585731001e-02
4.886718648281136203e-03
3.354654441307341572e-04
4.813036558929339147e-03
1.905051577782405220e-02
1.186963067331429748e-02
2.899687477776582284e-02
1.472334622410976721e-02
2.947822468658588962e-02
1.912173894355307519e-02
4.863914337264139964e-02
1.591606200614824052e-01
6.039902429439311105e-01
1.195299248182498664e+00
4.095119736117927012e+00
