9.676767426095503463e-04
5.806060746976388120e-04
5.806060261444579134e-04
5.806060261444579134e-04
2.903030130722289567e-04
7.741413843770040756e-04
4.838383713047751731e-04
6.773736809841404910e-04
5.806060261444579134e-04
1.935353582325462707e-04
6.289898535642991480e-04
6.289898535642991480e-04
5.322221987246165704e-04
6.773737295373214980e-04
5.806060261444579134e-04
2.903030130722289567e-04
2.419191856523875866e-04
8.709089906635058631e-04
7.257576055103437396e-04
8.709090877698676602e-04
6.289899021174801550e-04
8.225252603500263172e-04
3.870706679119115885e-04
7.741413843770040756e-04
5.806060746976388120e-04
9.676766455031885492e-04
1.016060472923029784e-03
8.709090877698676602e-04
5.322221987246165704e-04
5.322221987246165704e-04
1.016060570029391798e-03
1.354747361968280982e-03
9.676767426095503463e-04
1.209595879708756953e-03
1.935353291006377098e-03
1.935353485219100693e-03
2.757878745569127335e-03
1.790201808746853069e-03
3.048181515875451365e-03
2.370807931997672563e-03
4.161009934957249877e-03
3.290101041400105269e-03
5.467373275292965705e-03
5.806060067231854672e-03
6.047979204331061821e-03
9.144544936051801284e-03
1.669242512095062830e-02
2.840131135655223071e-02
3.008022845894876007e-01
