6.540394840828613269e+03
1.586852519924061880e+03
9.097124189722631371e+00
5.988360317070318573e+00
1.567314105223243814e+01
7.116252848537873987e+00
1.340279838567046689e+01
7.267217130492596766e+00
1.546961524748219396e+01
6.774490723841553041e+00
1.108201905748891569e+01
3.327618847737640717e+00
2.247961616074301006e+00
3.422620851651689389e+00
1.092001226927496127e+01
6.064690786985587501e+00
1.347519903986056811e+01
6.139647474013549378e+00
1.133346575764964292e+01
5.013051511258803217e+00
8.991433904638901353e+00
3.992444575824294795e+00
6.627220389613180274e+00
2.852378862704613383e+00
4.429596061879984781e+00
3.405820658745836393e+00
8.846168143825961394e+00
4.465314298073980837e+00
8.893002163173742147e+00
5.483152635910931494e+00
1.342670126822484278e+01
8.515107128257842106e+00
2.016436752165441249e+01
6.741366776116811899e+00
6.644560977313986427e+00
3.935545421671025057e+00
9.105624063977192151e+00
6.552445030912473989e+00
1.743612258206222521e+01
7.641073950222968314e+00
1.328010315615759573e+01
5.621277926479513631e+00
9.054432593127708984e+00
9.297358231481068103e+00
2.898432581435289990e+01
1.403600659280473018e+01
2.708521036821588268e+01
2.966600411723494091e+01
9.112759647421893305e+01
