7.920211263602667173e-04
4.643619782583061593e-03
2.718216629239490235e-03
3.057993751844029044e-03
8.834204200533248008e-03
2.604957596728596416e-03
1.131458751943238071e-04
2.265180394064634324e-04
2.265180551725295109e-04
1.698885380656143184e-04
6.795541540201938081e-04
4.530361037788863403e-04
5.657293759716190354e-05
2.831475555704388611e-04
2.831475525502299951e-04
1.698885380656143184e-04
5.662951724103235107e-04
4.530361037788863403e-04
5.657293759716190354e-05
5.096655697274639569e-04
2.831475525502299951e-04
3.964066125221565027e-04
8.494426925252421788e-04
6.795541964036526383e-04
8.521015603590550210e-04
2.265180394064634324e-04
1.698885413793971332e-04
2.831475752938854241e-04
1.132590212640160847e-03
3.964065908065255274e-04
5.657293759716190354e-05
3.397770717344143440e-04
2.831475525502299951e-04
1.698885380656143184e-04
1.868774055736018794e-03
7.928131816130510549e-04
1.131458751943238071e-04
7.928131252979027637e-04
1.132590210200919980e-03
3.964066125221565027e-04
3.114623249986050047e-03
8.494427760560581235e-04
1.697188189913405559e-04
1.302478745524243394e-03
1.698885315301379862e-03
1.075960764784613831e-03
3.341141477566762774e-03
1.245849366862583759e-03
3.394375883838424038e-04
1.755514874836047040e-03
1.925403567459092313e-03
1.642255915372384679e-03
6.285875792506306035e-03
1.982033035503274164e-03
1.131458727143818798e-03
2.548327848637319676e-03
3.341141330210242125e-03
4.133954663287179102e-03
9.910165318909931742e-03
6.059357806571958119e-03
8.492729568409816965e-01
8.549357385912762508e-01
2.699528819593862150e-01
1.210116034882576797e+00
1.098839043258165837e+00
3.343972660361965166e-01
