8.106047757069459458e-02
3.958202557024615764e+00
7.837026852945473188e+00
1.126630426873084234e-01
3.892268823946176681e+00
1.018272678824511779e+01
4.227523014118638183e-04
1.253822087828031506e-01
3.909116807041246311e-01
8.404572921857760828e-04
2.672994715965894552e-01
6.718930396501908708e-01
5.613181066062258168e-03
1.309954097954655616e-01
4.822760087006210394e-01
2.403955924547597142e-02
2.511427008769754887e-01
7.215853353738841403e-01
5.208694305903457987e-04
1.338970509274950149e-01
5.673565697877234193e-01
2.442082473306366255e-02
2.946918648999375390e-01
7.707819804951803189e-01
3.294097618952203897e-03
2.148917515466414463e-01
6.576224759483840776e-01
2.950304059319178857e-02
3.413732015871188130e-01
8.545034451216961813e-01
1.096340347626676218e-02
2.306430457871642137e-01
7.201846450179648640e-01
2.959611012187693749e-02
4.137184041670495249e-01
9.204363954639767087e-01
1.426254755363508438e-02
2.689087675313961423e-01
9.032884177487123800e-01
5.883619505581660220e-02
4.914664251329037836e-01
1.181446118824177827e+00
9.330030767548010834e-03
2.893822467411363841e-01
1.147784085175566293e+00
7.741621226649376963e-02
6.842493196374891395e-01
1.580147411775610244e+00
3.352433884443836720e-02
4.473575162532364424e-01
1.602743801548222491e+00
1.049399437801222384e-01
9.246671406772373203e-01
2.274660236402159974e+00
1.696574353137834668e-01
5.982291765266956052e-01
2.706653489215485209e+00
1.804849432787855312e-01
1.343595593436275326e+00
3.538451328060151280e+00
2.178218112765350156e+00
6.091291068494015803e+00
1.102888968957371851e+01
2.858753853188079397e+00
7.153322928889745747e+00
1.194283559755714919e+01
