2.056017174372787792e+01
2.036961235170817872e+02
2.521118966912084488e+03
7.631466671148720593e+01
1.044456269314078327e+03
2.218512983363286548e+04
3.207073501079624146e-04
1.258300085449076157e-02
1.557380747713018598e-01
1.049844485074982389e-02
1.365866587903857565e-01
2.901215539446976077e+00
3.057593004214959596e-04
1.205795669644639349e-02
1.492396752806456894e-01
1.013279018829855299e-02
1.312049057025042875e-01
2.786902576334011172e+00
2.917945334398519748e-04
1.157471456600285206e-02
1.432586537489813905e-01
9.765215943103920312e-03
1.262571276573741519e-01
2.681807608220796002e+00
2.787293307114614379e-04
1.111178790734967080e-02
1.375290740237103682e-01
9.418617572821660552e-03
1.215433787354947698e-01
2.581683615567932133e+00
2.665026216223184566e-04
1.068490980241569750e-02
1.322456623007657595e-01
9.092153696483893516e-03
1.170532704067945434e-01
2.486309937257101588e+00
2.548071081188197392e-04
1.027492993201430636e-02
1.271713977076330826e-01
8.763257681570340088e-03
1.129130208390901058e-01
2.398367553356733239e+00
2.442256681145246289e-04
9.907369697943556319e-03
1.226221551319848363e-01
8.492158173895718656e-03
1.089502283626974238e-01
2.314194507365778364e+00
2.340813257646622318e-04
9.534331059425480218e-03
1.180051070963106935e-01
8.215404986377497845e-03
1.053632906980180722e-01
2.238004933772315130e+00
2.245299602815249295e-04
9.189032913855938595e-03
1.137313993349455682e-01
7.953480895204220399e-03
1.016475291741639336e-01
2.159079033033877604e+00
2.155269679552966004e-04
8.869366272000878473e-03
1.097749291775628050e-01
7.704664780140314286e-03
9.828195354919873339e-02
2.087591375389964643e+00
