1.999632760730398559e+03
5.162541653927730749e+02
3.146107041603383170e-01
1.524371088829591381e-01
2.970232621741153989e-01
1.401067848506212243e-01
2.750927357784118676e-01
1.320431949815881190e-01
2.608826485496134606e-01
1.246349125142166558e-01
2.500965918399524202e-01
1.195399742100151097e-01
2.362116567939543943e-01
1.146760096039187854e-01
2.252312630322189924e-01
1.064424000869369363e-01
2.074869821137212689e-01
1.020499389449302657e-01
1.995604119787867115e-01
9.707139853554455633e-02
1.896908865942713851e-01
9.239386014689814075e-02
1.835522335355159740e-01
9.134730955628383997e-02
1.777571713140888854e-01
8.686421686234445383e-02
1.674255254632703860e-01
8.075629656576197024e-02
1.619579172656796795e-01
7.784989756343484169e-02
1.508143361059244014e-01
7.714012461624075723e-02
1.476653603256622149e-01
7.322443932279712464e-02
1.446289046049676064e-01
6.920694165232846307e-02
1.365532242850922007e-01
6.767791479874846194e-02
1.295301545510454122e-01
6.379656534465467932e-02
1.236988204520357015e-01
6.269405591139587397e-02
1.191064203225452173e-01
5.968708929560755105e-02
1.194865645899441525e-01
5.831542697213351611e-02
1.109514557845525801e-01
5.492407337682559537e-02
1.074617512729942881e-01
