5.312228350868543281e+00
1.348895758495349817e+00
2.101059137268402321e-01
1.127437597184086787e-01
2.420061650817803001e-01
1.375621633115912956e-01
2.945979450478687367e-01
1.416080643189626675e-01
2.678339949432327893e-01
1.168820926251189080e-01
2.070437525476152840e-01
1.327844686838953459e-01
3.216926022779312833e-01
1.634953504890566123e-01
3.450220126975194757e-01
1.739122936874643588e-01
3.322675003896475299e-01
1.798204826439281367e-01
3.884942938438149529e-01
2.036105190987653191e-01
4.009833727528098191e-01
2.246698441934006085e-01
5.061588348799537229e-01
2.401973219833077045e-01
4.528899621506263240e-01
2.611850326559712054e-01
5.554353827969524815e-01
2.735908430547239756e-01
5.599362415991696595e-01
2.768461842121957006e-01
5.691948011679985875e-01
3.206428236592744896e-01
6.993069776399079007e-01
3.925122516780121806e-01
8.329206733758320880e-01
4.619586058694856168e-01
1.058990529914842105e+00
5.629798480172643060e-01
1.163076994255156649e+00
6.803674994431815337e-01
1.559288708924883915e+00
8.751747288392098811e-01
1.961542557318943114e+00
1.077145567408569482e+00
2.282924159932532060e+00
1.364017607787186170e+00
3.118253037823357943e+00
2.996532359297300108e+00
8.842053168434867771e+00
