1.143712742011643786e+04
2.807761513074472987e+03
3.605251340938637838e+01
1.844307146099734851e+01
3.785542194551982931e+01
1.743236005202691530e+01
3.095347222558321221e+01
1.803976304360544702e+01
4.057097283509713037e+01
1.855291873874016062e+01
3.525768473415926962e+01
1.160487493336122000e+01
1.097903465439219062e+01
1.246038416456702613e+01
3.708491410410029943e+01
1.592822746748205986e+01
2.486508022867735335e+01
1.412885193608606649e+01
3.114436845337442961e+01
1.516021089061748306e+01
3.092460302744098755e+01
1.917743308970162275e+01
4.423050189323592463e+01
1.890482682815789062e+01
3.080639577742202562e+01
1.521016313433503875e+01
2.842121645460832724e+01
1.714848224421497491e+01
3.915526304004735181e+01
1.825521842513127879e+01
3.319851611235648647e+01
1.537281560162720417e+01
2.834956071264071298e+01
1.520013670209026557e+01
3.142967108358163486e+01
1.489321128071401290e+01
2.851152010005263193e+01
1.126118710391303068e+01
1.527182235084508477e+01
1.013249720999879422e+01
2.399537503228503610e+01
1.519760378708313375e+01
3.710382514850912372e+01
1.496710975777483377e+01
2.207398408093727582e+01
1.696876800600690061e+01
4.600100948914766263e+01
2.772868963500047101e+01
6.198032198583626240e+01
