5.163514826516650835e+00
1.304403810511420181e+00
2.006378826819273375e-01
1.114887422575846915e-01
2.401614573090191940e-01
1.332403655907921924e-01
2.900017518433518071e-01
1.401032470732589685e-01
2.568833691884443438e-01
1.170683963835589675e-01
2.061586162513950604e-01
1.320517614568246789e-01
3.104389639256559530e-01
1.618749806899400234e-01
3.408371753874351318e-01
1.693548749586423485e-01
3.243681639329028532e-01
1.803842055955820478e-01
3.842472201948558541e-01
2.019177380398354815e-01
4.029842668194159594e-01
2.191467414267055103e-01
5.003357762036668710e-01
2.370132230401033879e-01
4.566788071705597529e-01
2.577595916417338429e-01
5.602711178809656190e-01
2.722452388911829613e-01
5.367950047476240938e-01
2.761631039907619378e-01
5.493232861352077556e-01
3.089544730849384524e-01
6.911000215055229656e-01
3.777110903010351128e-01
8.015259657145805683e-01
4.739950496474631403e-01
1.042415239266143212e+00
5.576206799737631892e-01
1.146545851595563770e+00
6.717758014248540466e-01
1.530493927578928659e+00
8.655111162196954533e-01
1.922017845604038655e+00
1.032012042365875182e+00
2.283858094318959253e+00
1.332252647052029060e+00
2.885448672225539024e+00
2.279728582034610262e+00
6.433497992349462180e+00
