5.874848781563023897e-02
1.553200036141090881e-02
1.878920661782287026e-03
1.224995082413183906e-03
2.865964893168895539e-03
1.233895187540445023e-03
2.171911295810086389e-03
1.432865142189537885e-03
3.460309815377974729e-03
1.583844706691195413e-03
2.896087985187983157e-03
1.720031483613855897e-03
3.984420005966877835e-03
1.767957378852904899e-03
2.873913792948596183e-03
1.744654458987822138e-03
3.992413502282702621e-03
2.279965590592460904e-03
5.244830919298715949e-03
2.166418671211016705e-03
3.426234497533360221e-03
2.092948136283081031e-03
5.038121864025458391e-03
3.096325340987371184e-03
7.280434390949295197e-03
3.775685386811944867e-03
7.946922537954217991e-03
4.024460590620620656e-03
8.281152190117675033e-03
4.352232230064141498e-03
9.146783197806622120e-03
5.272355046000338358e-03
1.122655672806912100e-02
6.510321417620090756e-03
1.475337842529290261e-02
7.297530529580180045e-03
1.408568642612290610e-02
8.298664300563914770e-03
1.869190653705309069e-02
1.158331804321358245e-02
2.832367634150186747e-02
1.461732751479575057e-02
3.140340993862899416e-02
2.156110492409605769e-02
5.322268170778388791e-02
4.131689699214322747e-02
1.101014509929354734e-01
4.508280974533920293e-01
1.686149935092095209e+00
