4.055945858951861283e+03
1.013246811348389997e+03
1.807930899570827421e+01
7.704875836762468566e+00
1.315293612947332669e+01
5.547846772073652843e+00
9.116499546666139153e+00
3.951191094007570292e+00
6.692154004946663903e+00
4.016436404081547451e+00
8.930782710546885994e+00
2.804524371229324853e+00
2.220170608263442702e+00
2.262122350571756257e+00
6.616602607207832776e+00
2.265101598130661920e+00
2.231950097362807917e+00
2.223674157723450229e+00
6.828067182806289992e+00
3.388408798216597795e+00
6.689131704679574852e+00
4.556825168583779728e+00
1.110771639805891198e+01
4.562456924482994225e+00
6.870583625582017184e+00
3.893852090851599890e+00
8.819187390153921058e+00
3.907657481919149856e+00
6.672639722523682870e+00
2.841385366514666444e+00
4.537009856961724097e+00
2.843970754038126714e+00
6.867967121310444512e+00
1.708777404104992792e+00
1.595593950641926995e-02
1.145368379089630295e+00
4.434377755165900936e+00
1.133297413513569829e+00
1.615615682200223155e-02
5.576857473352112571e-01
2.230944266005804089e+00
2.281755959357434360e+00
6.824157710404511690e+00
2.777447315535547911e+00
4.534510112720302466e+00
2.255233985924141038e+00
4.483122302945497850e+00
4.514648410470338824e+00
1.337566614332514270e+01
