1.364489202387630939e-03
9.807265596464276314e-04
7.675251690670847893e-04
7.675251690670847893e-04
6.822446011938154697e-04
8.528057369403541088e-04
7.248848560266196728e-04
1.023366930894553661e-03
7.248848560266196728e-04
8.101654238998889923e-04
6.822446011938154697e-04
5.116834654472768307e-04
7.248848560266196728e-04
4.690431524068117142e-04
4.264028684701770544e-04
7.248848560266196728e-04
6.396042881533503532e-04
1.023366930894553661e-03
5.969640333205461502e-04
7.675251690670847893e-04
4.690431524068117142e-04
6.396042881533503532e-04
5.969640333205461502e-04
6.396042881533503532e-04
5.543237202800810337e-04
5.116834654472768307e-04
2.984820166602730751e-04
4.690431524068117142e-04
8.101654238998889923e-04
7.248848560266196728e-04
6.822446011938154697e-04
5.969640333205461502e-04
4.264028684701770544e-04
7.675251690670847893e-04
7.248848560266196728e-04
6.822446011938154697e-04
4.690431524068117142e-04
5.969640333205461502e-04
7.675251690670847893e-04
9.807265596464276314e-04
5.969640333205461502e-04
5.969640333205461502e-04
4.264028684701770544e-04
8.101654238998889923e-04
3.411223005969077349e-04
5.969640333205461502e-04
4.690431524068117142e-04
7.675251690670847893e-04
9.380863048136234283e-04
5.969640333205461502e-04
1.066007185727357864e-03
8.528057369403541088e-04
9.380863048136234283e-04
8.528057369403541088e-04
9.380863048136234283e-04
1.023366930894553661e-03
6.396042881533503532e-04
9.807265596464276314e-04
1.023366930894553661e-03
8.954459917731583118e-04
8.954459917731583118e-04
8.528057369403541088e-04
9.380863048136234283e-04
1.023366930894553661e-03
1.407129457220435143e-03
1.193928066641092300e-03
1.108647440560162067e-03
1.193928066641092300e-03
1.364489202387630939e-03
1.620330847799777985e-03
1.364489202387630939e-03
1.108647440560162067e-03
1.407129457220435143e-03
1.535050338134169579e-03
1.620330847799777985e-03
2.004093490540981293e-03
1.748251728713512421e-03
2.004093490540981293e-03
1.364489202387630939e-03
1.790891983546316624e-03
1.876172609627246857e-03
1.918812864460051060e-03
2.387856133282184601e-03
2.430496271699666977e-03
3.496503457427024841e-03
2.132014371454715729e-03
3.794985590502619743e-03
3.667064709588885307e-03
4.391949623823165894e-03
4.647791385650634766e-03
5.159474443644285202e-03
6.737165153026580811e-03
6.310762371867895126e-03
8.314856328070163727e-03
1.100119389593601227e-02
1.471089851111173630e-02
2.358007803559303284e-02
3.317414224147796631e-02
7.389561831951141357e-02
