4.779057800769805908e-01
8.525118976831436157e-02
5.099442973732948303e-02
3.617252036929130554e-02
2.868594229221343994e-02
2.356885373592376709e-02
1.877946034073829651e-02
1.651080138981342316e-02
1.504877582192420959e-02
1.293136086314916611e-02
1.146933529525995255e-02
9.578785859048366547e-03
8.948602713644504547e-03
9.024224244058132172e-03
7.612613961100578308e-03
8.293211460113525391e-03
6.856394000351428986e-03
6.730357185006141663e-03
6.251418031752109528e-03
5.419576074928045273e-03
4.562526941299438477e-03
5.343954078853130341e-03
4.411282949149608612e-03
4.285246133804321289e-03
4.310453310608863831e-03
4.461697302758693695e-03
3.453404176980257034e-03
3.554233582690358162e-03
3.705477574840188026e-03
3.150916192680597305e-03
2.924050204455852509e-03
2.949257614091038704e-03
3.302160184830427170e-03
2.747599035501480103e-03
2.772806445136666298e-03
2.596355043351650238e-03
2.772806445136666298e-03
2.697184449061751366e-03
2.495525637641549110e-03
2.671977039426565170e-03
2.067001070827245712e-03
2.117415657266974449e-03
1.840135082602500916e-03
1.562854507938027382e-03
1.890549785457551479e-03
2.445111051201820374e-03
1.814927789382636547e-03
1.840135082602500916e-03
1.613269094377756119e-03
1.613269094377756119e-03
1.840135082602500916e-03
1.209951820783317089e-03
1.159537234343588352e-03
1.588061801157891750e-03
1.562854507938027382e-03
1.537647098302841187e-03
1.714098500087857246e-03
1.739305793307721615e-03
1.335988519713282585e-03
1.285573816858232021e-03
1.260366523638367653e-03
1.436817809008061886e-03
1.260366523638367653e-03
1.310781226493418217e-03
1.537647098302841187e-03
1.638476504012942314e-03
1.285573816858232021e-03
1.663683797232806683e-03
1.688891090452671051e-03
1.537647098302841187e-03
1.109122531488537788e-03
1.688891090452671051e-03
1.588061801157891750e-03
1.487232511863112450e-03
1.109122531488537788e-03
1.487232511863112450e-03
1.335988519713282585e-03
1.209951820783317089e-03
1.260366523638367653e-03
1.134329824708402157e-03
1.083915238268673420e-03
1.462025102227926254e-03
1.436817809008061886e-03
1.033500535413622856e-03
1.209951820783317089e-03
1.134329824708402157e-03
1.184744527563452721e-03
1.184744527563452721e-03
9.326712461188435555e-04
1.285573816858232021e-03
1.209951820783317089e-03
1.058707828633487225e-03
1.310781226493418217e-03
1.134329824708402157e-03
1.083915238268673420e-03
8.822565432637929916e-04
1.260366523638367653e-03
1.008293242193758488e-03
7.814272539690136909e-04
