3.758074939250946045e-01
9.377845376729965210e-02
5.415131151676177979e-02
4.253197461366653442e-02
3.277693316340446472e-02
2.714069001376628876e-02
2.267504855990409851e-02
1.985692605376243591e-02
1.738564856350421906e-02
1.491437200456857681e-02
1.309343148022890091e-02
1.283329725265502930e-02
1.005853060632944107e-02
9.278126992285251617e-03
8.627790957689285278e-03
7.804031949490308762e-03
8.194233290851116180e-03
7.847388274967670441e-03
5.939735565334558487e-03
5.332755390554666519e-03
5.419466644525527954e-03
5.289399530738592148e-03
5.159332416951656342e-03
4.812486469745635986e-03
4.812486469745635986e-03
4.855842329561710358e-03
4.032083321362733841e-03
4.032083321362733841e-03
4.292217548936605453e-03
4.292217548936605453e-03
3.468458773568272591e-03
3.815304487943649292e-03
4.075439181178808212e-03
3.034901339560747147e-03
2.818122738972306252e-03
3.078257199376821518e-03
2.601344138383865356e-03
3.598525887355208397e-03
2.904834225773811340e-03
2.818122738972306252e-03
3.641881747171282768e-03
2.514632651582360268e-03
2.601344138383865356e-03
2.818122738972306252e-03
2.081075217574834824e-03
2.774766879156231880e-03
2.557988278567790985e-03
2.731411252170801163e-03
2.471276791766285896e-03
2.557988278567790985e-03
2.644699765369296074e-03
2.211142331361770630e-03
2.557988278567790985e-03
2.297853818163275719e-03
2.948189852759242058e-03
2.384565304964780807e-03
1.994363730773329735e-03
2.601344138383865356e-03
2.384565304964780807e-03
2.254498191177845001e-03
2.037719590589404106e-03
1.907652243971824646e-03
1.604162156581878662e-03
2.427921164780855179e-03
2.254498191177845001e-03
1.734229386784136295e-03
2.124430844560265541e-03
1.864296500571072102e-03
1.907652243971824646e-03
1.604162156581878662e-03
1.994363730773329735e-03
2.081075217574834824e-03
2.297853818163275719e-03
1.820940873585641384e-03
2.124430844560265541e-03
2.037719590589404106e-03
1.994363730773329735e-03
1.864296500571072102e-03
1.864296500571072102e-03
1.907652243971824646e-03
2.081075217574834824e-03
2.037719590589404106e-03
1.994363730773329735e-03
2.297853818163275719e-03
2.254498191177845001e-03
2.297853818163275719e-03
1.951007987372577190e-03
2.557988278567790985e-03
1.517450669780373573e-03
2.601344138383865356e-03
1.517450669780373573e-03
2.037719590589404106e-03
1.777585130184888840e-03
1.170604838989675045e-03
1.777585130184888840e-03
1.387383439578115940e-03
1.907652243971824646e-03
2.124430844560265541e-03
2.297853818163275719e-03
