5.225098133087158203e-01
7.882352918386459351e-02
4.243137314915657043e-02
3.498039394617080688e-02
2.729411795735359192e-02
2.250980399549007416e-02
1.945098116993904114e-02
1.607843115925788879e-02
1.411764696240425110e-02
1.341176498681306839e-02
1.003921590745449066e-02
8.784313686192035675e-03
9.490195661783218384e-03
7.764705922454595566e-03
5.725490394979715347e-03
8.235294371843338013e-03
5.803921725600957870e-03
5.568627268075942993e-03
6.196078378707170486e-03
5.725490394979715347e-03
4.156862851232290268e-03
4.235294181853532791e-03
4.000000189989805222e-03
3.372549079358577728e-03
3.058823524042963982e-03
3.529411740601062775e-03
3.843137295916676521e-03
3.764705965295433998e-03
2.588235307484865189e-03
3.607843071222305298e-03
2.196078421548008919e-03
3.921568859368562698e-03
2.823529299348592758e-03
2.745097968727350235e-03
2.039215760305523872e-03
2.745097968727350235e-03
3.686274401843547821e-03
1.803921535611152649e-03
2.588235307484865189e-03
2.274509752169251442e-03
2.666666638106107712e-03
1.647058874368667603e-03
1.882352982647716999e-03
2.117647090926766396e-03
1.411764649674296379e-03
2.117647090926766396e-03
1.647058874368667603e-03
2.117647090926766396e-03
1.882352982647716999e-03
1.019607880152761936e-03
1.568627427332103252e-03
1.411764649674296379e-03
1.647058874368667603e-03
1.176470541395246983e-03
1.490196096710860729e-03
1.803921535611152649e-03
1.725490204989910126e-03
1.098039210774004459e-03
1.254901988431811333e-03
1.019607880152761936e-03
1.176470541395246983e-03
1.411764649674296379e-03
9.411764913238584995e-04
1.333333319053053856e-03
1.725490204989910126e-03
9.411764913238584995e-04
1.098039210774004459e-03
1.647058874368667603e-03
1.333333319053053856e-03
1.176470541395246983e-03
1.254901988431811333e-03
1.019607880152761936e-03
1.254901988431811333e-03
9.411764913238584995e-04
1.803921535611152649e-03
3.921568568330258131e-04
4.705882456619292498e-04
1.176470541395246983e-03
8.627451024949550629e-04
9.411764913238584995e-04
6.274509942159056664e-04
7.843137136660516262e-04
9.411764913238584995e-04
4.705882456619292498e-04
1.176470541395246983e-03
5.490196053870022297e-04
9.411764913238584995e-04
7.843137136660516262e-04
3.921568568330258131e-04
7.843137136660516262e-04
8.627451024949550629e-04
1.333333319053053856e-03
4.705882456619292498e-04
6.274509942159056664e-04
6.274509942159056664e-04
1.098039210774004459e-03
9.411764913238584995e-04
7.058823248371481895e-04
9.411764913238584995e-04
