0.000000000000000000e+00
1.535862393211573362e-04
1.535862393211573362e-04
0.000000000000000000e+00
0.000000000000000000e+00
1.535862393211573362e-04
0.000000000000000000e+00
1.535862393211573362e-04
3.071724786423146725e-04
0.000000000000000000e+00
0.000000000000000000e+00
0.000000000000000000e+00
1.535862393211573362e-04
1.535862393211573362e-04
0.000000000000000000e+00
1.535862393211573362e-04
1.535862393211573362e-04
3.071724786423146725e-04
0.000000000000000000e+00
0.000000000000000000e+00
0.000000000000000000e+00
0.000000000000000000e+00
0.000000000000000000e+00
0.000000000000000000e+00
0.000000000000000000e+00
0.000000000000000000e+00
0.000000000000000000e+00
0.000000000000000000e+00
3.071724786423146725e-04
0.000000000000000000e+00
0.000000000000000000e+00
0.000000000000000000e+00
1.535862393211573362e-04
0.000000000000000000e+00
1.535862393211573362e-04
0.000000000000000000e+00
0.000000000000000000e+00
0.000000000000000000e+00
1.535862393211573362e-04
1.535862393211573362e-04
3.071724786423146725e-04
0.000000000000000000e+00
0.000000000000000000e+00
0.000000000000000000e+00
3.071724786423146725e-04
3.071724786423146725e-04
0.000000000000000000e+00
4.607587179634720087e-04
1.535862393211573362e-04
0.000000000000000000e+00
1.535862393211573362e-04
4.607587179634720087e-04
3.071724786423146725e-04
0.000000000000000000e+00
0.000000000000000000e+00
1.535862393211573362e-04
1.535862393211573362e-04
1.535862393211573362e-04
0.000000000000000000e+00
0.000000000000000000e+00
1.535862393211573362e-04
1.535862393211573362e-04
1.535862393211573362e-04
1.535862393211573362e-04
3.071724786423146725e-04
0.000000000000000000e+00
0.000000000000000000e+00
1.535862393211573362e-04
4.607587179634720087e-04
1.535862393211573362e-04
1.535862393211573362e-04
1.535862393211573362e-04
4.607587179634720087e-04
4.607587179634720087e-04
1.535862393211573362e-04
1.535862393211573362e-04
1.535862393211573362e-04
6.143449572846293449e-04
7.679311675019562244e-04
3.071724786423146725e-04
1.075103646144270897e-03
3.071724786423146725e-04
4.607587179634720087e-04
7.679311675019562244e-04
1.382276182994246483e-03
1.228689914569258690e-03
1.689448603428900242e-03
1.075103646144270897e-03
1.228689914569258690e-03
2.764552365988492966e-03
1.689448603428900242e-03
2.457379829138517380e-03
3.378897206857800484e-03
2.918138634413480759e-03
4.454000853002071381e-03
7.679312024265527725e-03
9.522346779704093933e-03
1.566579565405845642e-02
3.655352443456649780e-02
