3.421585308387875557e-03
2.482735551893711090e-03
2.211512299254536629e-03
1.752519281581044197e-03
1.564749283716082573e-03
2.002879045903682709e-03
2.294965786859393120e-03
2.315829042345285416e-03
2.190649043768644333e-03
2.545325551182031631e-03
3.108635311946272850e-03
3.212952055037021637e-03
3.025182057172060013e-03
2.587052294984459877e-03
3.192088566720485687e-03
3.171225311234593391e-03
3.379858564585447311e-03
3.379858564585447311e-03
2.795685548335313797e-03
3.567628562450408936e-03
3.609355073422193527e-03
3.901441581547260284e-03
3.609355073422193527e-03
3.797125071287155151e-03
3.859715070575475693e-03
3.400721820071339607e-03
3.671945072710514069e-03
3.692808328196406364e-03
3.671945072710514069e-03
2.962592057883739471e-03
3.671945072710514069e-03
3.358995309099555016e-03
3.943168092519044876e-03
4.214391577988862991e-03
4.110075067728757858e-03
3.671945072710514069e-03
3.671945072710514069e-03
4.089211579412221909e-03
4.193528089672327042e-03
4.151801578700542450e-03
3.943168092519044876e-03
4.026621580123901367e-03
4.485614597797393799e-03
4.026621580123901367e-03
4.005758091807365417e-03
3.964031580835580826e-03
4.297844599932432175e-03
4.631658084690570831e-03
4.297844599932432175e-03
4.381298087537288666e-03
4.840291105210781097e-03
4.694248083978891373e-03
4.735974594950675964e-03
4.360434599220752716e-03
5.153241101652383804e-03
4.902881104499101639e-03
5.633097607642412186e-03
4.902881104499101639e-03
5.028061103075742722e-03
6.092090625315904617e-03
5.591371096670627594e-03
5.549644120037555695e-03
6.446767132729291916e-03
5.591371096670627594e-03
6.488494109362363815e-03
7.072667125612497330e-03
6.384177133440971375e-03
6.989213638007640839e-03
7.135257124900817871e-03
7.448206655681133270e-03
7.782020140439271927e-03
7.448206655681133270e-03
8.136696182191371918e-03
8.345330134034156799e-03
8.428783155977725983e-03
8.595689199864864349e-03
9.784898720681667328e-03
1.016043871641159058e-02
1.024389266967773438e-02
1.072374917566776276e-02
1.143310219049453735e-02
1.132878474891185760e-02
1.210072822868824005e-02
1.412447076290845871e-02
1.337339077144861221e-02
1.493814028799533844e-02
1.646116375923156738e-02
1.658634282648563385e-02
1.971584185957908630e-02
2.055037394165992737e-02
2.276188693940639496e-02
2.455613203346729279e-02
2.772735804319381714e-02
2.970937453210353851e-02
3.348563611507415771e-02
3.882664814591407776e-02
4.571154341101646423e-02
5.952306464314460754e-02
7.821660488843917847e-02
