3.181855194270610809e-03
1.713306643068790436e-03
1.468548551201820374e-03
1.386962598189711571e-03
2.039650920778512955e-03
1.142204506322741508e-03
1.386962598189711571e-03
1.794892712496221066e-03
1.958064734935760498e-03
1.305376528762280941e-03
2.121236873790621758e-03
1.550134620629251003e-03
1.794892712496221066e-03
2.284409012645483017e-03
1.550134620629251003e-03
3.018683288246393204e-03
3.018683288246393204e-03
2.610753057524561882e-03
2.447580918669700623e-03
2.692339010536670685e-03
2.447580918669700623e-03
2.692339010536670685e-03
2.610753057524561882e-03
3.752957563847303391e-03
2.529167104512453079e-03
3.100269241258502007e-03
3.916129469871520996e-03
2.692339010536670685e-03
2.284409012645483017e-03
3.100269241258502007e-03
3.018683288246393204e-03
3.671371378004550934e-03
2.937097102403640747e-03
3.916129469871520996e-03
3.671371378004550934e-03
2.529167104512453079e-03
2.121236873790621758e-03
3.916129469871520996e-03
2.855511149391531944e-03
3.671371378004550934e-03
3.426613286137580872e-03
4.160887561738491058e-03
4.242473747581243515e-03
3.018683288246393204e-03
2.529167104512453079e-03
3.752957563847303391e-03
3.426613286137580872e-03
3.916129469871520996e-03
3.589785424992442131e-03
3.997715655714273453e-03
4.895161837339401245e-03
4.160887561738491058e-03
4.568818025290966034e-03
4.650403745472431183e-03
5.058334209024906158e-03
4.324059933423995972e-03
5.466264206916093826e-03
5.384678021073341370e-03
5.874194204807281494e-03
4.487231839448213577e-03
5.792608484625816345e-03
5.547850392758846283e-03
7.261157035827636719e-03
6.934812758117914200e-03
6.853226572275161743e-03
6.526882760226726532e-03
6.037366576492786407e-03
7.424328941851854324e-03
6.200538482517004013e-03
6.771640852093696594e-03
6.282124668359756470e-03
7.097984664142131805e-03
8.566533215343952179e-03
7.750673219561576843e-03
8.403361774981021881e-03
8.729705587029457092e-03
7.669087033718824387e-03
8.892877958714962006e-03
9.382394142448902130e-03
1.240107696503400803e-02
1.207473315298557281e-02
1.174838840961456299e-02
1.468548551201820374e-02
1.427755597978830338e-02
1.272742077708244324e-02
1.517500169575214386e-02
1.541975978761911392e-02
1.639879308640956879e-02
1.778575591742992401e-02
2.088602446019649506e-02
2.341519109904766083e-02
2.308884635567665100e-02
2.708656340837478638e-02
3.279758617281913757e-02
3.157379478216171265e-02
3.842702135443687439e-02
4.381170123815536499e-02
6.363710761070251465e-02
7.603818178176879883e-02
