6.723276972770690918e-01
7.008375972509384155e-02
2.950895205140113831e-02
2.067163586616516113e-02
1.467762980610132217e-02
1.152693480253219604e-02
9.528932161629199982e-03
9.221547283232212067e-03
6.531929597258567810e-03
6.378237158060073853e-03
6.455083377659320831e-03
5.840313620865345001e-03
5.071851424872875214e-03
4.918158985674381256e-03
4.687619861215353012e-03
5.302390083670616150e-03
3.150695469230413437e-03
3.611772786825895309e-03
2.997003030031919479e-03
3.381234128028154373e-03
3.458080347627401352e-03
2.920156810432672501e-03
2.689618151634931564e-03
3.304387908428907394e-03
2.997003030031919479e-03
2.535925712436437607e-03
3.150695469230413437e-03
2.228540601208806038e-03
2.459079492837190628e-03
2.612771932035684586e-03
1.998001942411065102e-03
2.382233040407299995e-03
2.689618151634931564e-03
2.843310590833425522e-03
1.921155722811818123e-03
1.921155722811818123e-03
2.228540601208806038e-03
1.690617064014077187e-03
1.536924624815583229e-03
1.690617064014077187e-03
1.690617064014077187e-03
1.690617064014077187e-03
1.767463283613324165e-03
1.152693410404026508e-03
1.306385966017842293e-03
1.075847190804779530e-03
1.306385966017842293e-03
1.306385966017842293e-03
1.690617064014077187e-03
1.690617064014077187e-03
1.460078405216336250e-03
1.767463283613324165e-03
1.075847190804779530e-03
1.460078405216336250e-03
1.075847190804779530e-03
1.767463283613324165e-03
1.383232185617089272e-03
9.221547516062855721e-04
7.684623124077916145e-04
1.075847190804779530e-03
6.147698732092976570e-04
1.152693410404026508e-03
9.990009712055325508e-04
1.613770844414830208e-03
1.229539746418595314e-03
6.916160928085446358e-04
1.306385966017842293e-03
1.613770844414830208e-03
9.221547516062855721e-04
9.221547516062855721e-04
7.684623124077916145e-04
8.453085320070385933e-04
7.684623124077916145e-04
4.610773758031427860e-04
1.229539746418595314e-03
6.147698732092976570e-04
5.379235954023897648e-04
8.453085320070385933e-04
3.842311562038958073e-04
5.379235954023897648e-04
5.379235954023897648e-04
2.305386879015713930e-04
5.379235954023897648e-04
7.684623124077916145e-04
7.684623124077916145e-04
1.075847190804779530e-03
5.379235954023897648e-04
5.379235954023897648e-04
3.073849366046488285e-04
3.073849366046488285e-04
5.379235954023897648e-04
2.305386879015713930e-04
5.379235954023897648e-04
4.610773758031427860e-04
4.610773758031427860e-04
3.073849366046488285e-04
3.073849366046488285e-04
2.305386879015713930e-04
2.305386879015713930e-04
