6.170260310173034668e-01
6.716082990169525146e-02
3.504043072462081909e-02
2.100179716944694519e-02
1.763252541422843933e-02
1.504941564053297043e-02
1.078167092055082321e-02
1.123090740293264389e-02
8.760107681155204773e-03
9.995508007705211639e-03
9.321653284132480621e-03
5.952381063252687454e-03
6.513926200568675995e-03
5.166217219084501266e-03
6.738544441759586334e-03
4.267744719982147217e-03
3.706199349835515022e-03
2.695417730137705803e-03
5.166217219084501266e-03
3.930817823857069016e-03
3.930817823857069016e-03
3.593890462070703506e-03
4.604672081768512726e-03
2.695417730137705803e-03
2.246181480586528778e-03
2.470799721777439117e-03
2.583108609542250633e-03
3.032345091924071312e-03
2.920035971328616142e-03
2.695417730137705803e-03
1.909254235215485096e-03
2.695417730137705803e-03
2.358490601181983948e-03
2.807726850733160973e-03
2.133872359991073608e-03
2.470799721777439117e-03
1.572326989844441414e-03
1.572326989844441414e-03
1.572326989844441414e-03
1.796945231035351753e-03
2.583108609542250633e-03
2.133872359991073608e-03
2.246181480586528778e-03
2.358490601181983948e-03
1.684636110439896584e-03
1.123090740293264389e-03
2.246181480586528778e-03
1.684636110439896584e-03
1.796945231035351753e-03
1.347708865068852901e-03
1.909254235215485096e-03
1.572326989844441414e-03
1.235399860888719559e-03
1.684636110439896584e-03
1.572326989844441414e-03
1.347708865068852901e-03
1.123090740293264389e-03
1.684636110439896584e-03
2.133872359991073608e-03
1.572326989844441414e-03
1.235399860888719559e-03
8.984726155176758766e-04
1.347708865068852901e-03
1.235399860888719559e-03
1.123090740293264389e-03
1.123090740293264389e-03
1.572326989844441414e-03
1.010781619697809219e-03
1.010781619697809219e-03
1.347708865068852901e-03
1.909254235215485096e-03
1.572326989844441414e-03
1.123090740293264389e-03
1.235399860888719559e-03
1.572326989844441414e-03
1.460017985664308071e-03
7.861634949222207069e-04
1.123090740293264389e-03
1.347708865068852901e-03
1.572326989844441414e-03
1.010781619697809219e-03
1.010781619697809219e-03
1.010781619697809219e-03
8.984726155176758766e-04
5.615453701466321945e-04
1.123090740293264389e-03
1.235399860888719559e-03
8.984726155176758766e-04
1.460017985664308071e-03
8.984726155176758766e-04
1.010781619697809219e-03
2.021563239395618439e-03
5.615453701466321945e-04
1.347708865068852901e-03
1.347708865068852901e-03
1.347708865068852901e-03
1.235399860888719559e-03
5.615453701466321945e-04
3.369272162672132254e-04
