5.637038946151733398e-01
7.248394936323165894e-02
3.960702568292617798e-02
3.194863349199295044e-02
2.297516912221908569e-02
1.624506898224353790e-02
1.284134015440940857e-02
1.307341270148754120e-02
1.245455257594585419e-02
9.360253810882568359e-03
8.122534491121768951e-03
8.122534491121768951e-03
8.509321138262748718e-03
7.581031881272792816e-03
5.337665323168039322e-03
4.796163178980350494e-03
4.486733116209506989e-03
5.647095385938882828e-03
4.873520694673061371e-03
4.022588487714529037e-03
3.635801142081618309e-03
4.099946003407239914e-03
3.790515940636396408e-03
3.558443626388907433e-03
3.403728595003485680e-03
3.249013796448707581e-03
3.403728595003485680e-03
3.558443626388907433e-03
2.784868935123085976e-03
2.398081589490175247e-03
3.016941249370574951e-03
3.481086110696196556e-03
1.779221813194453716e-03
2.166009042412042618e-03
2.630153903737664223e-03
3.249013796448707581e-03
2.475439105182886124e-03
2.475439105182886124e-03
2.088651759549975395e-03
2.320724073797464371e-03
2.088651759549975395e-03
1.701864297501742840e-03
1.779221813194453716e-03
2.398081589490175247e-03
2.243366558104753494e-03
1.469791866838932037e-03
1.315076951868832111e-03
1.701864297501742840e-03
2.011294243857264519e-03
1.624506898224353790e-03
2.166009042412042618e-03
1.392434467561542988e-03
2.011294243857264519e-03
1.160362036898732185e-03
1.701864297501742840e-03
1.779221813194453716e-03
1.933936728164553642e-03
1.315076951868832111e-03
1.624506898224353790e-03
1.469791866838932037e-03
1.083004521206021309e-03
1.392434467561542988e-03
1.856579212471842766e-03
9.282896062359213829e-04
1.160362036898732185e-03
1.005647121928632259e-03
7.735746912658214569e-04
8.509321487508714199e-04
1.392434467561542988e-03
1.392434467561542988e-03
1.160362036898732185e-03
8.509321487508714199e-04
1.315076951868832111e-03
1.315076951868832111e-03
1.547149382531642914e-03
1.469791866838932037e-03
1.392434467561542988e-03
1.315076951868832111e-03
1.160362036898732185e-03
1.083004521206021309e-03
1.237719552591443062e-03
2.011294243857264519e-03
1.160362036898732185e-03
1.315076951868832111e-03
1.237719552591443062e-03
6.188597762957215309e-04
1.469791866838932037e-03
1.160362036898732185e-03
1.005647121928632259e-03
9.282896062359213829e-04
1.083004521206021309e-03
9.282896062359213829e-04
1.547149382531642914e-03
1.237719552591443062e-03
1.005647121928632259e-03
1.237719552591443062e-03
1.547149382531642914e-03
7.735746912658214569e-04
1.005647121928632259e-03
