2.554578522631222950e+04
6.485070478136543898e+03
2.913403613074983056e+01
1.525572354769149008e+01
3.265535459572491561e+01
1.678949749981001816e+01
3.261462507898263397e+01
1.167326521863972921e+01
1.282008610740059673e+01
8.409101147720065228e+00
2.041764741019482798e+01
1.192764919185545303e+01
2.750926360572549356e+01
1.341127619932998982e+01
2.608864726125007749e+01
1.298972004055646146e+01
2.729396036698567229e+01
1.118105688290688882e+01
1.878347756476520303e+01
1.160346195855133899e+01
2.924668944273331661e+01
1.366210261120500746e+01
2.713036071375957192e+01
1.118311859736711789e+01
1.742926380476738402e+01
8.136918150623827728e+00
1.545182056450703989e+01
8.539593481469589520e+00
1.838758519419361903e+01
1.261860490839446136e+01
3.130611077844710977e+01
1.319073862544549947e+01
2.022901595754840542e+01
1.027771898352341040e+01
2.130452945871973114e+01
1.015700428660526278e+01
2.014756300440108561e+01
9.766457594319589930e+00
1.999343397737590777e+01
1.050518499149732854e+01
2.105958808141325633e+01
1.112831554601496364e+01
2.271276824342926304e+01
1.176730635543815318e+01
2.401858937298121432e+01
1.005665618834874486e+01
1.594627978756867570e+01
1.585854962379831079e+01
4.744218686701417909e+01
