3.036100680891765478e+03
7.302375161609792258e+02
1.182404604617092424e-02
5.515176334178570894e-01
2.270112715768685785e+00
5.722308851574550159e-01
1.247143460635819455e-02
5.598280881631986228e-01
2.226335786245324577e+00
1.143931044065147340e+00
2.296242914697443904e+00
1.699423937544357610e+00
4.606392291119556504e+00
1.130072564361821463e+00
1.180081696766543606e-02
5.730088231267530530e-01
2.255424555324097913e+00
5.540628741658690792e-01
1.181745527027286760e-02
1.101336336786374659e+00
4.482547086957703542e+00
2.305126226269595069e+00
4.604784330008118154e+00
2.260898406448685005e+00
4.520670331836481814e+00
2.292461122768992610e+00
4.587078040827353043e+00
1.124995234923522380e+00
1.213964513148012812e-02
1.188138948964822389e-02
1.149495230388129091e-02
1.203849880507005393e-02
1.217584337510803187e-02
5.704862139176501978e-01
2.308132690583898583e+00
5.713923142382492104e-01
1.205477112328461747e-02
5.509763505031812780e-01
2.255568537115239192e+00
1.148316870059202133e+00
2.306772741371777347e+00
1.115264676188008730e+00
2.298163942879993815e+00
5.632913584584545719e-01
1.196470136957726929e-02
2.285698477588677502e+00
9.011089296528565384e+00
3.372318880599439073e+00
4.493169291010950417e+00
