1.616802290675661027e+02
4.168104702423231345e+01
2.058757005937721096e-02
1.039054998394483252e-02
1.989037655405953911e-02
9.780567772966472506e-03
1.835491650548688389e-02
9.180707801843339746e-03
1.792337144969968765e-02
8.612652719645636640e-03
1.690134847254844142e-02
8.166968139987405492e-03
1.586544903648293148e-02
7.625484615666726015e-03
1.481491019043331206e-02
7.338769573826475247e-03
1.399629894212229934e-02
6.845661482996983835e-03
1.356198111333014114e-02
6.670912108333683366e-03
1.286579068017635469e-02
6.314775751737357161e-03
1.211266423126900436e-02
6.097716689955002406e-03
1.157933347980604280e-02
5.790063244252019459e-03
1.150139178014730583e-02
5.585216606879850679e-03
1.087505118337847576e-02
5.332082999639491984e-03
1.012372962000582070e-02
5.186041166934770436e-03
9.917469488718947193e-03
4.849005116281719478e-03
9.396119117404580501e-03
4.570094484218387848e-03
9.193550254548054496e-03
4.595794970883164063e-03
8.702987169377351256e-03
4.293495468016164489e-03
8.362118099826709380e-03
4.164294389716643313e-03
8.101688042649414501e-03
3.930505103566015075e-03
7.890165987888496033e-03
3.888512020301514160e-03
7.718767269180545551e-03
3.693086228189374886e-03
7.494817817719197015e-03
