3.236290544809435478e-04
8.065667109980160664e-05
6.509841819737433546e-07
2.717924993726193726e-06
1.069705541463076414e-05
8.231510163660814028e-06
2.167901057635707491e-05
7.978938744435649268e-06
1.054391629718384861e-05
8.157709220623630375e-06
2.191393656324543978e-05
8.088653253508090060e-06
1.075094014985975761e-05
2.719380621885215993e-06
6.110537375490246930e-07
2.674194641253539507e-06
1.075704287099813215e-05
1.102510269259881135e-05
3.281563172258768944e-05
7.991883578622404913e-06
6.516680324547102811e-07
2.736137174505045414e-06
1.073611415634077968e-05
5.277501246333625468e-06
1.077554148663474906e-05
2.641563563219082007e-06
6.443035523217108290e-07
5.305847302605809764e-06
2.198914753241752894e-05
5.419786979155524210e-06
6.386179466436147002e-07
2.736972403966041670e-06
1.070349628058038628e-05
1.102886306170922082e-05
3.270891127398328080e-05
1.339367505970614133e-05
2.133512175454726207e-05
2.110369143610909352e-05
6.489125511781658766e-05
3.577097978794406720e-05
7.662681316694679070e-05
3.953519045165560593e-05
8.500881955725277464e-05
6.755719749530265418e-05
1.798826575035686499e-04
1.096023170345714591e-04
2.448955374925850729e-04
4.028186329230939305e-02
1.598720910014218011e-01
