6.757919192314147949e-01
8.576100319623947144e-02
3.851976990699768066e-02
2.428684011101722717e-02
1.962327957153320312e-02
1.526255160570144653e-02
1.162861194461584091e-02
1.126521639525890350e-02
8.418629877269268036e-03
8.115801960229873657e-03
6.056568119674921036e-03
7.025619037449359894e-03
5.511476658284664154e-03
6.056568585336208344e-03
4.300163127481937408e-03
5.208648741245269775e-03
4.784689284861087799e-03
3.633940825238823891e-03
3.573375288397073746e-03
3.573375288397073746e-03
3.391678212210536003e-03
3.028284059837460518e-03
2.846586983650922775e-03
2.483193064108490944e-03
2.786021213978528976e-03
3.331112442538142204e-03
2.059233374893665314e-03
1.938101719133555889e-03
2.543758833780884743e-03
1.998667605221271515e-03
1.877536065876483917e-03
1.635273452848196030e-03
1.816970529034733772e-03
1.574707683175802231e-03
1.514142029918730259e-03
1.816970529034733772e-03
1.938101719133555889e-03
1.211313647218048573e-03
1.271879416890442371e-03
1.332445070147514343e-03
1.211313763633370399e-03
1.877536065876483917e-03
1.150747993960976601e-03
1.332445070147514343e-03
6.056568236090242863e-04
9.084852645173668861e-04
1.150747993960976601e-03
3.028283827006816864e-04
1.211313574458472431e-04
5.450911703519523144e-04
