3.529684152454137802e-03
2.314546843990683556e-03
1.215137075632810593e-03
1.041545998305082321e-03
1.562319113872945309e-03
8.679550373926758766e-04
1.041546114720404148e-03
7.522277301177382469e-04
8.679550956003367901e-04
5.786367109976708889e-04
7.522277301177382469e-04
1.041545998305082321e-03
9.258187492378056049e-04
6.365003646351397038e-04
8.679550956003367901e-04
9.836824610829353333e-04
8.100913837552070618e-04
6.943640182726085186e-04
8.100913837552070618e-04
8.100913837552070618e-04
1.273000729270279408e-03
1.099409768357872963e-03
8.679550373926758766e-04
9.258187492378056049e-04
1.330864382907748222e-03
9.258187492378056049e-04
9.258186910301446915e-04
1.388728152960538864e-03
1.041545998305082321e-03
1.678046537563204765e-03
1.388728152960538864e-03
1.967364922165870667e-03
1.388728152960538864e-03
1.967364922165870667e-03
2.488137688487768173e-03
1.678046537563204765e-03
2.430274151265621185e-03
3.587547922506928444e-03
3.761138767004013062e-03
3.934729844331741333e-03
4.397639073431491852e-03
5.554912611842155457e-03
7.175095379352569580e-03
6.885777227580547333e-03
9.142460301518440247e-03
1.359796337783336639e-02
1.533387228846549988e-02
2.563360705971717834e-02
5.282953381538391113e-02
8.012961745262145996e-01
