2.930868268013000488e-01
1.480046957731246948e-01
7.042872905731201172e-02
4.275146126747131348e-02
2.769812755286693573e-02
2.336942963302135468e-02
1.613833755254745483e-02
1.330453250557184219e-02
1.637020893394947052e-02
1.497293170541524887e-02
1.301815267652273178e-02
8.552841842174530029e-03
9.587234817445278168e-03
1.059958804398775101e-02
1.024441234767436981e-02
8.682472631335258484e-03
7.975250482559204102e-03
5.361910909414291382e-03
6.664341781288385391e-03
6.748395971953868866e-03
7.830314338207244873e-03
6.968294270336627960e-03
6.508974824100732803e-03
5.642691161483526230e-03
4.843455739319324493e-03
5.131582729518413544e-03
4.830712918192148209e-03
4.820486530661582947e-03
4.327517934143543243e-03
3.512456547468900681e-03
2.551892073825001717e-03
3.268205560743808746e-03
4.655257333070039749e-03
1.853717723861336708e-03
3.107442520558834076e-03
4.450618289411067963e-03
5.445965565741062164e-03
4.320171196013689041e-03
2.860674867406487465e-03
4.300082102417945862e-03
3.048307029530405998e-03
3.640953451395034790e-03
3.998645581305027008e-03
4.887898452579975128e-03
2.080962760373950005e-03
4.100272897630929947e-03
3.952253144234418869e-03
2.843668451532721519e-03
5.112059880048036575e-03
2.853328129276633263e-03
4.583945497870445251e-03
3.892550943419337273e-03
3.209070069715380669e-03
4.139319062232971191e-03
1.949948840774595737e-03
2.789362799376249313e-03
4.680176265537738800e-03
2.601730637252330780e-03
2.165017183870077133e-03
2.054093172773718834e-03
3.492933697998523712e-03
1.305513666011393070e-03
3.756707534193992615e-03
4.092359915375709534e-03
2.688301960006356239e-03
2.821062458679080009e-03
2.841151785105466843e-03
2.512845909222960472e-03
3.248682711273431778e-03
1.789752510376274586e-03
2.177760004997253418e-03
2.517675748094916344e-03
1.957295462489128113e-03
2.300860593095421791e-03
2.234378829598426819e-03
3.428968135267496109e-03
2.080962760373950005e-03
1.937772496603429317e-03
2.280771266669034958e-03
1.698351348750293255e-03
4.312258213758468628e-03
1.977384788915514946e-03
1.865894184447824955e-03
2.310520270839333534e-03
1.201936043798923492e-03
2.873417688533663750e-03
1.698351348750293255e-03
1.362698851153254509e-03
2.697961637750267982e-03
1.330433064140379429e-03
3.105492331087589264e-03
1.698351348750293255e-03
8.912029443308711052e-04
1.419317559339106083e-03
1.214678981341421604e-03
1.614296459592878819e-03
7.230935152620077133e-04
2.253901911899447441e-03
4.714959068223834038e-04
