5.264865159988403320e-01
1.232432425022125244e-01
4.432432353496551514e-02
2.702702768146991730e-02
1.891892030835151672e-02
2.054054103791713715e-02
2.270270325243473053e-02
1.891892030835151672e-02
1.405405439436435699e-02
8.648648858070373535e-03
7.567567750811576843e-03
7.567567750811576843e-03
8.648648858070373535e-03
9.729729965329170227e-03
5.945946089923381805e-03
7.027027197182178497e-03
5.405405536293983459e-03
7.567567750811576843e-03
7.567567750811576843e-03
2.702702768146991730e-03
4.864864982664585114e-03
5.945946089923381805e-03
4.324324429035186768e-03
2.702702768146991730e-03
6.486486643552780151e-03
4.324324429035186768e-03
2.162162214517593384e-03
1.621621660888195038e-03
3.783783875405788422e-03
5.945946089923381805e-03
3.243243321776390076e-03
2.702702768146991730e-03
6.486486643552780151e-03
2.702702768146991730e-03
2.162162214517593384e-03
3.243243321776390076e-03
4.324324429035186768e-03
3.783783875405788422e-03
2.162162214517593384e-03
2.702702768146991730e-03
2.702702768146991730e-03
2.702702768146991730e-03
4.864864982664585114e-03
2.162162214517593384e-03
9.621621660888195038e-04
1.621621660888195038e-03
3.243243321776390076e-03
3.783783875405788422e-03
4.864864982664585114e-03
3.783783875405788422e-03
