6.710397079586982727e-03
5.705094430595636368e-03
4.548995755612850189e-03
4.775188863277435303e-03
5.453768651932477951e-03
5.202442407608032227e-03
5.177310202270746231e-03
6.433939095586538315e-03
6.358541548252105713e-03
5.931287072598934174e-03
5.956419743597507477e-03
5.805624648928642273e-03
6.559601984918117523e-03
7.464374881237745285e-03
6.936590187251567841e-03
7.313579320907592773e-03
7.615169975906610489e-03
7.941894233226776123e-03
7.338711991906166077e-03
8.218351751565933228e-03
8.293749764561653137e-03
8.922064676880836487e-03
9.525245055556297302e-03
9.223654866218566895e-03
9.701173752546310425e-03
9.776571765542030334e-03
1.000276394188404083e-02
1.027922332286834717e-02
1.110859774053096771e-02
1.098293531686067581e-02
1.216416619718074799e-02
1.394857838749885559e-02
1.414963975548744202e-02
1.560732908546924591e-02
1.565759442746639252e-02
1.774359680712223053e-02
1.910075731575489044e-02
2.138782292604446411e-02
2.299630641937255859e-02
2.528337016701698303e-02
2.829927951097488403e-02
3.003342822194099426e-02
3.511020541191101074e-02
4.559049010276794434e-02
5.745306611061096191e-02
7.079845666885375977e-02
7.245720922946929932e-02
7.094925642013549805e-02
8.977356553077697754e-02
9.623262286186218262e-02
