1.266264938749372959e-03
1.222600694745779037e-03
8.732861606404185295e-04
5.676359869539737701e-04
7.859575562179088593e-04
8.296218584291636944e-04
5.676359869539737701e-04
3.929787781089544296e-04
5.239716847427189350e-04
5.239717429503798485e-04
3.493144758976995945e-04
4.803073825314640999e-04
3.493144758976995945e-04
9.606148232705891132e-04
2.183215401601046324e-04
4.366430803202092648e-04
4.366430803202092648e-04
2.619858714751899242e-04
6.986289517953991890e-04
8.732861606404185295e-04
5.239717429503798485e-04
5.676359869539737701e-04
5.676359869539737701e-04
6.549646495841443539e-04
7.859575562179088593e-04
5.676359869539737701e-04
6.986289517953991890e-04
6.549645913764834404e-04
8.732861606404185295e-04
5.239716847427189350e-04
5.676359869539737701e-04
1.004279125481843948e-03
8.296218584291636944e-04
7.422931957989931107e-04
1.397257903590798378e-03
7.859575562179088593e-04
1.353593543171882629e-03
1.222600694745779037e-03
1.659243833273649216e-03
1.484586508013308048e-03
2.357872668653726578e-03
2.226879820227622986e-03
2.881844528019428253e-03
3.143830224871635437e-03
4.410095512866973877e-03
4.934066906571388245e-03
8.077897131443023682e-03
1.109073404222726822e-02
2.484499290585517883e-02
9.059470295906066895e-01
