0.000000000000000000e+00
0.000000000000000000e+00
0.000000000000000000e+00
1.653985964367166162e-04
1.653985964367166162e-04
0.000000000000000000e+00
0.000000000000000000e+00
0.000000000000000000e+00
0.000000000000000000e+00
0.000000000000000000e+00
0.000000000000000000e+00
0.000000000000000000e+00
1.653985964367166162e-04
1.653985964367166162e-04
0.000000000000000000e+00
1.653985964367166162e-04
0.000000000000000000e+00
1.653985964367166162e-04
0.000000000000000000e+00
0.000000000000000000e+00
0.000000000000000000e+00
0.000000000000000000e+00
0.000000000000000000e+00
1.653985964367166162e-04
0.000000000000000000e+00
0.000000000000000000e+00
0.000000000000000000e+00
1.653985964367166162e-04
0.000000000000000000e+00
1.653985964367166162e-04
1.653985964367166162e-04
0.000000000000000000e+00
0.000000000000000000e+00
3.307971928734332323e-04
3.307971928734332323e-04
0.000000000000000000e+00
1.653985964367166162e-04
3.307971928734332323e-04
6.615943275392055511e-04
3.307971928734332323e-04
1.323188771493732929e-03
1.653985964367166162e-04
1.157790189608931541e-03
8.269929094240069389e-04
8.269929094240069389e-04
1.323188655078411102e-03
1.653985935263335705e-03
4.961958155035972595e-03
7.112139835953712463e-03
9.768441915512084961e-01
