1.392656937241554260e-03
1.598148228367790580e-04
1.181334955617785454e-03
2.248824574053287506e-03
4.886050010100007057e-05
1.121643581427633762e-03
1.151489326730370522e-03
4.886050010100007057e-05
1.162320026196539402e-03
2.229809761047363281e-03
1.186628243885934353e-03
7.316870323847979307e-05
4.332306707510724664e-05
1.173150842078030109e-03
4.437957890331745148e-03
1.151489210315048695e-03
8.399946818826720119e-05
2.248824574053287506e-03
2.300331834703683853e-03
1.140658510848879814e-03
3.351453458890318871e-03
1.132474397309124470e-03
4.332306707510724664e-05
3.299946198239922523e-03
2.210794948041439056e-03
7.316870323847979307e-05
3.354100044816732407e-03
7.764859125018119812e-03
2.232456579804420471e-03
4.454082343727350235e-03
2.281317021697759628e-03
1.202996354550123215e-03
2.297441242262721062e-03
4.462266340851783752e-03
5.573079455643892288e-03
6.713738199323415756e-03
7.794705219566822052e-03
7.840919308364391327e-03
3.373114857822656631e-03
5.667909979820251465e-03
1.007866859436035156e-02
7.821903564035892487e-03
8.951487950980663300e-03
1.785989664494991302e-02
1.903304830193519592e-02
2.466003783047199249e-02
3.146595880389213562e-02
3.833999484777450562e-02
5.685311928391456604e-02
6.852265596389770508e-01
