5.439109802246093750e-01
8.196721225976943970e-02
4.039812833070755005e-02
2.985948324203491211e-02
2.576112374663352966e-02
2.166276425123214722e-02
1.463700179010629654e-02
1.346604246646165848e-02
9.953161701560020447e-03
1.170960068702697754e-02
7.025760598480701447e-03
1.229508221149444580e-02
9.367682039737701416e-03
7.025760598480701447e-03
8.782200515270233154e-03
8.196720853447914124e-03
5.854801274836063385e-03
2.927400637418031693e-03
5.269320681691169739e-03
1.170960138551890850e-03
2.927400404587388039e-03
4.683841019868850708e-03
2.341920277103781700e-03
3.512880764901638031e-03
4.683841019868850708e-03
7.025760598480701447e-03
7.025760598480701447e-03
3.512880532070994377e-03
3.512880299240350723e-03
5.269320681691169739e-03
3.512880532070994377e-03
4.098360426723957062e-03
2.927400637418031693e-03
5.269321147352457047e-03
2.341920509934425354e-03
3.512880299240350723e-03
3.512880764901638031e-03
1.170960138551890850e-03
2.927400637418031693e-03
2.927400637418031693e-03
4.098360426723957062e-03
3.512880764901638031e-03
2.927400637418031693e-03
5.269321147352457047e-03
2.341920509934425354e-03
4.683840554207563400e-03
8.196720853447914124e-03
8.196720853447914124e-03
7.025761529803276062e-03
1.580796204507350922e-02
