8.088600635528564453e-01
8.439946174621582031e-02
3.112468495965003967e-02
1.603971607983112335e-02
1.069314405322074890e-02
9.547449648380279541e-03
5.346572026610374451e-03
4.200878087431192398e-03
3.628030885010957718e-03
2.100439043715596199e-03
2.100439043715596199e-03
2.864235080778598785e-03
1.718540908768773079e-03
1.909489976242184639e-03
9.547449881210923195e-04
7.637959788553416729e-04
1.145693939179182053e-03
7.637959788553416729e-04
5.728469695895910263e-04
7.637959788553416729e-04
5.728469695895910263e-04
0.000000000000000000e+00
5.728469695895910263e-04
9.547449881210923195e-04
9.547449881210923195e-04
1.909489947138354182e-04
3.818979894276708364e-04
3.818979894276708364e-04
5.728469695895910263e-04
0.000000000000000000e+00
1.909489947138354182e-04
0.000000000000000000e+00
5.728469695895910263e-04
0.000000000000000000e+00
7.637959788553416729e-04
3.818979894276708364e-04
0.000000000000000000e+00
7.637959788553416729e-04
1.909489947138354182e-04
0.000000000000000000e+00
1.909489947138354182e-04
5.728469695895910263e-04
5.728469695895910263e-04
0.000000000000000000e+00
3.818979894276708364e-04
1.909489947138354182e-04
0.000000000000000000e+00
1.909489947138354182e-04
1.909489947138354182e-04
7.637959788553416729e-04
