6.021921038627624512e-01
5.351386219263076782e-02
3.352675959467887878e-02
1.934235915541648865e-02
1.998710632324218750e-02
1.547388732433319092e-02
1.482914295047521591e-02
9.671179577708244324e-03
1.031592488288879395e-02
9.671180509030818939e-03
6.447453051805496216e-03
3.868471831083297729e-03
3.868471831083297729e-03
6.447453051805496216e-03
5.802707746624946594e-03
2.578981220722198486e-03
5.802707746624946594e-03
6.447453051805496216e-03
4.513217136263847351e-03
5.157962441444396973e-03
7.736943662166595459e-03
2.578981220722198486e-03
4.513217136263847351e-03
1.934235915541648865e-03
2.578981220722198486e-03
5.157962441444396973e-03
5.802708212286233902e-03
1.289490610361099243e-03
3.868471831083297729e-03
4.513217136263847351e-03
3.868472063913941383e-03
2.578981220722198486e-03
6.447453051805496216e-03
7.092198356986045837e-03
3.223726525902748108e-03
4.513217136263847351e-03
2.578981220722198486e-03
3.223726525902748108e-03
2.578981220722198486e-03
5.802708212286233902e-03
3.223726525902748108e-03
3.868471831083297729e-03
4.513217136263847351e-03
7.092198356986045837e-03
7.092198356986045837e-03
3.868472063913941383e-03
6.447453051805496216e-03
8.381688967347145081e-03
1.289490610361099243e-02
2.127659693360328674e-02
