4.826254677027463913e-03
2.895752899348735809e-03
3.378378227353096008e-03
2.413127338513731956e-03
9.652509470470249653e-04
1.447876449674367905e-03
2.413127338513731956e-03
1.930501894094049931e-03
4.826254735235124826e-04
4.826254735235124826e-04
2.413127338513731956e-03
1.447876449674367905e-03
1.447876449674367905e-03
1.447876449674367905e-03
4.826254735235124826e-04
4.826254735235124826e-04
4.826254735235124826e-04
4.826254735235124826e-04
0.000000000000000000e+00
0.000000000000000000e+00
9.652509470470249653e-04
9.652509470470249653e-04
9.652509470470249653e-04
1.930501894094049931e-03
2.895752899348735809e-03
2.413127338513731956e-03
1.447876449674367905e-03
2.413127338513731956e-03
3.378378460183739662e-03
1.447876449674367905e-03
2.413127338513731956e-03
2.895752899348735809e-03
2.413127338513731956e-03
2.413127338513731956e-03
5.308880470693111420e-03
5.308880470693111420e-03
7.722008042037487030e-03
7.722008042037487030e-03
1.206563692539930344e-02
1.013513468205928802e-02
1.930502057075500488e-02
1.351351384073495865e-02
1.833976805210113525e-02
2.461390011012554169e-02
3.281853348016738892e-02
4.584942013025283813e-02
5.598455667495727539e-02
8.301158249378204346e-02
1.110038608312606812e-01
4.884169697761535645e-01
