8.179118037223815918e-01
6.465616077184677124e-02
3.015764057636260986e-02
1.576422154903411865e-02
9.824080392718315125e-03
6.625541951507329941e-03
6.625541951507329941e-03
5.940142087638378143e-03
3.427004907280206680e-03
2.741603879258036613e-03
3.427004907280206680e-03
2.056202851235866547e-03
2.284669550135731697e-03
9.138679015450179577e-04
2.056202851235866547e-03
1.827735803090035915e-03
2.284669550135731697e-03
1.142334775067865849e-03
9.138679015450179577e-04
4.569339507725089788e-04
4.569339507725089788e-04
0.000000000000000000e+00
4.569339507725089788e-04
6.854009698145091534e-04
1.142334775067865849e-03
9.138679015450179577e-04
0.000000000000000000e+00
2.284669753862544894e-04
0.000000000000000000e+00
6.854009698145091534e-04
1.142334775067865849e-03
6.854009698145091534e-04
2.284669753862544894e-04
6.854009698145091534e-04
2.284669753862544894e-04
4.569339507725089788e-04
0.000000000000000000e+00
2.284669753862544894e-04
0.000000000000000000e+00
2.284669753862544894e-04
2.284669753862544894e-04
2.284669753862544894e-04
0.000000000000000000e+00
4.569339507725089788e-04
4.569339507725089788e-04
2.284669753862544894e-04
6.854009698145091534e-04
0.000000000000000000e+00
0.000000000000000000e+00
2.284669753862544894e-04
0.000000000000000000e+00
0.000000000000000000e+00
0.000000000000000000e+00
4.569339507725089788e-04
2.284669753862544894e-04
6.854009698145091534e-04
0.000000000000000000e+00
0.000000000000000000e+00
0.000000000000000000e+00
0.000000000000000000e+00
2.284669753862544894e-04
6.854009698145091534e-04
0.000000000000000000e+00
2.284669753862544894e-04
0.000000000000000000e+00
4.569339507725089788e-04
0.000000000000000000e+00
0.000000000000000000e+00
4.569339507725089788e-04
2.284669753862544894e-04
4.569339507725089788e-04
0.000000000000000000e+00
0.000000000000000000e+00
0.000000000000000000e+00
0.000000000000000000e+00
2.284669753862544894e-04
0.000000000000000000e+00
0.000000000000000000e+00
2.284669753862544894e-04
0.000000000000000000e+00
4.569339507725089788e-04
0.000000000000000000e+00
0.000000000000000000e+00
0.000000000000000000e+00
2.284669753862544894e-04
0.000000000000000000e+00
4.569339507725089788e-04
2.284669753862544894e-04
2.284669753862544894e-04
0.000000000000000000e+00
0.000000000000000000e+00
0.000000000000000000e+00
2.284669753862544894e-04
4.569339507725089788e-04
0.000000000000000000e+00
6.854009698145091534e-04
0.000000000000000000e+00
0.000000000000000000e+00
2.284669753862544894e-04
