2.610966039355844259e-04
1.305483019677922130e-04
3.263707621954381466e-04
2.610966039355844259e-04
6.527415098389610648e-05
1.305483019677922130e-04
6.527415098389610648e-05
6.527415098389610648e-05
1.305483019677922130e-04
0.000000000000000000e+00
0.000000000000000000e+00
1.958224602276459336e-04
0.000000000000000000e+00
0.000000000000000000e+00
6.527415098389610648e-05
0.000000000000000000e+00
0.000000000000000000e+00
0.000000000000000000e+00
6.527415098389610648e-05
6.527415098389610648e-05
6.527415098389610648e-05
0.000000000000000000e+00
0.000000000000000000e+00
0.000000000000000000e+00
6.527415098389610648e-05
1.305483019677922130e-04
0.000000000000000000e+00
0.000000000000000000e+00
0.000000000000000000e+00
6.527415098389610648e-05
0.000000000000000000e+00
6.527415098389610648e-05
0.000000000000000000e+00
0.000000000000000000e+00
6.527415098389610648e-05
6.527415098389610648e-05
6.527415098389610648e-05
6.527415098389610648e-05
6.527415098389610648e-05
6.527415098389610648e-05
0.000000000000000000e+00
0.000000000000000000e+00
0.000000000000000000e+00
6.527415098389610648e-05
6.527415098389610648e-05
6.527415098389610648e-05
6.527415098389610648e-05
1.958224602276459336e-04
6.527415098389610648e-05
1.305483019677922130e-04
6.527415098389610648e-05
0.000000000000000000e+00
6.527415098389610648e-05
6.527415098389610648e-05
6.527415098389610648e-05
6.527415098389610648e-05
0.000000000000000000e+00
0.000000000000000000e+00
0.000000000000000000e+00
0.000000000000000000e+00
0.000000000000000000e+00
1.958224602276459336e-04
6.527415098389610648e-05
0.000000000000000000e+00
0.000000000000000000e+00
0.000000000000000000e+00
1.958224602276459336e-04
6.527415098389610648e-05
0.000000000000000000e+00
6.527415098389610648e-05
1.305483019677922130e-04
1.958224602276459336e-04
3.263707621954381466e-04
6.527415098389610648e-05
1.305483019677922130e-04
0.000000000000000000e+00
0.000000000000000000e+00
1.305483019677922130e-04
6.527415098389610648e-05
1.305483019677922130e-04
1.305483019677922130e-04
1.305483019677922130e-04
6.527415098389610648e-05
2.610966039355844259e-04
3.263707621954381466e-04
2.610966039355844259e-04
6.527415098389610648e-05
1.958224602276459336e-04
1.958224602276459336e-04
1.958224602276459336e-04
5.874673370271921158e-04
3.263707621954381466e-04
6.527415243908762932e-04
8.485639700666069984e-04
6.527415243908762932e-04
1.370757236145436764e-03
7.832898409105837345e-04
2.154046902433037758e-03
7.049608509987592697e-03
