1.189245097339153290e-02
1.085832435637712479e-02
6.721820216625928879e-03
8.014477789402008057e-03
8.014477789402008057e-03
5.429162178188562393e-03
6.204756908118724823e-03
6.721820216625928879e-03
4.653567913919687271e-03
5.429162178188562393e-03
6.463288329541683197e-03
4.395036026835441589e-03
5.170630756765604019e-03
3.360910108312964439e-03
5.170630756765604019e-03
4.912099335342645645e-03
4.136504605412483215e-03
4.912099335342645645e-03
4.136504605412483215e-03
6.204756908118724823e-03
6.204756908118724823e-03
5.687694065272808075e-03
3.619441529735922813e-03
5.687694065272808075e-03
3.360910108312964439e-03
3.619441529735922813e-03
3.360910108312964439e-03
3.877973183989524841e-03
2.585315378382802010e-03
4.136504605412483215e-03
6.721820216625928879e-03
5.170630756765604019e-03
4.653567913919687271e-03
4.653567913919687271e-03
3.619441529735922813e-03
2.843847032636404037e-03
5.687694065272808075e-03
6.204756908118724823e-03
3.102378454059362411e-03
3.877973183989524841e-03
3.360910108312964439e-03
3.619441529735922813e-03
3.360910108312964439e-03
3.877973183989524841e-03
4.395036026835441589e-03
4.395036026835441589e-03
5.170630756765604019e-03
6.721820216625928879e-03
4.136504605412483215e-03
2.326783956959843636e-03
3.877973183989524841e-03
3.102378454059362411e-03
3.619441529735922813e-03
6.463288329541683197e-03
4.653567913919687271e-03
2.585315378382802010e-03
3.360910108312964439e-03
3.102378454059362411e-03
5.170630756765604019e-03
4.136504605412483215e-03
4.395036026835441589e-03
4.653567913919687271e-03
3.619441529735922813e-03
2.068252302706241608e-03
3.360910108312964439e-03
5.429162178188562393e-03
4.136504605412483215e-03
5.687694065272808075e-03
3.877973183989524841e-03
2.843847032636404037e-03
5.429162178188562393e-03
5.429162178188562393e-03
5.429162178188562393e-03
3.619441529735922813e-03
6.463288329541683197e-03
5.170630756765604019e-03
8.790072053670883179e-03
7.755946367979049683e-03
5.946225486695766449e-03
6.204756908118724823e-03
5.170630756765604019e-03
7.238883059471845627e-03
6.463288329541683197e-03
6.463288329541683197e-03
6.204756908118724823e-03
6.980351638048887253e-03
1.111685670912265778e-02
1.008273009210824966e-02
1.111685670912265778e-02
1.163391955196857452e-02
1.318510901182889938e-02
1.318510901182889938e-02
1.473629754036664963e-02
1.344364043325185776e-02
2.016546018421649933e-02
2.326783910393714905e-02
2.766287513077259064e-02
2.973112650215625763e-02
4.265770316123962402e-02
