5.069688558578491211e-01
8.310537785291671753e-02
4.454865306615829468e-02
3.490946814417839050e-02
2.748469449579715729e-02
2.292562276124954224e-02
1.693369820713996887e-02
1.484955102205276489e-02
1.315618120133876801e-02
1.224436610937118530e-02
1.159306988120079041e-02
7.164256647229194641e-03
9.508922696113586426e-03
7.945812307298183441e-03
7.033997680991888046e-03
6.122183054685592651e-03
6.252442486584186554e-03
5.601146258413791656e-03
5.991924088448286057e-03
5.340627860277891159e-03
4.559072665870189667e-03
5.470887292176485062e-03
5.340627860277891159e-03
3.256480442360043526e-03
4.689331632107496262e-03
2.605184214189648628e-03
2.214406616985797882e-03
3.647258039563894272e-03
3.777517238631844521e-03
3.386739641427993774e-03
2.995962044224143028e-03
3.256480442360043526e-03
2.084147417917847633e-03
2.344665816053748131e-03
2.344665816053748131e-03
1.823629019781947136e-03
4.038035869598388672e-03
2.735443646088242531e-03
2.995962044224143028e-03
2.605184214189648628e-03
1.823629019781947136e-03
2.214406616985797882e-03
1.953888218849897385e-03
2.474925015121698380e-03
1.953888218849897385e-03
1.172332908026874065e-03
2.474925015121698380e-03
1.563110621646046638e-03
2.084147417917847633e-03
1.693369820713996887e-03
1.432851422578096390e-03
7.815553108230233192e-04
1.432851422578096390e-03
1.172332908026874065e-03
1.693369820713996887e-03
1.563110621646046638e-03
1.042073708958923817e-03
1.693369820713996887e-03
1.042073708958923817e-03
1.432851422578096390e-03
7.815553108230233192e-04
1.953888218849897385e-03
1.953888218849897385e-03
1.432851422578096390e-03
1.042073708958923817e-03
2.214406616985797882e-03
1.172332908026874065e-03
1.563110621646046638e-03
1.172332908026874065e-03
1.432851422578096390e-03
7.815553108230233192e-04
9.118145098909735680e-04
1.172332908026874065e-03
7.815553108230233192e-04
7.815553108230233192e-04
6.512960535474121571e-04
1.302592107094824314e-03
7.815553108230233192e-04
1.302592107094824314e-03
1.172332908026874065e-03
1.172332908026874065e-03
1.302592107094824314e-03
1.432851422578096390e-03
1.432851422578096390e-03
1.563110621646046638e-03
7.815553108230233192e-04
3.907776554115116596e-04
2.214406616985797882e-03
1.042073708958923817e-03
5.210368544794619083e-04
1.042073708958923817e-03
1.042073708958923817e-03
1.042073708958923817e-03
6.512960535474121571e-04
3.907776554115116596e-04
9.118145098909735680e-04
1.302592107094824314e-03
6.512960535474121571e-04
2.084147417917847633e-03
