4.776453077793121338e-01
9.090909361839294434e-02
4.769001528620719910e-02
4.321907460689544678e-02
2.235469408333301544e-02
2.384500764310359955e-02
2.011922560632228851e-02
1.415797322988510132e-02
1.415797322988510132e-02
1.564828678965568542e-02
2.086438238620758057e-02
1.341281644999980927e-02
1.192250382155179977e-02
9.687034413218498230e-03
8.941877633333206177e-03
8.196720853447914124e-03
1.266766060143709183e-02
1.117734704166650772e-02
1.341281644999980927e-02
4.470938816666603088e-03
7.451565004885196686e-03
1.490312977693974972e-03
2.980625955387949944e-03
3.725782502442598343e-03
5.216095596551895142e-03
5.216095596551895142e-03
4.470938816666603088e-03
5.961251910775899887e-03
2.980625955387949944e-03
5.216095596551895142e-03
1.490312977693974972e-03
2.980625955387949944e-03
3.725782502442598343e-03
1.490312977693974972e-03
1.490312977693974972e-03
4.470938816666603088e-03
2.980625955387949944e-03
2.980625955387949944e-03
2.980625955387949944e-03
4.470938816666603088e-03
1.490312977693974972e-03
2.980625955387949944e-03
2.980625955387949944e-03
2.235469408333301544e-03
1.490312977693974972e-03
7.451564888469874859e-04
2.235469408333301544e-03
7.451564888469874859e-04
0.000000000000000000e+00
7.451564888469874859e-04
0.000000000000000000e+00
0.000000000000000000e+00
7.451564888469874859e-04
7.451564888469874859e-04
0.000000000000000000e+00
1.490312977693974972e-03
0.000000000000000000e+00
0.000000000000000000e+00
0.000000000000000000e+00
7.451564888469874859e-04
0.000000000000000000e+00
0.000000000000000000e+00
2.980625955387949944e-03
7.451564888469874859e-04
0.000000000000000000e+00
0.000000000000000000e+00
0.000000000000000000e+00
7.451564888469874859e-04
2.235469408333301544e-03
7.451564888469874859e-04
0.000000000000000000e+00
0.000000000000000000e+00
7.451564888469874859e-04
7.451564888469874859e-04
0.000000000000000000e+00
7.451564888469874859e-04
0.000000000000000000e+00
2.235469408333301544e-03
7.451564888469874859e-04
1.490312977693974972e-03
0.000000000000000000e+00
0.000000000000000000e+00
0.000000000000000000e+00
0.000000000000000000e+00
0.000000000000000000e+00
0.000000000000000000e+00
0.000000000000000000e+00
1.490312977693974972e-03
7.451564888469874859e-04
0.000000000000000000e+00
7.451564888469874859e-04
0.000000000000000000e+00
0.000000000000000000e+00
0.000000000000000000e+00
0.000000000000000000e+00
7.451564888469874859e-04
7.451564888469874859e-04
7.451564888469874859e-04
2.235469408333301544e-03
