3.141712546348571777e-01
2.261015474796295166e-01
1.223340928554534912e-01
7.096459716558456421e-02
4.471148550510406494e-02
2.895961888134479523e-02
1.975749619305133820e-02
1.683446951210498810e-02
1.266644988209009171e-02
9.905813261866569519e-03
8.173649199306964874e-03
8.065389469265937805e-03
6.766266189515590668e-03
6.062574218958616257e-03
4.871711600571870804e-03
4.059759434312582016e-03
3.410198027268052101e-03
4.276280291378498077e-03
3.626718651503324509e-03
3.680848749354481697e-03
3.789108945056796074e-03
3.031287109479308128e-03
2.814766718074679375e-03
3.301937831565737724e-03
2.111074980348348618e-03
2.923026913776993752e-03
2.814766718074679375e-03
2.002814784646034241e-03
1.569773769006133080e-03
2.381725702434778214e-03
2.327595604583621025e-03
1.732164178974926472e-03
1.515643554739654064e-03
1.461513456888496876e-03
1.515643554739654064e-03
1.732164178974926472e-03
1.623903866857290268e-03
1.353253261186182499e-03
7.036916795186698437e-04
1.299123046919703484e-03
1.407383359037339687e-03
1.082602539099752903e-03
1.732164178974926472e-03
9.743423433974385262e-04
1.461513456888496876e-03
9.202121873386204243e-04
1.244992949068546295e-03
9.202121873386204243e-04
7.036916795186698437e-04
9.743423433974385262e-04
1.190862851217389107e-03
8.119519334286451340e-04
7.578217773698270321e-04
7.578217773698270321e-04
1.353253261186182499e-03
9.743423433974385262e-04
9.202121873386204243e-04
6.495615234598517418e-04
4.871711716987192631e-04
7.578217773698270321e-04
8.119519334286451340e-04
8.119519334286451340e-04
1.136732753366231918e-03
5.954314256086945534e-04
3.247807617299258709e-04
3.789108886849135160e-04
5.954314256086945534e-04
5.413012695498764515e-04
5.954314256086945534e-04
5.954314256086945534e-04
4.330410447437316179e-04
4.871711716987192631e-04
5.954314256086945534e-04
5.413012695498764515e-04
3.247807617299258709e-04
7.578217773698270321e-04
5.954314256086945534e-04
4.871711716987192631e-04
2.706506347749382257e-04
4.871711716987192631e-04
3.247807617299258709e-04
3.789108886849135160e-04
3.247807617299258709e-04
2.706506347749382257e-04
4.330410447437316179e-04
3.789108886849135160e-04
4.871711716987192631e-04
3.789108886849135160e-04
5.413012695498764515e-04
1.623903808649629354e-04
3.789108886849135160e-04
2.706506347749382257e-04
4.330410447437316179e-04
2.706506347749382257e-04
3.247807617299258709e-04
5.413013059296645224e-05
2.706506347749382257e-04
4.330410447437316179e-04
5.954314256086945534e-04
4.330410447437316179e-04
