4.221105575561523438e-01
1.608040183782577515e-01
9.045226126909255981e-02
5.527638271450996399e-02
3.517587855458259583e-02
1.507537718862295151e-02
1.005025114864110947e-02
5.025125574320554733e-03
0.000000000000000000e+00
1.507537718862295151e-02
0.000000000000000000e+00
5.025125574320554733e-03
0.000000000000000000e+00
5.025125574320554733e-03
1.005025114864110947e-02
1.005025114864110947e-02
0.000000000000000000e+00
5.025125574320554733e-03
0.000000000000000000e+00
5.025125574320554733e-03
5.025125574320554733e-03
5.025125574320554733e-03
1.005025114864110947e-02
0.000000000000000000e+00
5.025125574320554733e-03
5.025125574320554733e-03
0.000000000000000000e+00
5.025125574320554733e-03
0.000000000000000000e+00
0.000000000000000000e+00
0.000000000000000000e+00
0.000000000000000000e+00
0.000000000000000000e+00
0.000000000000000000e+00
5.025125574320554733e-03
0.000000000000000000e+00
5.025125574320554733e-03
0.000000000000000000e+00
0.000000000000000000e+00
5.025125574320554733e-03
5.025125574320554733e-03
0.000000000000000000e+00
0.000000000000000000e+00
0.000000000000000000e+00
0.000000000000000000e+00
5.025125574320554733e-03
0.000000000000000000e+00
5.025125574320554733e-03
5.025125574320554733e-03
0.000000000000000000e+00
0.000000000000000000e+00
0.000000000000000000e+00
0.000000000000000000e+00
5.025125574320554733e-03
0.000000000000000000e+00
0.000000000000000000e+00
5.025125574320554733e-03
0.000000000000000000e+00
5.025125574320554733e-03
0.000000000000000000e+00
5.025125574320554733e-03
0.000000000000000000e+00
0.000000000000000000e+00
5.025125574320554733e-03
0.000000000000000000e+00
5.025125574320554733e-03
0.000000000000000000e+00
5.025125574320554733e-03
0.000000000000000000e+00
0.000000000000000000e+00
0.000000000000000000e+00
0.000000000000000000e+00
0.000000000000000000e+00
0.000000000000000000e+00
0.000000000000000000e+00
0.000000000000000000e+00
0.000000000000000000e+00
5.025125574320554733e-03
0.000000000000000000e+00
0.000000000000000000e+00
0.000000000000000000e+00
0.000000000000000000e+00
5.025125574320554733e-03
0.000000000000000000e+00
5.025125574320554733e-03
0.000000000000000000e+00
0.000000000000000000e+00
5.025125574320554733e-03
0.000000000000000000e+00
0.000000000000000000e+00
0.000000000000000000e+00
0.000000000000000000e+00
0.000000000000000000e+00
5.025125574320554733e-03
0.000000000000000000e+00
0.000000000000000000e+00
0.000000000000000000e+00
5.025125574320554733e-03
5.025125574320554733e-03
