3.286790594922185392e+03
3.131644954105108809e+02
2.442108421446713180e+02
1.666379822206018559e+02
9.481126336164659563e+01
8.044592057774381999e+01
6.608057779384104435e+01
6.033444660760958556e+01
7.182671885895526032e+01
4.884216447738116074e+01
4.309602835170832691e+01
1.723841208159953808e+01
4.884216447738116074e+01
2.585761997468982543e+01
3.160375610036265925e+01
4.309603329114970904e+01
3.160375610036265925e+01
2.298454944213271745e+01
2.011148137929630053e+01
2.873068803752624234e+01
2.873068556780555127e+01
1.436534278390277564e+01
1.723841084673919255e+01
2.011148137929630053e+01
1.436534278390277564e+01
1.149227472106635872e+01
2.873068556780555127e+01
2.011148137929630053e+01
2.873068556780555127e+01
1.723841084673919255e+01
2.585761997468982543e+01
2.298454944213271745e+01
1.436534278390277564e+01
1.723841331645988362e+01
1.723841084673919255e+01
1.436534278390277564e+01
2.011148137929630053e+01
3.160375610036265925e+01
2.011148137929630053e+01
2.011148137929630053e+01
2.585761503524844684e+01
1.436534278390277564e+01
1.436534278390277564e+01
8.619206040799769042e+00
1.436534278390277564e+01
8.619206040799769042e+00
2.585761997468982543e+01
2.011148014443595500e+01
2.011148014443595500e+01
