9.304121795886048574e+01
2.417495051292873853e+01
6.159930405020975996e+00
2.790300743391497029e+00
4.776416345349954184e+00
2.872911620906560604e+00
6.487657061830835126e+00
3.241935274178718629e+00
6.625154009986688131e+00
3.662885161352827268e+00
7.553348341124444865e+00
3.609266900346728146e+00
6.720697257154113480e+00
3.320228005812286387e+00
6.687819946540525251e+00
3.852749542651046966e+00
8.185526038969667795e+00
3.892827174317779360e+00
7.634521998258811948e+00
4.073192929293923292e+00
9.176543887347571982e+00
4.250695025747151412e+00
8.058142041280158097e+00
4.456720731314180561e+00
9.653283286059171076e+00
5.104311970583253810e+00
1.037117130793566311e+01
5.572085476338545007e+00
1.204611207286930963e+01
6.113967382866599465e+00
1.197764006937101477e+01
6.271169311938018964e+00
1.363464868443525546e+01
6.718169706619735670e+00
1.416511414654131862e+01
7.504613036228235501e+00
1.645774202868197733e+01
8.460449275691061644e+00
1.748481205212858569e+01
9.052670013929878579e+00
1.969304790100881775e+01
1.057063168354899041e+01
2.371651305870439685e+01
1.462026391519534307e+01
3.482633566036101058e+01
2.097551209559846086e+01
4.768686086438621885e+01
3.044850753241994212e+01
7.858005788412685888e+01
