5.425445269793272018e-04
6.329686148092150688e-04
6.329686148092150688e-04
5.877565708942711353e-04
5.877565708942711353e-04
4.521204100456088781e-04
6.781806587241590023e-04
6.329686148092150688e-04
5.425445269793272018e-04
4.069083952344954014e-04
7.233927026391029358e-04
4.973324830643832684e-04
4.973324830643832684e-04
4.973324830643832684e-04
5.877565708942711353e-04
2.712722634896636009e-04
3.164843074046075344e-04
7.686046883463859558e-04
4.521204391494393349e-04
5.425445269793272018e-04
3.164843074046075344e-04
5.425445269793272018e-04
7.233927026391029358e-04
6.329686148092150688e-04
9.042408200912177563e-04
4.973324830643832684e-04
5.877566291019320488e-04
9.042408200912177563e-04
7.686048047617077827e-04
7.686046883463859558e-04
8.590288343839347363e-04
4.521204100456088781e-04
7.233927026391029358e-04
7.233927026391029358e-04
6.329686148092150688e-04
1.311149215325713158e-03
1.356361433863639832e-03
1.401573419570922852e-03
1.672845683060586452e-03
2.079754136502742767e-03
2.441450487822294235e-03
2.441450487822294235e-03
2.893570810556411743e-03
3.436115570366382599e-03
4.837688989937305450e-03
7.098290603607892990e-03
1.157428324222564697e-02
1.975766196846961975e-02
5.081833899021148682e-02
8.659914731979370117e-01
