1.953707775101065636e-03
4.068062640726566315e-03
3.740195184946060181e-03
4.676812328398227692e-03
3.881837707012891769e-03
3.284804290160536766e-03
3.897732123732566833e-03
3.199003171175718307e-03
2.898745704442262650e-03
3.291201312094926834e-03
4.503566771745681763e-03
5.699796602129936218e-03
4.332103766500949860e-03
5.247507244348526001e-03
4.860502667725086212e-03
5.398973822593688965e-03
5.233582109212875366e-03
5.054124630987644196e-03
6.750958040356636047e-03
6.379716563969850540e-03
4.627236165106296539e-03
7.090727332979440689e-03
9.227808564901351929e-03
6.187225691974163055e-03
6.853971630334854126e-03
6.778188049793243408e-03
7.128781639039516449e-03
8.519899100065231323e-03
7.604874670505523682e-03
7.623685523867607117e-03
7.317597046494483948e-03
7.739500608295202255e-03
7.246938534080982208e-03
9.947751648724079132e-03
9.841062128543853760e-03
1.218930352479219437e-02
9.114713408052921295e-03
1.315118186175823212e-02
1.487162429839372635e-02
1.650677621364593506e-02
1.619593426585197449e-02
2.017364837229251862e-02
2.345256507396697998e-02
2.520187944173812866e-02
2.612074837088584900e-02
2.868982404470443726e-02
3.740729391574859619e-02
5.105607211589813232e-02
8.130881935358047485e-02
4.224714338779449463e-01
