4.789244532585144043e-01
2.184463143348693848e-01
8.507721126079559326e-02
4.411852359771728516e-02
2.688844874501228333e-02
1.740893162786960602e-02
1.412985101342201233e-02
9.062183089554309845e-03
7.690931670367717743e-03
6.915876641869544983e-03
7.094735279679298401e-03
7.512073032557964325e-03
4.829189740121364594e-03
4.531092010438442230e-03
4.232993349432945251e-03
4.888809286057949066e-03
4.113754257559776306e-03
3.398318774998188019e-03
3.994515165686607361e-03
2.623263280838727951e-03
2.742502838373184204e-03
2.921361941844224930e-03
2.742502838373184204e-03
1.907828031107783318e-03
1.788588706403970718e-03
2.325165551155805588e-03
1.788588706403970718e-03
2.205926226451992989e-03
1.907828031107783318e-03
2.027067355811595917e-03
1.371251419186592102e-03
1.132773002609610558e-03
1.550110289826989174e-03
1.967447809875011444e-03
1.609729835763573647e-03
9.539140737615525723e-04
1.252012327313423157e-03
8.942944696173071861e-04
1.669349498115479946e-03
1.192392548546195030e-03
1.192392548546195030e-03
1.311631873250007629e-03
1.132773002609610558e-03
1.132773002609610558e-03
9.539140155538916588e-04
7.750551449134945869e-04
2.980981371365487576e-04
4.769570077769458294e-04
5.961962742730975151e-04
2.980981371365487576e-04
