1.403887756168842316e-03
2.051835879683494568e-03
1.835853327065706253e-03
1.706263516098260880e-03
1.274298061616718769e-03
1.209503272548317909e-03
1.879049697890877724e-03
1.295896479859948158e-03
1.274298178032040596e-03
1.274298178032040596e-03
1.447084359824657440e-03
1.382289454340934753e-03
1.490280730649828911e-03
1.231101574376225471e-03
1.900647999718785286e-03
1.468682545237243176e-03
1.317494665272533894e-03
1.382289454340934753e-03
1.144708483479917049e-03
1.274298061616718769e-03
1.101511879824101925e-03
1.339092850685119629e-03
1.403887756168842316e-03
1.576673821546137333e-03
1.835853327065706253e-03
1.835853327065706253e-03
1.468682545237243176e-03
1.814254792407155037e-03
1.576673937961459160e-03
2.267818432301282883e-03
2.073434181511402130e-03
1.814254792407155037e-03
2.483801450580358505e-03
2.116630785167217255e-03
2.332613337785005569e-03
2.915766788646578789e-03
2.829373814165592194e-03
2.786177210509777069e-03
3.390928730368614197e-03
4.730021581053733826e-03
4.902807995676994324e-03
5.248380824923515320e-03
7.041037082672119141e-03
8.768898434937000275e-03
1.103671640157699585e-02
1.434125378727912903e-02
2.263499051332473755e-02
3.790496662259101868e-02
8.766738325357437134e-02
7.275161743164062500e-01
