3.631108701229095459e-01
1.197057291865348816e-01
7.272727042436599731e-02
4.750394076108932495e-02
3.184445574879646301e-02
2.532843127846717834e-02
1.902259513735771179e-02
1.818181760609149933e-02
9.353651665151119232e-03
1.071991585195064545e-02
1.208618097007274628e-02
9.668944403529167175e-03
8.197582326829433441e-03
7.672096602618694305e-03
7.356805726885795593e-03
9.458750486373901367e-03
7.566999644041061401e-03
5.675250198692083359e-03
5.885444115847349167e-03
5.885444115847349167e-03
6.095638498663902283e-03
5.885444115847349167e-03
6.726221647113561630e-03
4.624277353286743164e-03
6.200735457241535187e-03
7.672096602618694305e-03
4.308986011892557144e-03
6.726221647113561630e-03
4.729375243186950684e-03
5.359957925975322723e-03
5.780347157269716263e-03
5.780347157269716263e-03
5.149763543158769608e-03
5.044666118919849396e-03
5.044666118919849396e-03
4.308986011892557144e-03
4.203888587653636932e-03
3.783499822020530701e-03
4.834472201764583588e-03
4.834472201764583588e-03
3.678402863442897797e-03
3.047819249331951141e-03
3.363110823556780815e-03
2.522333059459924698e-03
2.627430483698844910e-03
2.312138676643371582e-03
3.047819249331951141e-03
3.258013864979147911e-03
1.891749911010265350e-03
2.837625099346041679e-03
1.996847102418541908e-03
1.891749911010265350e-03
2.522333059459924698e-03
1.891749911010265350e-03
1.261166529729962349e-03
2.522333059459924698e-03
1.576458220370113850e-03
1.681555411778390408e-03
1.996847102418541908e-03
1.891749911010265350e-03
2.101944293826818466e-03
1.786652603186666965e-03
1.471361028961837292e-03
1.471361028961837292e-03
1.786652603186666965e-03
1.891749911010265350e-03
1.261166529729962349e-03
1.576458220370113850e-03
2.627430483698844910e-03
1.366263837553560734e-03
1.681555411778390408e-03
1.576458220370113850e-03
1.261166529729962349e-03
1.681555411778390408e-03
7.356805144809186459e-04
9.458749555051326752e-04
1.050972146913409233e-03
1.366263837553560734e-03
5.254860734567046165e-04
1.050972146913409233e-03
1.366263837553560734e-03
1.681555411778390408e-03
1.156069338321685791e-03
9.458749555051326752e-04
1.786652603186666965e-03
4.203888529445976019e-04
8.407777058891952038e-04
1.050972146913409233e-03
1.156069338321685791e-03
8.407777058891952038e-04
1.050972146913409233e-03
1.156069338321685791e-03
5.254860734567046165e-04
1.050972146913409233e-03
7.356805144809186459e-04
9.458749555051326752e-04
5.254860734567046165e-04
5.254860734567046165e-04
4.203888529445976019e-04
