4.752747416496276855e-01
1.112467497587203979e-01
6.740694493055343628e-02
3.783928602933883667e-02
2.016898617148399353e-02
1.416224800050258636e-02
1.387704163789749146e-02
1.170398388057947159e-02
1.410683616995811462e-02
8.911939337849617004e-03
1.078040897846221924e-02
6.559593603014945984e-03
1.052000001072883606e-02
9.135408326983451843e-03
9.314697235822677612e-03
8.732652291655540466e-03
6.299184635281562805e-03
5.325102247297763824e-03
5.113776773214340210e-03
4.400102887302637100e-03
6.982245016843080521e-03
2.661838894709944725e-03
4.511837381869554520e-03
4.269898403435945511e-03
5.375609733164310455e-03
3.426020033657550812e-03
7.758569903671741486e-03
5.113776773214340210e-03
4.251427948474884033e-03
3.537754528224468231e-03
1.817960757762193680e-03
6.752449087798595428e-03
5.194897763431072235e-03
2.582142129540443420e-03
6.168980151414871216e-03
7.285410538315773010e-03
2.873164601624011993e-03
7.025001104921102524e-03
4.381632432341575623e-03
3.456633538007736206e-03
5.164284259080886841e-03
4.753775894641876221e-03
4.965101368725299835e-03
3.879284486174583435e-03
6.492040120065212250e-03
2.110407454892992973e-03
7.385001983493566513e-03
3.265202511101961136e-03
7.819795981049537659e-03
7.858160883188247681e-03
