1.768111642544151554e-02
4.709970978936297431e-03
8.817804341361119109e-04
4.688803953932049631e-04
1.008831753121732042e-03
4.004092715754859031e-04
6.232270903231308798e-04
5.249029812316115306e-04
1.467095905734989254e-03
5.181382300770285198e-04
6.215892161136802024e-04
3.422568059367124787e-04
7.522241537613187949e-04
2.853326152722889669e-04
3.762254140067385565e-04
4.630029065664541320e-04
1.510336927812533326e-03
6.556154021228968471e-04
1.106421385730202130e-03
5.502870350913461684e-04
1.091473314229949275e-03
5.950207093498402922e-04
1.241942275856222199e-03
5.823138549689040435e-04
1.124510666392767796e-03
7.422224292135142952e-04
1.865616723992012454e-03
8.965377208831889566e-04
1.761205850229910410e-03
9.727456671650685366e-04
2.112726149551377892e-03
9.171324248718509993e-04
1.635942589838813030e-03
1.003119587496927425e-03
2.363151905673151459e-03
1.389546797063997020e-03
3.257895122394250352e-03
1.797735335707172956e-03
4.061859832407206661e-03
2.369260288307413736e-03
5.101116429532892051e-03
3.052442778479788708e-03
6.893683608435457674e-03
4.556656332743012038e-03
1.117019017247068875e-02
1.046191864757282410e-02
3.182618675367256122e-02
2.909801065411892762e-01
1.101116336161924503e+00
