5.327737721853178527e+02
1.311472945733333972e+02
2.458962264790667991e-03
1.102942250134129276e+00
4.563616206651105678e+00
2.299594186154563680e+00
4.503907945018100989e+00
1.683414751406558496e+00
2.304091841366083582e+00
1.662152633319045503e+00
4.531722593213739714e+00
2.750817783202873734e+00
6.737438046428168015e+00
4.620375667579377676e+00
1.141637681050032604e+01
2.796826882613497656e+00
2.542873590661777917e-03
1.146969776071216529e+00
4.560795465584482677e+00
1.147181672697291432e+00
2.711684420932072414e-03
5.748967334833852139e-01
2.205163777781987910e+00
2.297226120519669568e+00
6.728916904989034720e+00
2.839510266002289729e+00
4.588093636309091394e+00
2.295564779147509782e+00
4.464587038264379082e+00
1.131287594181445533e+00
2.467274102972639733e-03
2.515930940306103369e-03
2.666652973899132605e-03
1.714844371873356366e+00
6.677186125657296856e+00
2.229171293527780762e+00
2.288197002249721113e+00
1.139443196886909870e+00
2.245282470252148777e+00
1.100908526109385610e+00
2.267724110129941018e+00
3.322488193522490363e+00
1.103716266099929300e+01
3.956244910208901011e+00
4.571045265621659581e+00
2.288854088191022651e+00
4.412303902659459709e+00
6.251147227046842225e+00
2.017881080767405777e+01
