1.732130900713200617e+03
4.321784484567589288e+02
1.315299206203125459e+00
1.262631998599375693e+00
3.667718993092325963e+00
1.929713167446824862e+00
4.058719159435644208e+00
1.328369540359557899e+00
1.324282245646793754e+00
8.494991611702659151e-01
2.021794194256311794e+00
1.330401984474367527e+00
3.358223721400472872e+00
1.276350912954034245e+00
1.639210092121829554e+00
7.459119360198155357e-01
1.356124839492553358e+00
6.648589267807597514e-01
1.328927007365831470e+00
9.277033662988871665e-01
2.287069784015583362e+00
1.410348434292284958e+00
3.328397046301287077e+00
1.220968133631370467e+00
1.638775969255117371e+00
8.967188434317167056e-01
1.999502388811672970e+00
7.631678002991493237e-01
9.880567277975431661e-01
5.918854847363695937e-01
1.311940843210771312e+00
8.497300824238368522e-01
1.999059289528008154e+00
6.753497173788901575e-01
6.631960413907393992e-01
3.407603625689502591e-01
6.715212408810748990e-01
8.384757877533028925e-01
2.679894575876884844e+00
8.253641669460843877e-01
6.679290061134361967e-01
6.789877459980501184e-01
2.008926126733719286e+00
8.256497959278633614e-01
1.318865148158550271e+00
8.493082403684618642e-01
1.988706567473222275e+00
1.167944199079520962e+00
2.694747916310045621e+00
