3.835238167084753513e-04
7.670476043131202459e-05
1.150571479229256511e-04
3.835238021565601230e-05
7.670476043131202459e-05
3.835238021565601230e-05
0.000000000000000000e+00
0.000000000000000000e+00
3.835238021565601230e-05
7.670476043131202459e-05
3.835238021565601230e-05
7.670476043131202459e-05
0.000000000000000000e+00
3.835238021565601230e-05
0.000000000000000000e+00
7.670476043131202459e-05
3.835238021565601230e-05
3.835238021565601230e-05
3.835238021565601230e-05
0.000000000000000000e+00
0.000000000000000000e+00
3.835238021565601230e-05
3.835238021565601230e-05
1.150571479229256511e-04
3.835238021565601230e-05
3.835238021565601230e-05
7.670476043131202459e-05
0.000000000000000000e+00
3.835238021565601230e-05
0.000000000000000000e+00
1.150571479229256511e-04
0.000000000000000000e+00
7.670476043131202459e-05
3.835238021565601230e-05
3.835238021565601230e-05
7.670476043131202459e-05
0.000000000000000000e+00
0.000000000000000000e+00
0.000000000000000000e+00
3.835238021565601230e-05
7.670476043131202459e-05
3.835238021565601230e-05
0.000000000000000000e+00
3.835238021565601230e-05
0.000000000000000000e+00
7.670476043131202459e-05
7.670476043131202459e-05
0.000000000000000000e+00
3.835238021565601230e-05
1.534095208626240492e-04
0.000000000000000000e+00
0.000000000000000000e+00
3.835238021565601230e-05
0.000000000000000000e+00
3.835238021565601230e-05
0.000000000000000000e+00
3.835238021565601230e-05
3.835238021565601230e-05
3.835238021565601230e-05
3.835238021565601230e-05
7.670476043131202459e-05
3.835238021565601230e-05
0.000000000000000000e+00
7.670476043131202459e-05
7.670476043131202459e-05
1.150571479229256511e-04
1.150571479229256511e-04
0.000000000000000000e+00
7.670476043131202459e-05
3.835238021565601230e-05
7.670476043131202459e-05
3.835238021565601230e-05
7.670476043131202459e-05
7.670476043131202459e-05
7.670476043131202459e-05
1.150571479229256511e-04
1.150571479229256511e-04
3.835238021565601230e-05
2.301142958458513021e-04
1.150571479229256511e-04
1.534095208626240492e-04
7.670476043131202459e-05
1.917619083542376757e-04
3.835238021565601230e-05
1.534095208626240492e-04
7.670476043131202459e-05
1.534095208626240492e-04
3.451714292168617249e-04
2.684666833374649286e-04
3.451714292168617249e-04
3.835238167084753513e-04
4.985809791833162308e-04
4.602285916917026043e-04
4.218762042000889778e-04
8.437524084001779556e-04
7.286952459253370762e-04
1.227276166900992393e-03
1.572447596117854118e-03
4.832400009036064148e-03
