2.816291060298681259e-03
1.299826661124825478e-03
5.054881330579519272e-04
5.777007318101823330e-04
5.777007318101823330e-04
7.221259293146431446e-04
5.054881330579519272e-04
5.777007318101823330e-04
3.610629646573215723e-04
2.166377817047759891e-04
3.610629646573215723e-04
2.166377817047759891e-04
5.777007318101823330e-04
5.054881330579519272e-04
1.444251829525455832e-04
7.221259147627279162e-05
2.888503659050911665e-04
2.166377817047759891e-04
5.054881330579519272e-04
2.888503659050911665e-04
1.444251829525455832e-04
0.000000000000000000e+00
2.166377817047759891e-04
2.166377817047759891e-04
6.499133305624127388e-04
2.166377817047759891e-04
2.888503659050911665e-04
2.166377817047759891e-04
1.444251829525455832e-04
1.444251829525455832e-04
2.888503659050911665e-04
7.221259147627279162e-05
7.221259147627279162e-05
7.221259147627279162e-05
1.444251829525455832e-04
2.166377817047759891e-04
2.166377817047759891e-04
2.888503659050911665e-04
4.332755634095519781e-04
1.444251829525455832e-04
2.166377817047759891e-04
2.888503659050911665e-04
3.610629646573215723e-04
2.888503659050911665e-04
2.888503659050911665e-04
7.221259147627279162e-05
3.610629646573215723e-04
2.888503659050911665e-04
2.166377817047759891e-04
5.054881330579519272e-04
7.221259147627279162e-05
6.499133305624127388e-04
2.166377817047759891e-04
2.888503659050911665e-04
2.888503659050911665e-04
2.888503659050911665e-04
2.888503659050911665e-04
5.777007318101823330e-04
3.610629646573215723e-04
4.332755634095519781e-04
2.166377817047759891e-04
5.054881330579519272e-04
3.610629646573215723e-04
3.610629646573215723e-04
5.054881330579519272e-04
5.054881330579519272e-04
2.166377817047759891e-04
5.054881330579519272e-04
2.888503659050911665e-04
2.888503659050911665e-04
2.888503659050911665e-04
2.888503659050911665e-04
2.166377817047759891e-04
4.332755634095519781e-04
6.499133305624127388e-04
1.083188923075795174e-03
6.499133305624127388e-04
3.610629646573215723e-04
4.332755634095519781e-04
1.155401463620364666e-03
6.499133305624127388e-04
7.221259293146431446e-04
6.499133305624127388e-04
7.221259293146431446e-04
1.010976266115903854e-03
1.155401463620364666e-03
1.083188923075795174e-03
1.155401463620364666e-03
1.444251858629286289e-03
2.166377846151590347e-03
1.227614120580255985e-03
2.094165189191699028e-03
2.383015584200620651e-03
3.682842245325446129e-03
4.188330378383398056e-03
4.332755692303180695e-03
7.365684490650892258e-03
1.155401486903429031e-02
2.498555742204189301e-02
