8.333333134651184082e-01
3.333333507180213928e-02
6.666666828095912933e-03
6.666666828095912933e-03
1.333333365619182587e-02
0.000000000000000000e+00
0.000000000000000000e+00
0.000000000000000000e+00
6.666666828095912933e-03
0.000000000000000000e+00
6.666666828095912933e-03
0.000000000000000000e+00
0.000000000000000000e+00
0.000000000000000000e+00
0.000000000000000000e+00
0.000000000000000000e+00
0.000000000000000000e+00
0.000000000000000000e+00
0.000000000000000000e+00
0.000000000000000000e+00
0.000000000000000000e+00
6.666666828095912933e-03
0.000000000000000000e+00
0.000000000000000000e+00
1.333333365619182587e-02
0.000000000000000000e+00
0.000000000000000000e+00
6.666666828095912933e-03
0.000000000000000000e+00
0.000000000000000000e+00
6.666666828095912933e-03
0.000000000000000000e+00
0.000000000000000000e+00
6.666666828095912933e-03
1.333333365619182587e-02
0.000000000000000000e+00
0.000000000000000000e+00
0.000000000000000000e+00
1.333333365619182587e-02
0.000000000000000000e+00
0.000000000000000000e+00
0.000000000000000000e+00
0.000000000000000000e+00
0.000000000000000000e+00
0.000000000000000000e+00
0.000000000000000000e+00
0.000000000000000000e+00
0.000000000000000000e+00
0.000000000000000000e+00
0.000000000000000000e+00
0.000000000000000000e+00
0.000000000000000000e+00
6.666666828095912933e-03
0.000000000000000000e+00
0.000000000000000000e+00
0.000000000000000000e+00
0.000000000000000000e+00
0.000000000000000000e+00
0.000000000000000000e+00
0.000000000000000000e+00
0.000000000000000000e+00
0.000000000000000000e+00
0.000000000000000000e+00
0.000000000000000000e+00
0.000000000000000000e+00
6.666666828095912933e-03
0.000000000000000000e+00
0.000000000000000000e+00
0.000000000000000000e+00
0.000000000000000000e+00
0.000000000000000000e+00
0.000000000000000000e+00
6.666666828095912933e-03
0.000000000000000000e+00
6.666666828095912933e-03
0.000000000000000000e+00
0.000000000000000000e+00
0.000000000000000000e+00
0.000000000000000000e+00
0.000000000000000000e+00
0.000000000000000000e+00
0.000000000000000000e+00
0.000000000000000000e+00
0.000000000000000000e+00
0.000000000000000000e+00
0.000000000000000000e+00
0.000000000000000000e+00
0.000000000000000000e+00
0.000000000000000000e+00
0.000000000000000000e+00
0.000000000000000000e+00
0.000000000000000000e+00
0.000000000000000000e+00
0.000000000000000000e+00
0.000000000000000000e+00
0.000000000000000000e+00
0.000000000000000000e+00
0.000000000000000000e+00
0.000000000000000000e+00
