2.358036488294601440e-02
1.443695835769176483e-02
1.154956687241792679e-02
4.812319763004779816e-03
4.331087693572044373e-03
6.256015505641698837e-03
4.812319763004779816e-03
3.368623787537217140e-03
7.699711248278617859e-03
3.849855624139308929e-03
4.331087693572044373e-03
3.849855624139308929e-03
7.218479178845882416e-03
2.887391718104481697e-03
3.849855624139308929e-03
1.443695859052240849e-03
3.368623787537217140e-03
1.924927812069654465e-03
9.624639060348272324e-04
2.887391718104481697e-03
2.406159881502389908e-03
2.406159881502389908e-03
3.368623787537217140e-03
2.887391718104481697e-03
1.443695859052240849e-03
4.331087693572044373e-03
1.924927812069654465e-03
2.406159881502389908e-03
2.406159881502389908e-03
2.887391718104481697e-03
1.443695859052240849e-03
2.406159881502389908e-03
4.812319763004779816e-03
4.331087693572044373e-03
1.443695859052240849e-03
1.924927812069654465e-03
1.443695859052240849e-03
1.443695859052240849e-03
1.443695859052240849e-03
1.924927812069654465e-03
0.000000000000000000e+00
2.887391718104481697e-03
9.624639060348272324e-04
4.812319763004779816e-03
1.443695859052240849e-03
2.406159881502389908e-03
2.406159881502389908e-03
1.443695859052240849e-03
9.624639060348272324e-04
1.924927812069654465e-03
1.924927812069654465e-03
4.331087693572044373e-03
2.406159881502389908e-03
2.406159881502389908e-03
2.406159881502389908e-03
3.368623787537217140e-03
3.368623787537217140e-03
2.406159881502389908e-03
1.924927812069654465e-03
1.443695859052240849e-03
4.331087693572044373e-03
2.406159881502389908e-03
1.443695859052240849e-03
1.924927812069654465e-03
9.624639060348272324e-04
1.924927812069654465e-03
3.849855624139308929e-03
1.443695859052240849e-03
3.849855624139308929e-03
4.331087693572044373e-03
2.887391718104481697e-03
3.849855624139308929e-03
3.368623787537217140e-03
1.924927812069654465e-03
9.624639060348272324e-04
2.406159881502389908e-03
3.849855624139308929e-03
3.849855624139308929e-03
3.849855624139308929e-03
3.368623787537217140e-03
1.443695859052240849e-03
4.812319763004779816e-03
4.812319763004779816e-03
4.812319763004779816e-03
5.293551366776227951e-03
4.812319763004779816e-03
6.737247575074434280e-03
5.774783436208963394e-03
4.331087693572044373e-03
7.218479178845882416e-03
6.737247575074434280e-03
1.058710273355245590e-02
1.588065363466739655e-02
2.213666960597038269e-02
1.973051019012928009e-02
2.550529316067695618e-02
3.753609210252761841e-02
4.379210621118545532e-02
7.170356065034866333e-02
