4.896505852229893208e-04
2.670821268111467361e-04
8.902737317839637399e-05
1.335410634055733681e-04
4.451368658919818699e-05
4.451368658919818699e-05
4.451368658919818699e-05
8.902737317839637399e-05
0.000000000000000000e+00
8.902737317839637399e-05
1.335410634055733681e-04
8.902737317839637399e-05
0.000000000000000000e+00
8.902737317839637399e-05
4.451368658919818699e-05
0.000000000000000000e+00
4.451368658919818699e-05
4.451368658919818699e-05
4.451368658919818699e-05
1.780547463567927480e-04
8.902737317839637399e-05
4.451368658919818699e-05
8.902737317839637399e-05
8.902737317839637399e-05
8.902737317839637399e-05
8.902737317839637399e-05
0.000000000000000000e+00
8.902737317839637399e-05
0.000000000000000000e+00
1.335410634055733681e-04
4.451368658919818699e-05
4.451368658919818699e-05
2.225684438599273562e-04
0.000000000000000000e+00
0.000000000000000000e+00
0.000000000000000000e+00
0.000000000000000000e+00
4.451368658919818699e-05
4.451368658919818699e-05
8.902737317839637399e-05
4.451368658919818699e-05
1.780547463567927480e-04
4.451368658919818699e-05
0.000000000000000000e+00
0.000000000000000000e+00
8.902737317839637399e-05
8.902737317839637399e-05
4.451368658919818699e-05
8.902737317839637399e-05
0.000000000000000000e+00
0.000000000000000000e+00
1.335410634055733681e-04
8.902737317839637399e-05
4.451368658919818699e-05
0.000000000000000000e+00
4.451368658919818699e-05
8.902737317839637399e-05
4.451368658919818699e-05
0.000000000000000000e+00
8.902737317839637399e-05
4.451368658919818699e-05
4.451368658919818699e-05
4.451368658919818699e-05
4.451368658919818699e-05
8.902737317839637399e-05
2.225684438599273562e-04
4.451368658919818699e-05
4.451368658919818699e-05
1.335410634055733681e-04
8.902737317839637399e-05
1.335410634055733681e-04
8.902737317839637399e-05
8.902737317839637399e-05
1.335410634055733681e-04
0.000000000000000000e+00
8.902737317839637399e-05
1.335410634055733681e-04
1.780547463567927480e-04
1.335410634055733681e-04
8.902737317839637399e-05
1.780547463567927480e-04
4.006231902167201042e-04
1.335410634055733681e-04
3.561094927135854959e-04
3.115958243142813444e-04
3.115958243142813444e-04
4.006231902167201042e-04
3.115958243142813444e-04
3.115958243142813444e-04
1.335410634055733681e-04
5.786779220215976238e-04
1.780547463567927480e-04
1.023814780637621880e-03
5.786779220215976238e-04
7.567327120341360569e-04
1.468951697461307049e-03
1.602492760866880417e-03
3.160471795126795769e-03
6.187402643263339996e-03
