4.559437316557158226e+01
1.165400568542219162e+01
1.761995610458567674e+00
9.764089996175496777e-01
2.101499223573784825e+00
1.143198605479784469e+00
2.602916659098755581e+00
1.195043491138907177e+00
2.277439603402588553e+00
1.031164683636178525e+00
1.850657871442861202e+00
1.135774891441295953e+00
2.786002638741216231e+00
1.401774936774130120e+00
2.951994562774889808e+00
1.497399552038140014e+00
2.900925291975541054e+00
1.565974003904783363e+00
3.362305883204141921e+00
1.704453067162764457e+00
3.527379587124328086e+00
1.928157124996439764e+00
4.394824733462480815e+00
2.118959089259619955e+00
4.024036100131859861e+00
2.168715396180854516e+00
4.809181228392056973e+00
2.381065252680333977e+00
4.719244189219606866e+00
2.403340261702501479e+00
4.874856331268921927e+00
2.712615507497388556e+00
6.120256996079493916e+00
3.276159424587748337e+00
6.994797854091348910e+00
4.059090476760007782e+00
9.115512321345141444e+00
4.768020547904145090e+00
1.002201752685628122e+01
5.781612292850349277e+00
1.376652139864916258e+01
7.554818335544039698e+00
1.742423261321801320e+01
9.360310481029635810e+00
1.977709055058515375e+01
1.153107857811751380e+01
2.579131220980400130e+01
2.146861072347465793e+01
5.994964349103394596e+01
