4.049413140662895330e+03
1.019536447523357083e+03
1.815035255609875620e+01
8.002305431418927029e+00
1.334051383062874585e+01
5.524640396964012545e+00
9.149223405647886054e+00
3.987627310725693874e+00
6.813756496163479781e+00
3.863147860337497352e+00
8.967842434065010693e+00
2.780978005453602186e+00
2.268604652712308489e+00
2.210178554009675445e+00
6.741860570403929387e+00
2.230136332224613049e+00
2.245063414185697770e+00
2.266192893785304641e+00
6.869579975485033074e+00
3.376417384964479407e+00
6.814942334378880417e+00
4.595977889527543603e+00
1.122998117174389066e+01
4.429099243474031944e+00
6.665540964285200154e+00
3.855825098395444517e+00
8.864687620806712687e+00
3.889431448022191873e+00
6.698841053488156838e+00
2.811258155711830575e+00
4.537112766615992498e+00
2.848781986284735890e+00
6.691314209256928436e+00
1.645028598427030087e+00
1.644549717879141212e-02
1.144974666771852778e+00
4.399452634923155969e+00
1.129810001015901566e+00
1.630141042367018456e-02
5.582979873024590534e-01
2.202550192373881721e+00
2.274995319907387792e+00
6.596355929514925442e+00
2.871661719439024818e+00
4.538609283644484016e+00
2.287449436397838376e+00
4.394326398067569528e+00
4.479519878643454689e+00
1.345822958636232158e+01
