1.143418504993757415e+04
2.790644495119266594e+03
3.652261963515429244e+01
1.819121098146177573e+01
3.740844810266532505e+01
1.727888264767268467e+01
3.134696862106953930e+01
1.762351650160295335e+01
4.032048172527451158e+01
1.937327615516616319e+01
3.670034819533632486e+01
1.208026170559429779e+01
1.111894238773144750e+01
1.225336509277802399e+01
3.865509373117517811e+01
1.557461407761923411e+01
2.513597050861445936e+01
1.440358403174947988e+01
3.159681736704386168e+01
1.601754525967606568e+01
3.127716621663429919e+01
1.939492758689070584e+01
4.501750009949025610e+01
1.880085874299046367e+01
3.205922031819348206e+01
1.486006547632418950e+01
2.867624433579475962e+01
1.736250069799372042e+01
4.116824467151044331e+01
1.868415437892858577e+01
3.429460673396170023e+01
1.542855982601049369e+01
2.903855333660617788e+01
1.516400195796211037e+01
3.109322811833618871e+01
1.521530463869750527e+01
2.901641661666809568e+01
1.141288252644764256e+01
1.571769002971904960e+01
1.024280035437593561e+01
2.469362982897414938e+01
1.579122896899083806e+01
3.811662903434434213e+01
1.528411533824210089e+01
2.247270570215026453e+01
1.767980228289655642e+01
4.793355683779527965e+01
2.772376987061539211e+01
6.322293125160376803e+01
