3.602930266947300988e+05
8.910542424181094975e+04
7.460085833790553806e+02
3.609469404111295603e+02
7.129280600468234752e+02
4.042770079216394947e+02
9.402264485252154600e+02
4.239784667548463517e+02
7.316803705440585190e+02
3.536868516520026446e+02
6.806400549677928211e+02
3.172445240801908994e+02
5.897415100680844944e+02
3.245684189942151647e+02
6.641974181655743905e+02
3.130980455831793279e+02
5.825454646132095604e+02
2.889043337472340909e+02
5.612389207412386440e+02
3.042338842224397126e+02
6.786411680256006775e+02
3.525398033949069259e+02
7.222109978295775363e+02
2.905228702308250490e+02
4.377057259444387114e+02
2.244048011041278983e+02
4.745062146933125860e+02
2.394903310492437924e+02
4.906110308483039830e+02
2.317779973305269152e+02
4.541168793822288876e+02
2.770510750344511166e+02
6.920383064103674542e+02
2.751267792611059235e+02
4.148689056306792509e+02
2.291998600829075201e+02
4.934175237301910215e+02
1.748375985945721141e+02
2.243144025121942491e+02
1.389249582106542391e+02
3.360290832326220425e+02
1.909428841324419466e+02
4.206782087013870637e+02
1.301523861590521562e+02
1.115897465151256540e+02
3.896186212200422716e+01
4.421390098164508231e+01
5.980295225615709143e+01
1.966812629412950457e+02
