1.956918969833976348e-03
6.523063232779921158e-04
3.261531616389960579e-04
0.000000000000000000e+00
6.523063232779921158e-04
6.523063232779921158e-04
3.261531616389960579e-04
0.000000000000000000e+00
3.261531616389960579e-04
0.000000000000000000e+00
3.261531616389960579e-04
1.304612646555984232e-03
6.523063232779921158e-04
6.523063232779921158e-04
6.523063232779921158e-04
6.523063232779921158e-04
3.261531616389960579e-04
9.784594358322724981e-04
0.000000000000000000e+00
1.304612646555984232e-03
0.000000000000000000e+00
3.261531616389960579e-04
9.784594358322724981e-04
1.630765857279696182e-03
6.523063232779921158e-04
0.000000000000000000e+00
3.261531616389960579e-04
3.261531616389960579e-04
6.523063232779921158e-04
9.784595340017040663e-04
1.304612646555984232e-03
3.261531616389960579e-04
1.304612646555984232e-03
1.956918871664544996e-03
1.956919068003408133e-03
1.956918871664544996e-03
1.630765857279696182e-03
1.304612646555984232e-03
3.913837743329089992e-03
2.283072082388256947e-03
3.261531518220529228e-03
4.566144557454239299e-03
6.523063036441058456e-03
7.175369457888482357e-03
1.467689232283953850e-02
1.695996460156665858e-02
2.674456053060028649e-02
9.360596342781191126e-02
1.477473806223034813e+00
