1.435925208562327804e-01
3.704340480826581739e-02
4.786144103411831170e-03
2.978092099422456705e-03
7.205155492385602323e-03
3.011893477338092092e-03
5.240396696043043111e-03
3.539912108764523956e-03
8.657464455403537928e-03
3.821122425037481486e-03
7.024461626402813373e-03
4.162264598880528223e-03
9.838625636972318789e-03
4.159830249996923114e-03
7.168049299451133283e-03
4.358972123400216281e-03
9.790446246921612888e-03
5.749238895305995405e-03
1.288818546779076611e-02
5.401722934302076104e-03
8.525362237821619907e-03
5.197985441673954807e-03
1.211796127536700698e-02
7.684644634151706864e-03
1.828222322196253538e-02
9.140383191823935397e-03
1.919398388763255206e-02
9.939444915815697987e-03
2.030670000689835386e-02
1.033270228524277475e-02
2.277032548186989913e-02
1.258891635385246156e-02
2.851018113875063154e-02
1.657967521442335612e-02
3.657885888489245674e-02
1.808398086893782050e-02
3.499759314893508694e-02
2.035939684507687836e-02
4.632677375661358593e-02
2.926763868301236401e-02
6.877442945171290123e-02
3.727148067595317804e-02
7.623431179853279449e-02
5.299369338707066168e-02
1.287421795506721034e-01
1.007811156499825861e-01
2.726067654840918508e-01
1.107439607450693364e+00
4.011497481474807003e+00
